-1 0.068467 0.0680189 0.0694114 0.0457273 0.0460543 0.0461743
-0.996 0.0685367 0.0680881 0.069482 0.0457739 0.0461011 0.0462213
-0.992 0.0686058 0.0681567 0.069552 0.0458201 0.0461475 0.0462678
-0.988 0.0686743 0.0682246 0.0696214 0.0458658 0.0461935 0.0463139
-0.984 0.0687421 0.068292 0.0696901 0.0459111 0.0462391 0.0463596
-0.98 0.0688093 0.0683587 0.0697582 0.045956 0.0462843 0.0464049
-0.976 0.068876 0.0684248 0.0698256 0.0460005 0.046329 0.0464498
-0.972 0.0689419 0.0684903 0.0698925 0.0460446 0.0463734 0.0464942
-0.968 0.0690073 0.0685552 0.0699587 0.0460882 0.0464173 0.0465383
-0.964 0.0690721 0.0686195 0.0700243 0.0461315 0.0464608 0.0465819
-0.96 0.0691363 0.0686832 0.0700893 0.0461744 0.0465039 0.0466252
-0.956 0.0705479 0.0700727 0.0714751 0.0467525 0.0470741 0.0471965
-0.952 0.0729882 0.0724745 0.0738691 0.0477393 0.0480466 0.0481711
-0.948 0.0754061 0.0748543 0.0762413 0.0487171 0.0490102 0.0491368
-0.944 0.0778018 0.0772123 0.0785917 0.0496859 0.0499649 0.0500936
-0.94 0.0801756 0.0795487 0.0809205 0.0506458 0.0509109 0.0510416
-0.936 0.0825277 0.0818637 0.0832281 0.0515969 0.0518482 0.0519809
-0.932 0.0848581 0.0841574 0.0855144 0.0525393 0.0527769 0.0529117
-0.928 0.0871672 0.0864301 0.0877798 0.0534731 0.0536971 0.0538339
-0.924 0.0894551 0.0886819 0.0900244 0.0543982 0.0546089 0.0547476
-0.92 0.0917221 0.0909131 0.0922484 0.055315 0.0555123 0.0556529
-0.916 0.0939683 0.0931239 0.0944521 0.0562233 0.0564074 0.05655
-0.912 0.0961939 0.0953144 0.0966355 0.0571232 0.0572944 0.0574388
-0.908 0.098399 0.0974848 0.098799 0.058015 0.0581732 0.0583195
-0.904 0.100584 0.0996353 0.100943 0.0588985 0.0590439 0.0591921
-0.9 0.102749 0.101766 0.103066 0.059774 0.0599067 0.0600568
-0.896 0.104894 0.103877 0.105171 0.0606414 0.0607615 0.0609134
-0.892 0.107019 0.105969 0.107256 0.0615009 0.0616085 0.0617623
-0.888 0.109125 0.108042 0.109322 0.0623524 0.0624477 0.0626033
-0.884 0.111212 0.110096 0.111369 0.0631962 0.0632793 0.0634367
-0.88 0.113279 0.112131 0.113398 0.0640323 0.0641032 0.0642624
-0.876 0.115328 0.114147 0.115407 0.0648607 0.0649196 0.0650805
-0.872 0.117358 0.116145 0.117399 0.0656815 0.0657285 0.0658911
-0.868 0.119369 0.118124 0.119372 0.0664947 0.0665299 0.0666943
-0.864 0.121362 0.120085 0.121327 0.0673005 0.0673241 0.0674901
-0.86 0.123336 0.122029 0.123264 0.0680989 0.0681109 0.0682787
-0.856 0.125292 0.123954 0.125183 0.06889 0.0688905 0.06906
-0.852 0.127231 0.125862 0.127085 0.0696739 0.069663 0.0698341
-0.848 0.129151 0.127752 0.128969 0.0704505 0.0704284 0.0706012
-0.844 0.131054 0.129625 0.130836 0.0712201 0.0711868 0.0713612
-0.84 0.13294 0.131481 0.132686 0.0719826 0.0719382 0.0721142
-0.836 0.134808 0.13332 0.134519 0.0727381 0.0726827 0.0728604
-0.832 0.136659 0.135142 0.136335 0.0734866 0.0734204 0.0735997
-0.828 0.138494 0.136947 0.138134 0.0742283 0.0741514 0.0743322
-0.824 0.140311 0.138736 0.139917 0.0749632 0.0748756 0.075058
-0.82 0.142112 0.140508 0.141684 0.0756914 0.0755933 0.0757771
-0.816 0.143896 0.142264 0.143434 0.0764129 0.0763043 0.0764897
-0.812 0.145664 0.144004 0.145169 0.0771278 0.0770088 0.0771957
-0.808 0.147415 0.145728 0.146887 0.0778361 0.0777068 0.0778953
-0.804 0.149151 0.147437 0.14859 0.0785379 0.0783985 0.0785884
-0.8 0.150871 0.149129 0.150277 0.0792333 0.0790838 0.0792752
-0.796 0.152574 0.150806 0.151949 0.0799223 0.0797628 0.0799557
-0.792 0.154263 0.152468 0.153605 0.080605 0.0804356 0.08063
-0.788 0.155935 0.154114 0.155246 0.0812815 0.0811023 0.081298
-0.784 0.157593 0.155746 0.156872 0.0819517 0.0817628 0.08196
-0.78 0.159235 0.157362 0.158483 0.0826158 0.0824172 0.0826158
-0.776 0.160862 0.158963 0.16008 0.0832738 0.0830657 0.0832657
-0.772 0.162475 0.16055 0.161662 0.0839258 0.0837082 0.0839096
-0.768 0.164072 0.162123 0.163229 0.0845718 0.0843449 0.0845476
-0.764 0.165655 0.163681 0.164782 0.0852119 0.0849756 0.0851798
-0.76 0.167223 0.165224 0.16632 0.0858461 0.0856007 0.0858061
-0.756 0.168777 0.166754 0.167845 0.0864745 0.0862199 0.0864267
-0.752 0.170317 0.168269 0.169356 0.0870971 0.0868335 0.0870417
-0.748 0.171843 0.169771 0.170852 0.087714 0.0874415 0.0876509
-0.744 0.173354 0.171258 0.172335 0.0883253 0.0880439 0.0882546
-0.74 0.174852 0.172733 0.173805 0.088931 0.0886408 0.0888528
-0.736 0.176336 0.174193 0.175261 0.0895311 0.0892322 0.0894455
-0.732 0.177807 0.17564 0.176703 0.0901257 0.0898182 0.0900327
-0.728 0.179264 0.177074 0.178133 0.0907148 0.0903988 0.0906146
-0.724 0.180707 0.178495 0.179549 0.0912986 0.0909741 0.0911911
-0.72 0.182137 0.179903 0.180952 0.091877 0.0915441 0.0917624
-0.716 0.183555 0.181298 0.182342 0.0924501 0.0921089 0.0923284
-0.712 0.184959 0.18268 0.18372 0.0930179 0.0926685 0.0928892
-0.708 0.18635 0.184049 0.185085 0.0935806 0.093223 0.0934449
-0.704 0.187729 0.185406 0.186438 0.0941381 0.0937724 0.0939954
-0.7 0.189095 0.186751 0.187778 0.0946904 0.0943167 0.094541
-0.696 0.190448 0.188083 0.189106 0.0952378 0.0948561 0.0950815
-0.692 0.191789 0.189403 0.190421 0.09578 0.0953905 0.0956171
-0.688 0.193118 0.190711 0.191725 0.0963174 0.0959201 0.0961477
-0.684 0.194435 0.192006 0.193016 0.0968497 0.0964447 0.0966736
-0.68 0.195739 0.19329 0.194296 0.0973773 0.0969646 0.0971945
-0.676 0.19737 0.194899 0.195895 0.0979103 0.0974955 0.0977267
-0.672 0.199604 0.197109 0.198083 0.0984573 0.0980505 0.0982832
-0.668 0.201818 0.199299 0.200251 0.0989993 0.0986005 0.0988346
-0.664 0.204011 0.201468 0.2024 0.0995364 0.0991454 0.099381
-0.66 0.206185 0.203618 0.204529 0.100068 0.0996853 0.0999223
-0.656 0.208338 0.205748 0.206638 0.100596 0.10022 0.100459
-0.652 0.210472 0.207858 0.208728 0.101118 0.10075 0.10099
-0.648 0.212586 0.20995 0.210798 0.101636 0.101276 0.101517
-0.644 0.214681 0.212022 0.21285 0.102149 0.101796 0.102039
-0.64 0.216756 0.214075 0.214883 0.102657 0.102311 0.102556
-0.636 0.218813 0.216109 0.216898 0.10316 0.102822 0.103068
-0.632 0.22085 0.218124 0.218893 0.103659 0.103329 0.103575
-0.628 0.222869 0.220121 0.220871 0.104154 0.10383 0.104078
-0.624 0.22487 0.2221 0.22283 0.104643 0.104327 0.104577
-0.62 0.226852 0.224061 0.224772 0.105129 0.104819 0.10507
-0.616 0.228816 0.226003 0.226695 0.10561 0.105307 0.105559
-0.612 0.230762 0.227928 0.228601 0.106086 0.105791 0.106044
-0.608 0.23269 0.229835 0.23049 0.106558 0.10627 0.106524
-0.604 0.234601 0.231725 0.232361 0.107026 0.106744 0.107
-0.6 0.236494 0.233597 0.234215 0.107489 0.107215 0.107472
-0.596 0.238369 0.235453 0.236052 0.107948 0.107681 0.107939
-0.592 0.240228 0.237291 0.237873 0.108403 0.108142 0.108402
-0.588 0.242069 0.239112 0.239676 0.108854 0.1086 0.10886
-0.584 0.243893 0.240917 0.241463 0.109301 0.109053 0.109315
-0.58 0.245701 0.242705 0.243234 0.109744 0.109502 0.109765
-0.576 0.247492 0.244476 0.244988 0.110182 0.109947 0.110211
-0.572 0.249267 0.246232 0.246727 0.110617 0.110388 0.110653
-0.568 0.251026 0.247971 0.248449 0.111047 0.110825 0.111091
-0.564 0.252768 0.249695 0.250156 0.111474 0.111257 0.111525
-0.56 0.254494 0.251402 0.251846 0.111896 0.111686 0.111955
-0.556 0.256205 0.253094 0.253522 0.112315 0.112111 0.112381
-0.552 0.2579 0.254771 0.255182 0.11273 0.112532 0.112804
-0.548 0.259579 0.256432 0.256827 0.113141 0.112949 0.113222
-0.544 0.261243 0.258078 0.258457 0.113549 0.113363 0.113636
-0.54 0.262892 0.259708 0.260071 0.113952 0.113772 0.114047
-0.536 0.264525 0.261324 0.261672 0.114352 0.114178 0.114454
-0.532 0.266144 0.262925 0.263257 0.114749 0.11458 0.114857
-0.528 0.267748 0.264511 0.264828 0.115141 0.114979 0.115257
-0.524 0.269337 0.266083 0.266384 0.11553 0.115373 0.115652
-0.52 0.270911 0.267641 0.267926 0.115916 0.115765 0.116045
-0.516 0.272471 0.269184 0.269454 0.116298 0.116152 0.116433
-0.512 0.274017 0.270713 0.270968 0.116676 0.116536 0.116818
-0.508 0.275543 0.272231 0.272469 0.11705 0.116914 0.117196
-0.504 0.276968 0.273781 0.273967 0.1174 0.117259 0.117526
-0.5 0.27838 0.275318 0.275451 0.117747 0.117601 0.117852
-0.496 0.279779 0.27684 0.276922 0.118091 0.117939 0.118176
-0.492 0.281165 0.278349 0.278379 0.118431 0.118274 0.118496
-0.488 0.282539 0.279843 0.279823 0.118769 0.118606 0.118814
-0.484 0.2839 0.281324 0.281254 0.119103 0.118936 0.119129
-0.48 0.285248 0.282792 0.282671 0.119435 0.119262 0.119441
-0.476 0.286584 0.284246 0.284076 0.119763 0.119585 0.119749
-0.472 0.287908 0.285686 0.285467 0.120088 0.119905 0.120056
-0.468 0.28922 0.287114 0.286846 0.12041 0.120222 0.120359
-0.464 0.29052 0.288528 0.288212 0.12073 0.120537 0.120659
-0.46 0.291808 0.289929 0.289566 0.121046 0.120848 0.120957
-0.456 0.293084 0.291318 0.290907 0.12136 0.121157 0.121252
-0.452 0.294348 0.292693 0.292236 0.12167 0.121463 0.121544
-0.448 0.295601 0.294056 0.293553 0.121978 0.121766 0.121834
-0.444 0.296842 0.295407 0.294858 0.122283 0.122066 0.122121
-0.44 0.298072 0.296745 0.29615 0.122585 0.122363 0.122405
-0.436 0.29929 0.298071 0.297431 0.122885 0.122658 0.122687
-0.432 0.300498 0.299385 0.2987 0.123181 0.12295 0.122966
-0.428 0.301694 0.300687 0.299958 0.123475 0.123239 0.123243
-0.424 0.30288 0.301977 0.301204 0.123766 0.123526 0.123517
-0.42 0.304054 0.303255 0.302438 0.124055 0.12381 0.123789
-0.416 0.305218 0.304521 0.303662 0.124341 0.124091 0.124058
-0.412 0.306371 0.305776 0.304874 0.124624 0.12437 0.124324
-0.408 0.307513 0.307019 0.306075 0.124905 0.124647 0.124588
-0.404 0.308645 0.308251 0.307264 0.125183 0.12492 0.12485
-0.4 0.309767 0.309471 0.308443 0.125459 0.125192 0.12511
-0.396 0.310878 0.31068 0.309612 0.125732 0.12546 0.125367
-0.392 0.31198 0.311879 0.310769 0.126002 0.125727 0.125621
-0.388 0.313071 0.313066 0.311916 0.12627 0.125991 0.125873
-0.384 0.314133 0.31417 0.313047 0.126567 0.126295 0.126182
-0.38 0.315179 0.315236 0.314164 0.126875 0.126614 0.126511
-0.376 0.316215 0.316291 0.315272 0.12718 0.12693 0.126838
-0.372 0.317241 0.317337 0.31637 0.127481 0.127243 0.127161
-0.368 0.318258 0.318373 0.317457 0.127781 0.127554 0.127482
-0.364 0.319266 0.3194 0.318535 0.128077 0.127861 0.127799
-0.36 0.320264 0.320417 0.319602 0.128371 0.128166 0.128114
-0.356 0.321254 0.321425 0.32066 0.128661 0.128468 0.128425
-0.352 0.322234 0.322424 0.321708 0.12895 0.128767 0.128734
-0.348 0.323205 0.323413 0.322746 0.129235 0.129063 0.12904
-0.344 0.324168 0.324394 0.323775 0.129518 0.129357 0.129344
-0.34 0.325121 0.325365 0.324795 0.129799 0.129648 0.129644
-0.336 0.326066 0.326328 0.325805 0.130077 0.129936 0.129942
-0.332 0.327002 0.327282 0.326806 0.130352 0.130222 0.130237
-0.328 0.327929 0.328227 0.327798 0.130625 0.130505 0.130529
-0.324 0.328848 0.329163 0.32878 0.130895 0.130786 0.130819
-0.32 0.329759 0.330091 0.329754 0.131163 0.131064 0.131106
-0.316 0.330661 0.33101 0.330719 0.131428 0.131339 0.13139
-0.312 0.331555 0.331921 0.331675 0.131691 0.131612 0.131672
-0.308 0.332441 0.332823 0.332622 0.131952 0.131882 0.131951
-0.304 0.333319 0.333717 0.33356 0.13221 0.13215 0.132227
-0.3 0.334188 0.334603 0.33449 0.132465 0.132415 0.132501
-0.296 0.33505 0.335481 0.335411 0.132719 0.132678 0.132773
-0.292 0.335901 0.336348 0.336321 0.13297 0.132939 0.133042
-0.288 0.336545 0.336976 0.336971 0.13323 0.133199 0.133319
-0.284 0.337183 0.337598 0.337615 0.133488 0.133457 0.133593
-0.28 0.337816 0.338214 0.338253 0.133744 0.133712 0.133864
-0.276 0.338442 0.338824 0.338886 0.133997 0.133965 0.134134
-0.272 0.339063 0.339429 0.339512 0.134248 0.134216 0.1344
-0.268 0.339678 0.340028 0.340133 0.134496 0.134465 0.134665
-0.264 0.340287 0.340621 0.340748 0.134742 0.134711 0.134926
-0.26 0.340891 0.34121 0.341357 0.134986 0.134955 0.135186
-0.256 0.341489 0.341793 0.341961 0.135228 0.135196 0.135443
-0.252 0.342082 0.34237 0.342559 0.135468 0.135436 0.135698
-0.248 0.34267 0.342942 0.343152 0.135705 0.135673 0.13595
-0.244 0.343251 0.343509 0.343739 0.13594 0.135908 0.1362
-0.24 0.343828 0.344071 0.344321 0.136173 0.136141 0.136448
-0.236 0.344399 0.344628 0.344898 0.136404 0.136372 0.136693
-0.232 0.344966 0.345179 0.345469 0.136633 0.136601 0.136936
-0.228 0.345526 0.345726 0.346035 0.136859 0.136828 0.137177
-0.224 0.346082 0.346267 0.346596 0.137084 0.137052 0.137416
-0.22 0.346633 0.346803 0.347152 0.137307 0.137275 0.137653
-0.216 0.347178 0.347335 0.347703 0.137527 0.137495 0.137887
-0.212 0.347516 0.347671 0.348037 0.137743 0.137705 0.1381
-0.208 0.347699 0.34786 0.348211 0.137955 0.137907 0.138296
-0.204 0.347881 0.348048 0.348383 0.138165 0.138107 0.13849
-0.2 0.34806 0.348234 0.348553 0.138374 0.138306 0.138682
-0.196 0.348239 0.348418 0.348722 0.13858 0.138502 0.138873
-0.192 0.348415 0.348601 0.34889 0.138785 0.138697 0.139062
-0.188 0.34859 0.348782 0.349056 0.138987 0.13889 0.139249
-0.184 0.348763 0.348962 0.34922 0.139188 0.139081 0.139435
-0.18 0.348935 0.349139 0.349383 0.139387 0.139271 0.139618
-0.176 0.349105 0.349316 0.349544 0.139584 0.139458 0.1398
-0.172 0.349273 0.34949 0.349704 0.139779 0.139644 0.139981
-0.168 0.34944 0.349663 0.349863 0.139973 0.139829 0.140159
-0.164 0.349606 0.349834 0.35002 0.140164 0.140011 0.140336
-0.16 0.34977 0.350004 0.350175 0.140354 0.140192 0.140512
-0.156 0.349932 0.350172 0.35033 0.140543 0.140371 0.140686
-0.152 0.350093 0.350339 0.350482 0.140729 0.140549 0.140858
-0.148 0.350225 0.350475 0.350605 0.140912 0.140725 0.141027
-0.144 0.350074 0.350319 0.350441 0.141079 0.140899 0.141178
-0.14 0.349924 0.350164 0.350279 0.141245 0.141071 0.141328
-0.136 0.349775 0.35001 0.350118 0.141408 0.141242 0.141477
-0.132 0.349628 0.349858 0.349958 0.141571 0.141411 0.141624
-0.128 0.349482 0.349707 0.3498 0.141731 0.141578 0.14177
-0.124 0.349337 0.349557 0.349644 0.141891 0.141744 0.141915
-0.12 0.349194 0.349409 0.349488 0.142049 0.141909 0.142058
-0.116 0.349052 0.349262 0.349335 0.142205 0.142072 0.1422
-0.112 0.348912 0.349117 0.349182 0.14236 0.142233 0.14234
-0.108 0.348772 0.348973 0.349031 0.142514 0.142393 0.14248
-0.104 0.348634 0.34883 0.348882 0.142666 0.142552 0.142618
-0.1 0.348498 0.348689 0.348733 0.142817 0.142709 0.142754
-0.096 0.348362 0.348548 0.348587 0.142966 0.142865 0.14289
-0.092 0.348228 0.348409 0.348441 0.143114 0.143019 0.143024
-0.088 0.347919 0.348089 0.348122 0.143258 0.143177 0.143162
-0.084 0.347564 0.347722 0.347757 0.1434 0.143336 0.143299
-0.08 0.347212 0.347358 0.347395 0.143541 0.143493 0.143436
-0.076 0.346864 0.346997 0.347037 0.143681 0.143648 0.143571
-0.072 0.346519 0.346639 0.346681 0.143819 0.143803 0.143705
-0.068 0.346177 0.346285 0.34633 0.143956 0.143955 0.143837
-0.064 0.345838 0.345934 0.345981 0.144092 0.144107 0.143969
-0.06 0.345502 0.345586 0.345636 0.144227 0.144257 0.144099
-0.056 0.34517 0.345241 0.345293 0.14436 0.144405 0.144228
-0.052 0.34484 0.3449 0.344954 0.144492 0.144552 0.144356
-0.048 0.344514 0.344562 0.344618 0.144623 0.144698 0.144483
-0.044 0.34419 0.344226 0.344285 0.144753 0.144843 0.144608
-0.04 0.343854 0.34388 0.343941 0.144884 0.144987 0.144737
-0.036 0.343431 0.343453 0.343513 0.145028 0.145139 0.144888
-0.032 0.343012 0.34303 0.34309 0.145171 0.14529 0.145038
-0.028 0.342597 0.34261 0.34267 0.145312 0.145439 0.145187
-0.024 0.342185 0.342195 0.342254 0.145453 0.145587 0.145334
-0.02 0.341777 0.341783 0.341842 0.145592 0.145734 0.14548
-0.016 0.341373 0.341375 0.341434 0.14573 0.145879 0.145625
-0.012 0.340973 0.340971 0.341029 0.145866 0.146023 0.145768
-0.008 0.340576 0.34057 0.340628 0.146001 0.146165 0.145911
-0.004 0.340183 0.340173 0.340231 0.146135 0.146306 0.146051
0 0.339794 0.33978 0.339837 0.146268 0.146446 0.146191
0.004 0.339408 0.339391 0.339447 0.1464 0.146585 0.146329
0.008 0.338976 0.338963 0.339015 0.146546 0.146729 0.146488
0.012 0.338537 0.33853 0.338576 0.146694 0.146874 0.14665
0.016 0.338102 0.338101 0.338142 0.14684 0.147017 0.14681
0.02 0.337671 0.337675 0.337711 0.146985 0.147159 0.146969
0.024 0.337244 0.337254 0.337285 0.147129 0.147299 0.147126
0.028 0.336821 0.336837 0.336862 0.147272 0.147438 0.147283
0.032 0.336402 0.336423 0.336443 0.147413 0.147576 0.147437
0.036 0.335986 0.336014 0.336028 0.147553 0.147713 0.14759
0.04 0.335575 0.335608 0.335617 0.147692 0.147849 0.147742
0.044 0.335167 0.335205 0.33521 0.147829 0.147983 0.147893
0.048 0.334715 0.334761 0.33476 0.147968 0.148116 0.148044
0.052 0.334232 0.334286 0.334279 0.148108 0.148249 0.148196
0.056 0.333754 0.333815 0.333802 0.148246 0.14838 0.148347
0.06 0.33328 0.333348 0.33333 0.148384 0.14851 0.148496
0.064 0.33281 0.332886 0.332862 0.14852 0.148639 0.148644
0.068 0.332345 0.332429 0.332399 0.148654 0.148766 0.148791
0.072 0.331883 0.331975 0.33194 0.148788 0.148893 0.148936
0.076 0.331426 0.331525 0.331485 0.14892 0.149018 0.14908
0.08 0.330974 0.33108 0.331034 0.149051 0.149142 0.149222
0.084 0.330505 0.330618 0.330567 0.14918 0.149264 0.149361
0.088 0.329964 0.330081 0.330027 0.149301 0.14938 0.149485
0.092 0.329429 0.329548 0.329492 0.149422 0.149495 0.149609
0.096 0.328898 0.32902 0.328963 0.149541 0.149609 0.149732
0.1 0.328372 0.328498 0.328438 0.149659 0.149722 0.149853
0.104 0.327851 0.32798 0.327917 0.149776 0.149834 0.149974
0.108 0.327335 0.327466 0.327402 0.149892 0.149945 0.150093
0.112 0.326823 0.326958 0.326891 0.150007 0.150055 0.150211
0.116 0.326317 0.326454 0.326385 0.150121 0.150164 0.150328
0.12 0.325766 0.325903 0.325835 0.150225 0.150265 0.150431
0.124 0.325186 0.325321 0.325254 0.150322 0.15036 0.150522
0.128 0.324612 0.324745 0.324679 0.150418 0.150453 0.150613
0.132 0.324043 0.324174 0.32411 0.150513 0.150546 0.150703
0.136 0.323479 0.323608 0.323545 0.150607 0.150638 0.150793
0.14 0.32292 0.323047 0.322986 0.1507 0.15073 0.150881
0.144 0.322367 0.322491 0.322432 0.150792 0.15082 0.150969
0.148 0.321818 0.321941 0.321882 0.150884 0.15091 0.151056
0.152 0.321233 0.321352 0.321296 0.150959 0.150985 0.151124
0.156 0.320625 0.32074 0.320687 0.151024 0.15105 0.151181
0.16 0.320023 0.320133 0.320084 0.151089 0.151114 0.151237
0.164 0.319426 0.319532 0.319486 0.151152 0.151178 0.151292
0.168 0.318835 0.318936 0.318893 0.151216 0.151242 0.151347
0.172 0.318249 0.318346 0.318306 0.151278 0.151304 0.151401
0.176 0.317668 0.317761 0.317724 0.15134 0.151367 0.151455
0.18 0.317084 0.317173 0.317139 0.151396 0.151423 0.151503
0.184 0.316458 0.316542 0.316512 0.151424 0.151452 0.151522
0.188 0.315837 0.315917 0.31589 0.151451 0.15148 0.151542
0.192 0.315222 0.315297 0.315274 0.151478 0.151508 0.151561
0.196 0.314613 0.314684 0.314664 0.151505 0.151536 0.151579
0.2 0.314009 0.314076 0.314059 0.151531 0.151563 0.151598
0.204 0.313411 0.313474 0.31346 0.151557 0.151591 0.151617
0.208 0.31281 0.312869 0.312858 0.151576 0.151611 0.151629
0.212 0.31218 0.312237 0.312228 0.151566 0.151602 0.151614
0.216 0.311556 0.311611 0.311604 0.151556 0.151593 0.1516
0.22 0.310938 0.310991 0.310986 0.151547 0.151585 0.151586
0.224 0.310326 0.310376 0.310374 0.151537 0.151576 0.151573
0.228 0.309719 0.309768 0.309767 0.151527 0.151568 0.151559
0.232 0.309118 0.309164 0.309165 0.151518 0.151559 0.151546
0.236 0.308501 0.308547 0.308549 0.151487 0.15153 0.151513
0.24 0.307878 0.307924 0.307927 0.151445 0.151489 0.15147
0.244 0.307262 0.307307 0.307311 0.151404 0.151448 0.151428
0.248 0.306651 0.306696 0.306701 0.151363 0.151408 0.151386
0.252 0.306045 0.306091 0.306096 0.151322 0.151368 0.151345
0.256 0.305445 0.305491 0.305497 0.151281 0.151329 0.151304
0.26 0.304839 0.304885 0.304892 0.151227 0.151276 0.15125
0.264 0.304227 0.304274 0.30428 0.151159 0.151208 0.151184
0.268 0.303619 0.303668 0.303674 0.151091 0.151142 0.151117
0.272 0.303018 0.303067 0.303073 0.151024 0.151075 0.151052
0.276 0.302422 0.302472 0.302478 0.150958 0.15101 0.150987
0.28 0.301831 0.301883 0.301889 0.150892 0.150945 0.150923
0.284 0.301235 0.301288 0.301294 0.150811 0.150864 0.150844
0.288 0.300638 0.300693 0.300698 0.150721 0.150776 0.150757
0.292 0.300046 0.300103 0.300108 0.150633 0.150688 0.150671
0.296 0.29946 0.299519 0.299523 0.150545 0.150601 0.150586
0.3 0.29888 0.29894 0.298944 0.150459 0.150515 0.150502
0.304 0.298303 0.298365 0.298368 0.15037 0.150427 0.150416
0.308 0.297716 0.297779 0.297782 0.150265 0.150322 0.150314
0.312 0.297134 0.297199 0.297201 0.150161 0.150219 0.150212
0.316 0.296558 0.296625 0.296626 0.150058 0.150116 0.150111
0.32 0.295987 0.296056 0.296056 0.149955 0.150014 0.150011
0.324 0.295421 0.295491 0.295492 0.149854 0.149913 0.149912
0.328 0.294845 0.294917 0.294916 0.14974 0.1498 0.1498
0.332 0.294272 0.294344 0.294343 0.149625 0.149685 0.149687
0.336 0.293703 0.293777 0.293776 0.149511 0.149571 0.149574
0.34 0.29314 0.293215 0.293213 0.149397 0.149458 0.149462
0.344 0.292582 0.292657 0.292656 0.149285 0.149346 0.149352
0.348 0.292014 0.29209 0.292088 0.149163 0.149223 0.14923
0.352 0.291448 0.291524 0.291522 0.149038 0.149099 0.149106
0.356 0.290886 0.290963 0.290961 0.148915 0.148976 0.148984
0.36 0.29033 0.290407 0.290405 0.148793 0.148855 0.148863
0.364 0.289779 0.289857 0.289854 0.148673 0.148734 0.148742
0.368 0.289215 0.289292 0.28929 0.148539 0.148601 0.148609
0.372 0.288655 0.288733 0.28873 0.148407 0.148469 0.148477
0.376 0.288101 0.288178 0.288176 0.148277 0.148338 0.148346
0.38 0.287551 0.287629 0.287626 0.148147 0.148208 0.148217
0.384 0.287 0.287077 0.287075 0.148013 0.148074 0.148083
0.388 0.286442 0.286519 0.286517 0.147873 0.147934 0.147942
0.392 0.285889 0.285966 0.285964 0.147734 0.147795 0.147803
0.396 0.285342 0.285418 0.285416 0.147597 0.147657 0.147664
0.4 0.284799 0.284875 0.284873 0.14746 0.147521 0.147528
0.404 0.284244 0.28432 0.284318 0.147312 0.147372 0.147378
0.408 0.283694 0.283769 0.283767 0.147164 0.147225 0.14723
0.412 0.283149 0.283223 0.283222 0.147018 0.147079 0.147083
0.416 0.282608 0.282683 0.282681 0.146874 0.146934 0.146938
0.42 0.282061 0.282134 0.282133 0.14672 0.14678 0.146783
0.424 0.281514 0.281587 0.281586 0.146563 0.146623 0.146626
0.428 0.280972 0.281044 0.281044 0.146408 0.146468 0.14647
0.432 0.280435 0.280507 0.280506 0.146255 0.146314 0.146316
0.436 0.279892 0.279964 0.279964 0.146092 0.146152 0.146153
0.44 0.27935 0.279421 0.279421 0.145926 0.145986 0.145986
0.444 0.278812 0.278882 0.278882 0.145762 0.145821 0.145821
0.448 0.278279 0.278349 0.278349 0.145599 0.145658 0.145658
0.452 0.27774 0.27781 0.27781 0.145426 0.145485 0.145484
0.456 0.277201 0.277271 0.277271 0.14525 0.14531 0.145308
0.46 0.276668 0.276737 0.276738 0.145076 0.145135 0.145134
0.464 0.276139 0.276208 0.276209 0.144904 0.144963 0.144961
0.468 0.275601 0.27567 0.275671 0.144718 0.144777 0.144775
0.472 0.275067 0.275136 0.275136 0.144533 0.144592 0.14459
0.476 0.274537 0.274606 0.274607 0.14435 0.144409 0.144406
0.48 0.274009 0.274078 0.274078 0.144164 0.144223 0.14422
0.484 0.273474 0.273543 0.273543 0.143968 0.144027 0.144025
0.488 0.272944 0.273013 0.273013 0.143774 0.143833 0.143831
0.492 0.272419 0.272488 0.272488 0.143582 0.143641 0.143638
0.496 0.271891 0.271959 0.27196 0.143382 0.143441 0.143439
0.5 0.271364 0.271433 0.271434 0.14318 0.143239 0.143237
0.504 0.270843 0.270912 0.270912 0.14298 0.143039 0.143037
0.508 0.270325 0.270394 0.270394 0.142779 0.142838 0.142836
0.512 0.269808 0.269877 0.269878 0.142573 0.142632 0.14263
0.516 0.269296 0.269365 0.269366 0.142369 0.142428 0.142426
0.52 0.268789 0.268858 0.268859 0.142167 0.142226 0.142224
0.524 0.268288 0.268358 0.268358 0.141961 0.14202 0.142018
0.528 0.267793 0.267862 0.267863 0.141756 0.141815 0.141814
0.532 0.267301 0.267371 0.267372 0.141553 0.141613 0.141611
0.536 0.266821 0.266891 0.266891 0.141351 0.14141 0.141409
0.54 0.266347 0.266417 0.266417 0.14115 0.141209 0.141209
0.544 0.265878 0.265948 0.265948 0.140951 0.14101 0.14101
0.548 0.265421 0.265492 0.265492 0.140755 0.140814 0.140814
0.552 0.264976 0.265046 0.265047 0.140561 0.14062 0.14062
0.556 0.264534 0.264605 0.264605 0.140369 0.140428 0.140428
0.56 0.264108 0.264179 0.264179 0.140181 0.140241 0.140241
0.564 0.263696 0.263767 0.263767 0.139998 0.140058 0.140058
0.568 0.263289 0.26336 0.26336 0.139817 0.139876 0.139876
0.572 0.2629 0.262971 0.262971 0.139642 0.139701 0.139702
0.576 0.262528 0.262599 0.262599 0.139472 0.139532 0.139532
0.58 0.262159 0.262231 0.26223 0.139304 0.139364 0.139364
0.584 0.261817 0.261888 0.261888 0.139146 0.139205 0.139206
0.588 0.261489 0.26156 0.26156 0.138993 0.139052 0.139053
0.592 0.261164 0.261235 0.261235 0.138841 0.138901 0.138901
0.596 0.260868 0.26094 0.26094 0.1387 0.13876 0.13876
0.6 0.260581 0.260652 0.260652 0.138562 0.138622 0.138622
0.604 0.260298 0.26037 0.260369 0.138426 0.138486 0.138486
0.608 0.26004 0.260111 0.260111 0.138299 0.138358 0.138359
0.612 0.259784 0.259855 0.259855 0.138173 0.138232 0.138233
0.616 0.259538 0.25961 0.259609 0.13805 0.13811 0.138111
0.62 0.259305 0.259376 0.259376 0.137932 0.137992 0.137992
0.624 0.259073 0.259144 0.259144 0.137815 0.137874 0.137875
0.628 0.258852 0.258924 0.258923 0.137701 0.137761 0.137761
0.632 0.258635 0.258707 0.258707 0.137589 0.137649 0.137649
0.636 0.258422 0.258493 0.258493 0.137478 0.137537 0.137538
0.64 0.258212 0.258284 0.258283 0.137368 0.137428 0.137428
0.644 0.258005 0.258076 0.258076 0.137259 0.137319 0.137319
0.648 0.257797 0.257868 0.257868 0.137149 0.137209 0.137209
0.652 0.25759 0.257661 0.257661 0.13704 0.137099 0.137099
0.656 0.257381 0.257452 0.257452 0.136929 0.136989 0.136989
0.66 0.257168 0.257239 0.257239 0.136816 0.136876 0.136876
0.664 0.256956 0.257027 0.257027 0.136705 0.136764 0.136764
0.668 0.25673 0.256801 0.256801 0.136586 0.136645 0.136645
0.672 0.256505 0.256576 0.256576 0.136468 0.136528 0.136528
0.676 0.256267 0.256338 0.256338 0.136345 0.136404 0.136404
0.68 0.256022 0.256093 0.256093 0.136219 0.136278 0.136278
0.684 0.255768 0.255839 0.255839 0.136089 0.136148 0.136148
0.688 0.255498 0.255568 0.255568 0.135952 0.136011 0.136011
0.692 0.255226 0.255296 0.255296 0.135814 0.135874 0.135873
0.696 0.25493 0.255001 0.255001 0.135667 0.135726 0.135726
0.7 0.254637 0.254708 0.254708 0.13552 0.13558 0.13558
0.704 0.254322 0.254393 0.254393 0.135365 0.135424 0.135424
0.708 0.254009 0.254079 0.254079 0.135209 0.135269 0.135268
0.712 0.25368 0.25375 0.25375 0.135048 0.135107 0.135107
0.716 0.253349 0.25342 0.25342 0.134885 0.134944 0.134944
0.72 0.253008 0.253079 0.253079 0.134718 0.134777 0.134777
0.724 0.252665 0.252736 0.252736 0.13455 0.134609 0.134609
0.728 0.252315 0.252386 0.252386 0.134378 0.134437 0.134437
0.732 0.251962 0.252033 0.252033 0.134206 0.134265 0.134265
0.736 0.251606 0.251677 0.251677 0.134031 0.13409 0.13409
0.74 0.251248 0.251319 0.251319 0.133855 0.133915 0.133914
0.744 0.250888 0.250959 0.250959 0.133679 0.133738 0.133738
0.748 0.250528 0.250599 0.250599 0.133502 0.133561 0.133561
0.752 0.250169 0.25024 0.25024 0.133324 0.133384 0.133383
0.756 0.249811 0.249882 0.249882 0.133147 0.133207 0.133207
0.76 0.249456 0.249527 0.249527 0.132971 0.13303 0.13303
0.764 0.249104 0.249174 0.249174 0.132795 0.132855 0.132854
0.768 0.248757 0.248828 0.248828 0.132621 0.13268 0.13268
0.772 0.248414 0.248484 0.248484 0.132448 0.132508 0.132508
0.776 0.24808 0.24815 0.24815 0.132278 0.132338 0.132337
0.78 0.247751 0.247821 0.247821 0.13211 0.132169 0.132169
0.784 0.247432 0.247503 0.247503 0.131945 0.132005 0.132005
0.788 0.247122 0.247193 0.247193 0.131784 0.131843 0.131843
0.792 0.246822 0.246893 0.246893 0.131625 0.131684 0.131684
0.796 0.246531 0.246602 0.246602 0.13147 0.131529 0.131529
0.8 0.246247 0.246318 0.246318 0.131317 0.131377 0.131377
0.804 0.245975 0.246046 0.246046 0.131169 0.131228 0.131228
0.808 0.245708 0.245779 0.245779 0.131022 0.131081 0.131081
0.812 0.245451 0.245522 0.245522 0.130878 0.130938 0.130938
0.816 0.2452 0.245271 0.245271 0.130737 0.130796 0.130796
0.82 0.244955 0.245026 0.245026 0.130598 0.130657 0.130657
0.824 0.244718 0.244789 0.244789 0.130461 0.130521 0.130521
0.828 0.244486 0.244557 0.244557 0.130327 0.130386 0.130386
0.832 0.24426 0.244331 0.244331 0.130194 0.130254 0.130254
0.836 0.244038 0.244109 0.244109 0.130064 0.130123 0.130123
0.84 0.243821 0.243892 0.243892 0.129935 0.129994 0.129994
0.844 0.243609 0.243679 0.243679 0.129808 0.129867 0.129867
0.848 0.243399 0.24347 0.24347 0.129682 0.129741 0.129741
0.852 0.243193 0.243264 0.243264 0.129557 0.129616 0.129616
0.856 0.242989 0.24306 0.24306 0.129433 0.129493 0.129493
0.86 0.242788 0.242859 0.242859 0.129311 0.12937 0.12937
0.864 0.242588 0.242659 0.242659 0.129189 0.129248 0.129248
0.868 0.242389 0.24246 0.24246 0.129067 0.129127 0.129127
0.872 0.24219 0.242261 0.242261 0.128947 0.129006 0.129006
0.876 0.241992 0.242063 0.242063 0.128826 0.128886 0.128886
0.88 0.241792 0.241863 0.241863 0.128706 0.128765 0.128765
0.884 0.241592 0.241663 0.241663 0.128585 0.128645 0.128645
0.888 0.241391 0.241461 0.241461 0.128465 0.128524 0.128524
0.892 0.241187 0.241258 0.241258 0.128344 0.128403 0.128403
0.896 0.240981 0.241052 0.241052 0.128223 0.128282 0.128282
0.9 0.240775 0.240846 0.240846 0.128102 0.128162 0.128162
0.904 0.240568 0.240639 0.240639 0.127982 0.128041 0.128041
0.908 0.24036 0.24043 0.24043 0.127862 0.127921 0.127921
0.912 0.240151 0.240222 0.240222 0.127743 0.127802 0.127802
0.916 0.239942 0.240013 0.240013 0.127624 0.127683 0.127683
0.92 0.239734 0.239804 0.239804 0.127506 0.127565 0.127565
0.924 0.239525 0.239596 0.239596 0.127389 0.127448 0.127448
0.928 0.239317 0.239388 0.239388 0.127273 0.127332 0.127332
0.932 0.23911 0.239181 0.239181 0.127158 0.127218 0.127217
0.936 0.238904 0.238975 0.238975 0.127045 0.127104 0.127104
0.94 0.2387 0.23877 0.23877 0.126933 0.126992 0.126992
0.944 0.238497 0.238568 0.238568 0.126822 0.126882 0.126882
0.948 0.238296 0.238367 0.238367 0.126714 0.126773 0.126773
0.952 0.238097 0.238168 0.238168 0.126607 0.126667 0.126666
0.956 0.237901 0.237972 0.237972 0.126502 0.126562 0.126562
0.96 0.237708 0.237779 0.237779 0.1264 0.126459 0.126459
0.964 0.237519 0.23759 0.23759 0.1263 0.126359 0.126359
0.968 0.237333 0.237404 0.237404 0.126202 0.126262 0.126262
0.972 0.237151 0.237221 0.237221 0.126107 0.126167 0.126167
0.976 0.236973 0.237043 0.237043 0.126015 0.126075 0.126075
0.98 0.236799 0.23687 0.23687 0.125926 0.125986 0.125986
0.984 0.236631 0.236701 0.236701 0.12584 0.1259 0.1259
0.988 0.236467 0.236538 0.236538 0.125758 0.125817 0.125817
0.992 0.236309 0.23638 0.23638 0.125678 0.125738 0.125738
0.996 0.236157 0.236228 0.236228 0.125602 0.125662 0.125662
1 0.236009 0.23608 0.23608 0.125529 0.125589 0.125589
1.004 0.235865 0.235936 0.235936 0.125459 0.125519 0.125519
1.008 0.235726 0.235797 0.235797 0.125392 0.125451 0.125451
1.012 0.235591 0.235662 0.235662 0.125326 0.125386 0.125386
1.016 0.235459 0.235529 0.235529 0.125263 0.125323 0.125323
1.02 0.23533 0.235401 0.235401 0.125202 0.125262 0.125262
1.024 0.235204 0.235274 0.235274 0.125143 0.125202 0.125202
1.028 0.23508 0.235151 0.235151 0.125085 0.125144 0.125144
1.032 0.234958 0.235029 0.235029 0.125028 0.125088 0.125088
1.036 0.234838 0.234909 0.234909 0.124973 0.125032 0.125032
1.04 0.23472 0.234791 0.234791 0.124918 0.124977 0.124977
1.044 0.234603 0.234673 0.234673 0.124864 0.124923 0.124923
1.048 0.234486 0.234557 0.234557 0.12481 0.124869 0.124869
1.052 0.234369 0.23444 0.23444 0.124756 0.124816 0.124816
1.056 0.234253 0.234324 0.234324 0.124703 0.124762 0.124762
1.06 0.234136 0.234206 0.234206 0.124648 0.124708 0.124708
1.064 0.234018 0.234088 0.234088 0.124594 0.124653 0.124653
1.068 0.233898 0.233969 0.233969 0.124538 0.124597 0.124597
1.072 0.233778 0.233848 0.233848 0.124481 0.124541 0.124541
1.076 0.233655 0.233725 0.233725 0.124423 0.124483 0.124483
1.08 0.233529 0.2336 0.2336 0.124364 0.124423 0.124423
1.084 0.2334 0.233471 0.233471 0.124302 0.124361 0.124361
1.088 0.233268 0.233339 0.233339 0.124238 0.124297 0.124297
1.092 0.233133 0.233203 0.233203 0.124172 0.124231 0.124231
1.096 0.232993 0.233064 0.233064 0.124103 0.124162 0.124162
1.1 0.232851 0.232922 0.232922 0.124032 0.124091 0.124091
1.104 0.232706 0.232776 0.232776 0.123959 0.124018 0.124018
1.108 0.232558 0.232628 0.232628 0.123884 0.123944 0.123944
1.112 0.232407 0.232478 0.232478 0.123807 0.123867 0.123867
1.116 0.232254 0.232324 0.232324 0.123729 0.123788 0.123788
1.12 0.232099 0.23217 0.23217 0.123649 0.123708 0.123708
1.124 0.231942 0.232013 0.232013 0.123567 0.123627 0.123627
1.128 0.231784 0.231855 0.231855 0.123485 0.123544 0.123544
1.132 0.231625 0.231696 0.231696 0.123401 0.12346 0.12346
1.136 0.231465 0.231536 0.231536 0.123316 0.123376 0.123376
1.14 0.231305 0.231375 0.231375 0.123231 0.12329 0.12329
1.144 0.231144 0.231215 0.231215 0.123145 0.123204 0.123204
1.148 0.230983 0.231054 0.231054 0.123058 0.123117 0.123117
1.152 0.230823 0.230894 0.230894 0.122971 0.12303 0.12303
1.156 0.230664 0.230735 0.230735 0.122884 0.122943 0.122943
1.16 0.230505 0.230576 0.230576 0.122797 0.122856 0.122856
1.164 0.230348 0.230419 0.230419 0.12271 0.122769 0.122769
1.168 0.230193 0.230264 0.230264 0.122623 0.122683 0.122683
1.172 0.23004 0.230111 0.230111 0.122537 0.122596 0.122596
1.176 0.229889 0.22996 0.22996 0.122452 0.122511 0.122511
1.18 0.229741 0.229812 0.229812 0.122367 0.122426 0.122426
1.184 0.229596 0.229667 0.229667 0.122283 0.122343 0.122343
1.188 0.229455 0.229526 0.229526 0.122201 0.12226 0.12226
1.192 0.229317 0.229388 0.229388 0.12212 0.122179 0.122179
1.196 0.229183 0.229254 0.229254 0.12204 0.1221 0.1221
1.2 0.229053 0.229124 0.229124 0.121962 0.122021 0.122021
1.204 0.228927 0.228998 0.228998 0.121885 0.121945 0.121945
1.208 0.228804 0.228875 0.228875 0.12181 0.121869 0.121869
1.212 0.228684 0.228755 0.228755 0.121736 0.121795 0.121795
1.216 0.228567 0.228638 0.228638 0.121663 0.121723 0.121723
1.22 0.228453 0.228524 0.228524 0.121592 0.121651 0.121651
1.224 0.228343 0.228413 0.228413 0.121522 0.121582 0.121582
1.228 0.228234 0.228305 0.228305 0.121454 0.121513 0.121513
1.232 0.228129 0.2282 0.2282 0.121387 0.121446 0.121446
1.236 0.228026 0.228097 0.228097 0.121321 0.121381 0.121381
1.24 0.227925 0.227996 0.227996 0.121257 0.121316 0.121316
1.244 0.227826 0.227897 0.227897 0.121194 0.121254 0.121254
1.248 0.22773 0.2278 0.2278 0.121133 0.121192 0.121192
1.252 0.227635 0.227706 0.227706 0.121073 0.121132 0.121132
1.256 0.227541 0.227612 0.227612 0.121014 0.121074 0.121074
1.26 0.22745 0.227521 0.227521 0.120957 0.121016 0.121016
1.264 0.227359 0.22743 0.22743 0.120901 0.120961 0.120961
1.268 0.22727 0.227341 0.227341 0.120847 0.120906 0.120906
1.272 0.227182 0.227253 0.227253 0.120794 0.120853 0.120853
1.276 0.227094 0.227165 0.227165 0.120742 0.120801 0.120801
1.28 0.227008 0.227079 0.227079 0.120692 0.120751 0.120751
1.284 0.226921 0.226992 0.226992 0.120643 0.120702 0.120702
1.288 0.226836 0.226906 0.226906 0.120595 0.120654 0.120654
1.292 0.22675 0.226821 0.226821 0.120549 0.120608 0.120608
1.296 0.226664 0.226735 0.226735 0.120504 0.120564 0.120564
1.3 0.226578 0.226649 0.226649 0.120461 0.12052 0.12052
1.304 0.226492 0.226563 0.226563 0.120418 0.120478 0.120478
1.308 0.226407 0.226478 0.226478 0.120377 0.120437 0.120437
1.312 0.226321 0.226392 0.226392 0.120337 0.120397 0.120397
1.316 0.226235 0.226306 0.226306 0.120298 0.120358 0.120358
1.32 0.22615 0.22622 0.22622 0.12026 0.120319 0.120319
1.324 0.226064 0.226135 0.226135 0.120223 0.120282 0.120282
1.328 0.225978 0.226049 0.226049 0.120186 0.120246 0.120246
1.332 0.225892 0.225963 0.225963 0.120151 0.12021 0.12021
1.336 0.225806 0.225877 0.225877 0.120116 0.120175 0.120175
1.34 0.22572 0.225791 0.225791 0.120081 0.120141 0.120141
1.344 0.225634 0.225704 0.225704 0.120047 0.120107 0.120107
1.348 0.225547 0.225618 0.225618 0.120014 0.120073 0.120073
1.352 0.225461 0.225532 0.225532 0.119981 0.12004 0.12004
1.356 0.225374 0.225445 0.225445 0.119948 0.120007 0.120007
1.36 0.225287 0.225358 0.225358 0.119915 0.119974 0.119974
1.364 0.2252 0.225271 0.225271 0.119882 0.119942 0.119942
1.368 0.225113 0.225184 0.225184 0.11985 0.119909 0.119909
1.372 0.225026 0.225096 0.225096 0.119817 0.119877 0.119877
1.376 0.224938 0.225009 0.225009 0.119784 0.119844 0.119844
1.38 0.22485 0.224921 0.224921 0.119751 0.119811 0.119811
1.384 0.224762 0.224833 0.224833 0.119718 0.119777 0.119777
1.388 0.224673 0.224744 0.224744 0.119684 0.119743 0.119743
1.392 0.224584 0.224655 0.224655 0.119649 0.119709 0.119709
1.396 0.224495 0.224566 0.224566 0.119614 0.119674 0.119674
1.4 0.224406 0.224477 0.224477 0.119579 0.119638 0.119638
1.404 0.224317 0.224388 0.224388 0.119543 0.119602 0.119602
1.408 0.224227 0.224298 0.224298 0.119507 0.119566 0.119566
1.412 0.224138 0.224209 0.224209 0.119471 0.11953 0.11953
1.416 0.224048 0.224119 0.224119 0.119434 0.119493 0.119493
1.42 0.223959 0.22403 0.22403 0.119398 0.119457 0.119457
1.424 0.22387 0.223941 0.223941 0.119361 0.119421 0.119421
1.428 0.223781 0.223852 0.223852 0.119325 0.119384 0.119384
1.432 0.223692 0.223763 0.223763 0.119289 0.119348 0.119348
1.436 0.223604 0.223675 0.223675 0.119253 0.119313 0.119313
1.44 0.223517 0.223587 0.223587 0.119218 0.119278 0.119278
1.444 0.223429 0.2235 0.2235 0.119184 0.119243 0.119243
1.448 0.223343 0.223414 0.223414 0.11915 0.119209 0.119209
1.452 0.223257 0.223328 0.223328 0.119117 0.119176 0.119176
1.456 0.223172 0.223243 0.223243 0.119085 0.119144 0.119144
1.46 0.223088 0.223159 0.223159 0.119054 0.119113 0.119113
1.464 0.223005 0.223076 0.223076 0.119024 0.119083 0.119083
1.468 0.222923 0.222994 0.222994 0.118995 0.119055 0.119055
1.472 0.222843 0.222914 0.222914 0.118968 0.119027 0.119027
1.476 0.222763 0.222834 0.222834 0.118942 0.119001 0.119001
1.48 0.222685 0.222756 0.222756 0.118918 0.118977 0.118977
1.484 0.222608 0.222679 0.222679 0.118896 0.118955 0.118955
1.488 0.222533 0.222604 0.222604 0.118875 0.118934 0.118934
1.492 0.222459 0.22253 0.22253 0.118856 0.118916 0.118916
1.496 0.222387 0.222458 0.222458 0.11884 0.118899 0.118899
1.5 0.222317 0.222388 0.222388 0.118825 0.118885 0.118885
1.504 0.222248 0.222319 0.222319 0.118813 0.118872 0.118872
1.508 0.222181 0.222251 0.222251 0.118802 0.118861 0.118861
1.512 0.222114 0.222185 0.222185 0.118792 0.118851 0.118851
1.516 0.222049 0.22212 0.22212 0.118784 0.118843 0.118843
1.52 0.221985 0.222056 0.222056 0.118777 0.118837 0.118837
1.524 0.221922 0.221993 0.221993 0.118771 0.118831 0.118831
1.528 0.221859 0.22193 0.22193 0.118767 0.118826 0.118826
1.532 0.221798 0.221869 0.221869 0.118763 0.118822 0.118822
1.536 0.221737 0.221808 0.221808 0.11876 0.118819 0.118819
1.54 0.221677 0.221747 0.221747 0.118757 0.118816 0.118816
1.544 0.221616 0.221687 0.221687 0.118755 0.118814 0.118814
1.548 0.221557 0.221628 0.221628 0.118752 0.118812 0.118812
1.552 0.221497 0.221568 0.221568 0.11875 0.11881 0.11881
1.556 0.221438 0.221508 0.221508 0.118748 0.118808 0.118808
1.56 0.221378 0.221449 0.221449 0.118746 0.118805 0.118805
1.564 0.221318 0.221389 0.221389 0.118743 0.118803 0.118803
1.568 0.221258 0.221329 0.221329 0.11874 0.118799 0.118799
1.572 0.221197 0.221268 0.221268 0.118736 0.118795 0.118795
1.576 0.221136 0.221207 0.221207 0.11873 0.11879 0.11879
1.58 0.221074 0.221145 0.221145 0.118724 0.118784 0.118784
1.584 0.221012 0.221083 0.221083 0.118717 0.118776 0.118776
1.588 0.220948 0.221019 0.221019 0.118708 0.118767 0.118767
1.592 0.220883 0.220954 0.220954 0.118697 0.118756 0.118756
1.596 0.220817 0.220888 0.220888 0.118684 0.118744 0.118744
1.6 0.22075 0.220821 0.220821 0.11867 0.118729 0.118729
1.604 0.220682 0.220753 0.220753 0.118654 0.118713 0.118713
1.608 0.220613 0.220684 0.220684 0.118637 0.118696 0.118696
1.612 0.220543 0.220614 0.220614 0.118618 0.118677 0.118677
1.616 0.220473 0.220543 0.220543 0.118598 0.118657 0.118657
1.62 0.220401 0.220472 0.220472 0.118577 0.118636 0.118636
1.624 0.22033 0.220401 0.220401 0.118555 0.118614 0.118614
1.628 0.220258 0.220329 0.220329 0.118532 0.118591 0.118591
1.632 0.220186 0.220257 0.220257 0.118509 0.118568 0.118568
1.636 0.220114 0.220185 0.220185 0.118484 0.118544 0.118544
1.64 0.220042 0.220112 0.220112 0.11846 0.118519 0.118519
1.644 0.219969 0.22004 0.22004 0.118435 0.118494 0.118494
1.648 0.219898 0.219968 0.219968 0.11841 0.118469 0.118469
1.652 0.219826 0.219897 0.219897 0.118385 0.118444 0.118444
1.656 0.219755 0.219826 0.219826 0.11836 0.118419 0.118419
1.66 0.219685 0.219756 0.219756 0.118335 0.118394 0.118394
1.664 0.219615 0.219686 0.219686 0.118311 0.11837 0.11837
1.668 0.219546 0.219617 0.219617 0.118287 0.118346 0.118346
1.672 0.219479 0.21955 0.21955 0.118264 0.118324 0.118324
1.676 0.219412 0.219483 0.219483 0.118242 0.118302 0.118302
1.68 0.219347 0.219418 0.219418 0.118221 0.118281 0.118281
1.684 0.219283 0.219354 0.219354 0.118202 0.118261 0.118261
1.688 0.219221 0.219292 0.219292 0.118183 0.118243 0.118243
1.692 0.219161 0.219232 0.219232 0.118167 0.118226 0.118226
1.696 0.219103 0.219174 0.219174 0.118152 0.118211 0.118211
1.7 0.219046 0.219117 0.219117 0.118138 0.118198 0.118198
1.704 0.218991 0.219062 0.219062 0.118126 0.118186 0.118186
1.708 0.218938 0.219009 0.219009 0.118116 0.118175 0.118175
1.712 0.218886 0.218956 0.218956 0.118107 0.118166 0.118166
1.716 0.218835 0.218906 0.218906 0.118099 0.118159 0.118159
1.72 0.218785 0.218856 0.218856 0.118093 0.118152 0.118152
1.724 0.218736 0.218807 0.218807 0.118087 0.118147 0.118147
1.728 0.218688 0.218759 0.218759 0.118083 0.118142 0.118142
1.732 0.218641 0.218712 0.218712 0.118079 0.118138 0.118138
1.736 0.218594 0.218665 0.218665 0.118076 0.118135 0.118135
1.74 0.218548 0.218619 0.218619 0.118073 0.118133 0.118133
1.744 0.218502 0.218573 0.218573 0.118071 0.118131 0.118131
1.748 0.218456 0.218526 0.218526 0.11807 0.118129 0.118129
1.752 0.21841 0.21848 0.21848 0.118069 0.118128 0.118128
1.756 0.218363 0.218434 0.218434 0.118067 0.118127 0.118127
1.76 0.218316 0.218387 0.218387 0.118066 0.118126 0.118126
1.764 0.218269 0.21834 0.21834 0.118065 0.118124 0.118124
1.768 0.218221 0.218292 0.218292 0.118063 0.118123 0.118123
1.772 0.218172 0.218243 0.218243 0.118061 0.118121 0.118121
1.776 0.218122 0.218193 0.218193 0.118059 0.118118 0.118118
1.78 0.21807 0.218141 0.218141 0.118056 0.118115 0.118115
1.784 0.218018 0.218089 0.218089 0.118052 0.118111 0.118111
1.788 0.217963 0.218034 0.218034 0.118047 0.118107 0.118107
1.792 0.217907 0.217978 0.217978 0.118042 0.118101 0.118101
1.796 0.217849 0.21792 0.21792 0.118034 0.118094 0.118094
1.8 0.217789 0.21786 0.21786 0.118026 0.118086 0.118086
1.804 0.217727 0.217798 0.217798 0.118017 0.118077 0.118077
1.808 0.217664 0.217735 0.217735 0.118007 0.118066 0.118066
1.812 0.2176 0.217671 0.217671 0.117996 0.118056 0.118056
1.816 0.217535 0.217606 0.217606 0.117985 0.118044 0.118044
1.82 0.217469 0.21754 0.21754 0.117973 0.118032 0.118032
1.824 0.217402 0.217473 0.217473 0.11796 0.11802 0.11802
1.828 0.217336 0.217407 0.217407 0.117947 0.118007 0.118007
1.832 0.217269 0.21734 0.21734 0.117934 0.117994 0.117994
1.836 0.217203 0.217273 0.217273 0.117921 0.117981 0.117981
1.84 0.217137 0.217207 0.217207 0.117908 0.117968 0.117968
1.844 0.217071 0.217142 0.217142 0.117895 0.117955 0.117955
1.848 0.217007 0.217078 0.217078 0.117883 0.117942 0.117942
1.852 0.216944 0.217015 0.217015 0.117871 0.11793 0.11793
1.856 0.216883 0.216953 0.216953 0.11786 0.117919 0.117919
1.86 0.216823 0.216894 0.216894 0.117849 0.117908 0.117908
1.864 0.216765 0.216836 0.216836 0.117839 0.117899 0.117899
1.868 0.21671 0.216781 0.216781 0.117831 0.11789 0.11789
1.872 0.216657 0.216728 0.216728 0.117823 0.117882 0.117882
1.876 0.216607 0.216678 0.216678 0.117817 0.117876 0.117876
1.88 0.216561 0.216632 0.216632 0.117812 0.117871 0.117871
1.884 0.216518 0.216589 0.216589 0.117809 0.117868 0.117868
1.888 0.216479 0.21655 0.21655 0.117808 0.117867 0.117867
1.892 0.216444 0.216515 0.216515 0.117809 0.117868 0.117868
1.896 0.216413 0.216484 0.216484 0.117812 0.117871 0.117871
1.9 0.216387 0.216458 0.216458 0.117817 0.117876 0.117876
1.904 0.216365 0.216436 0.216436 0.117824 0.117883 0.117883
1.908 0.216347 0.216418 0.216418 0.117832 0.117892 0.117892
1.912 0.216332 0.216403 0.216403 0.117843 0.117902 0.117902
1.916 0.21632 0.216391 0.216391 0.117855 0.117914 0.117914
1.92 0.216311 0.216382 0.216382 0.117868 0.117928 0.117928
1.924 0.216305 0.216376 0.216376 0.117883 0.117942 0.117942
1.928 0.2163 0.216371 0.216371 0.117899 0.117958 0.117958
1.932 0.216298 0.216369 0.216369 0.117915 0.117975 0.117975
1.936 0.216297 0.216368 0.216368 0.117933 0.117992 0.117992
1.94 0.216297 0.216368 0.216368 0.117951 0.11801 0.11801
1.944 0.216298 0.216369 0.216369 0.117969 0.118029 0.118029
1.948 0.216299 0.21637 0.21637 0.117988 0.118048 0.118048
1.952 0.2163 0.216371 0.216371 0.118007 0.118066 0.118066
1.956 0.216301 0.216372 0.216372 0.118026 0.118085 0.118085
1.96 0.216301 0.216372 0.216372 0.118045 0.118104 0.118104
1.964 0.2163 0.216371 0.216371 0.118063 0.118122 0.118122
1.968 0.216298 0.216369 0.216369 0.118081 0.11814 0.11814
1.972 0.216293 0.216364 0.216364 0.118097 0.118157 0.118157
1.976 0.216287 0.216357 0.216357 0.118113 0.118173 0.118173
1.98 0.216277 0.216348 0.216348 0.118128 0.118187 0.118187
1.984 0.216265 0.216335 0.216335 0.118142 0.118201 0.118201
1.988 0.216248 0.216319 0.216319 0.118153 0.118213 0.118213
1.992 0.216228 0.216299 0.216299 0.118164 0.118223 0.118223
1.996 0.216203 0.216274 0.216274 0.118172 0.118231 0.118231
2 0.216174 0.216245 0.216245 0.118178 0.118237 0.118237
2.004 0.216143 0.216214 0.216214 0.118183 0.118243 0.118243
2.008 0.216112 0.216183 0.216183 0.118189 0.118248 0.118248
2.012 0.216081 0.216152 0.216152 0.118194 0.118253 0.118253
2.016 0.216051 0.216122 0.216122 0.118199 0.118259 0.118259
2.02 0.216021 0.216092 0.216092 0.118204 0.118264 0.118264
2.024 0.215991 0.216062 0.216062 0.118209 0.118269 0.118269
2.028 0.215962 0.216033 0.216033 0.118215 0.118274 0.118274
2.032 0.215933 0.216004 0.216004 0.11822 0.118279 0.118279
2.036 0.215904 0.215975 0.215975 0.118225 0.118284 0.118284
2.04 0.215875 0.215946 0.215946 0.118229 0.118289 0.118289
2.044 0.215847 0.215918 0.215918 0.118234 0.118294 0.118294
2.048 0.215819 0.21589 0.21589 0.118239 0.118298 0.118298
2.052 0.215791 0.215862 0.215862 0.118244 0.118303 0.118303
2.056 0.215763 0.215834 0.215834 0.118249 0.118308 0.118308
2.06 0.215736 0.215807 0.215807 0.118253 0.118313 0.118313
2.064 0.215709 0.21578 0.21578 0.118258 0.118317 0.118317
2.068 0.215682 0.215753 0.215753 0.118263 0.118322 0.118322
2.072 0.215656 0.215726 0.215726 0.118267 0.118327 0.118327
2.076 0.215629 0.2157 0.2157 0.118272 0.118331 0.118331
2.08 0.215603 0.215674 0.215674 0.118276 0.118336 0.118336
2.084 0.215577 0.215648 0.215648 0.118281 0.11834 0.11834
2.088 0.215552 0.215622 0.215622 0.118285 0.118344 0.118344
2.092 0.215526 0.215597 0.215597 0.11829 0.118349 0.118349
2.096 0.215501 0.215572 0.215572 0.118294 0.118353 0.118353
2.1 0.215476 0.215547 0.215547 0.118298 0.118357 0.118357
2.104 0.215451 0.215522 0.215522 0.118302 0.118362 0.118362
2.108 0.215427 0.215498 0.215498 0.118307 0.118366 0.118366
2.112 0.215403 0.215473 0.215473 0.118311 0.11837 0.11837
2.116 0.215379 0.215449 0.215449 0.118315 0.118374 0.118374
2.12 0.215355 0.215426 0.215426 0.118319 0.118378 0.118378
2.124 0.215331 0.215402 0.215402 0.118323 0.118382 0.118382
2.128 0.215308 0.215379 0.215379 0.118327 0.118386 0.118386
2.132 0.215285 0.215356 0.215356 0.118331 0.11839 0.11839
2.136 0.215262 0.215333 0.215333 0.118335 0.118394 0.118394
2.14 0.215239 0.21531 0.21531 0.118339 0.118398 0.118398
2.144 0.215216 0.215287 0.215287 0.118343 0.118402 0.118402
2.148 0.215194 0.215265 0.215265 0.118347 0.118406 0.118406
2.152 0.215172 0.215243 0.215243 0.11835 0.11841 0.11841
2.156 0.21515 0.215221 0.215221 0.118354 0.118414 0.118414
2.16 0.215128 0.215199 0.215199 0.118358 0.118417 0.118417
2.164 0.215107 0.215178 0.215178 0.118362 0.118421 0.118421
2.168 0.215086 0.215156 0.215156 0.118365 0.118425 0.118425
2.172 0.215064 0.215135 0.215135 0.118369 0.118428 0.118428
2.176 0.215043 0.215114 0.215114 0.118373 0.118432 0.118432
2.18 0.215023 0.215094 0.215094 0.118376 0.118436 0.118436
2.184 0.215002 0.215073 0.215073 0.11838 0.118439 0.118439
2.188 0.214982 0.215053 0.215053 0.118383 0.118443 0.118443
2.192 0.214962 0.215033 0.215033 0.118387 0.118446 0.118446
2.196 0.214942 0.215013 0.215013 0.11839 0.118449 0.118449
2.2 0.214922 0.214993 0.214993 0.118394 0.118453 0.118453
2.204 0.214902 0.214973 0.214973 0.118397 0.118456 0.118456
2.208 0.214883 0.214954 0.214954 0.1184 0.11846 0.11846
2.212 0.214864 0.214934 0.214934 0.118404 0.118463 0.118463
2.216 0.214844 0.214915 0.214915 0.118407 0.118466 0.118466
2.22 0.214826 0.214896 0.214896 0.11841 0.118469 0.118469
2.224 0.214807 0.214878 0.214878 0.118413 0.118473 0.118473
2.228 0.214788 0.214859 0.214859 0.118417 0.118476 0.118476
2.232 0.21477 0.214841 0.214841 0.11842 0.118479 0.118479
2.236 0.214752 0.214822 0.214822 0.118423 0.118482 0.118482
2.24 0.214734 0.214804 0.214804 0.118426 0.118485 0.118485
2.244 0.214716 0.214786 0.214786 0.118429 0.118488 0.118488
2.248 0.214698 0.214769 0.214769 0.118432 0.118491 0.118491
2.252 0.21468 0.214751 0.214751 0.118435 0.118494 0.118494
2.256 0.214663 0.214734 0.214734 0.118438 0.118497 0.118497
2.26 0.214646 0.214717 0.214717 0.118441 0.1185 0.1185
2.264 0.214629 0.214699 0.214699 0.118444 0.118503 0.118503
2.268 0.214612 0.214682 0.214682 0.118447 0.118506 0.118506
2.272 0.214595 0.214666 0.214666 0.11845 0.118509 0.118509
2.276 0.214578 0.214649 0.214649 0.118453 0.118512 0.118512
2.28 0.214562 0.214633 0.214633 0.118456 0.118515 0.118515
2.284 0.214545 0.214616 0.214616 0.118458 0.118518 0.118518
2.288 0.214529 0.2146 0.2146 0.118461 0.11852 0.11852
2.292 0.214513 0.214584 0.214584 0.118464 0.118523 0.118523
2.296 0.214497 0.214568 0.214568 0.118467 0.118526 0.118526
2.3 0.214482 0.214552 0.214552 0.118469 0.118529 0.118529
2.304 0.214466 0.214537 0.214537 0.118472 0.118531 0.118531
2.308 0.214451 0.214521 0.214521 0.118475 0.118534 0.118534
2.312 0.214435 0.214506 0.214506 0.118477 0.118537 0.118537
2.316 0.21442 0.214491 0.214491 0.11848 0.118539 0.118539
2.32 0.214405 0.214476 0.214476 0.118482 0.118542 0.118542
2.324 0.21439 0.214461 0.214461 0.118485 0.118544 0.118544
2.328 0.214375 0.214446 0.214446 0.118488 0.118547 0.118547
2.332 0.214361 0.214432 0.214432 0.11849 0.118549 0.118549
2.336 0.214346 0.214417 0.214417 0.118493 0.118552 0.118552
2.34 0.214332 0.214403 0.214403 0.118495 0.118554 0.118554
2.344 0.214318 0.214389 0.214389 0.118497 0.118557 0.118557
2.348 0.214304 0.214375 0.214375 0.1185 0.118559 0.118559
2.352 0.21429 0.214361 0.214361 0.118502 0.118562 0.118562
2.356 0.214276 0.214347 0.214347 0.118505 0.118564 0.118564
2.36 0.214262 0.214333 0.214333 0.118507 0.118566 0.118566
2.364 0.214249 0.21432 0.21432 0.118509 0.118569 0.118569
2.368 0.214235 0.214306 0.214306 0.118512 0.118571 0.118571
2.372 0.214222 0.214293 0.214293 0.118514 0.118573 0.118573
2.376 0.214209 0.21428 0.21428 0.118516 0.118576 0.118576
2.38 0.214196 0.214266 0.214266 0.118519 0.118578 0.118578
2.384 0.214183 0.214253 0.214253 0.118521 0.11858 0.11858
2.388 0.21417 0.214241 0.214241 0.118523 0.118582 0.118582
2.392 0.214157 0.214228 0.214228 0.118525 0.118584 0.118584
2.396 0.214144 0.214215 0.214215 0.118527 0.118587 0.118587
2.4 0.214132 0.214203 0.214203 0.118529 0.118589 0.118589
2.404 0.21412 0.21419 0.21419 0.118532 0.118591 0.118591
2.408 0.214107 0.214178 0.214178 0.118534 0.118593 0.118593
2.412 0.214095 0.214166 0.214166 0.118536 0.118595 0.118595
2.416 0.214083 0.214154 0.214154 0.118538 0.118597 0.118597
2.42 0.214071 0.214142 0.214142 0.11854 0.118599 0.118599
2.424 0.214059 0.21413 0.21413 0.118542 0.118601 0.118601
2.428 0.214048 0.214118 0.214118 0.118544 0.118603 0.118603
2.432 0.214036 0.214107 0.214107 0.118546 0.118605 0.118605
2.436 0.214024 0.214095 0.214095 0.118548 0.118607 0.118607
2.44 0.214013 0.214084 0.214084 0.11855 0.118609 0.118609
2.444 0.214002 0.214073 0.214073 0.118552 0.118611 0.118611
2.448 0.213991 0.214061 0.214061 0.118554 0.118613 0.118613
2.452 0.21398 0.21405 0.21405 0.118556 0.118615 0.118615
2.456 0.213969 0.214039 0.214039 0.118558 0.118617 0.118617
2.46 0.213958 0.214029 0.214029 0.118559 0.118619 0.118619
2.464 0.213947 0.214018 0.214018 0.118561 0.118621 0.118621
2.468 0.213936 0.214007 0.214007 0.118563 0.118622 0.118622
2.472 0.213926 0.213996 0.213996 0.118565 0.118624 0.118624
2.476 0.213915 0.213986 0.213986 0.118567 0.118626 0.118626
2.48 0.213905 0.213976 0.213976 0.118569 0.118628 0.118628
2.484 0.213894 0.213965 0.213965 0.11857 0.11863 0.11863
2.488 0.213884 0.213955 0.213955 0.118572 0.118631 0.118631
2.492 0.213874 0.213945 0.213945 0.118574 0.118633 0.118633
2.496 0.213864 0.213935 0.213935 0.118576 0.118635 0.118635
2.5 0.213854 0.213925 0.213925 0.118577 0.118637 0.118637
2.504 0.213844 0.213915 0.213915 0.118579 0.118638 0.118638
2.508 0.213835 0.213905 0.213905 0.118581 0.11864 0.11864
2.512 0.213825 0.213896 0.213896 0.118582 0.118642 0.118642
2.516 0.213815 0.213886 0.213886 0.118584 0.118643 0.118643
2.52 0.213806 0.213877 0.213877 0.118586 0.118645 0.118645
2.524 0.213796 0.213867 0.213867 0.118587 0.118647 0.118647
2.528 0.213787 0.213858 0.213858 0.118589 0.118648 0.118648
2.532 0.213778 0.213849 0.213849 0.11859 0.11865 0.11865
2.536 0.213769 0.21384 0.21384 0.118592 0.118651 0.118651
2.54 0.21376 0.213831 0.213831 0.118594 0.118653 0.118653
2.544 0.213751 0.213822 0.213822 0.118595 0.118654 0.118654
2.548 0.213742 0.213813 0.213813 0.118597 0.118656 0.118656
2.552 0.213733 0.213804 0.213804 0.118598 0.118657 0.118657
2.556 0.213724 0.213795 0.213795 0.1186 0.118659 0.118659
2.56 0.213716 0.213787 0.213787 0.118601 0.11866 0.11866
2.564 0.213707 0.213778 0.213778 0.118603 0.118662 0.118662
2.568 0.213699 0.21377 0.21377 0.118604 0.118663 0.118663
2.572 0.21369 0.213761 0.213761 0.118605 0.118665 0.118665
2.576 0.213682 0.213753 0.213753 0.118607 0.118666 0.118666
2.58 0.213674 0.213745 0.213745 0.118608 0.118668 0.118668
2.584 0.213666 0.213736 0.213736 0.11861 0.118669 0.118669
2.588 0.213657 0.213728 0.213728 0.118611 0.11867 0.11867
2.592 0.213649 0.21372 0.21372 0.118613 0.118672 0.118672
2.596 0.213641 0.213712 0.213712 0.118614 0.118673 0.118673
2.6 0.213634 0.213704 0.213704 0.118615 0.118675 0.118675
2.604 0.213626 0.213697 0.213697 0.118617 0.118676 0.118676
2.608 0.213618 0.213689 0.213689 0.118618 0.118677 0.118677
2.612 0.21361 0.213681 0.213681 0.118619 0.118679 0.118679
2.616 0.213603 0.213674 0.213674 0.118621 0.11868 0.11868
2.62 0.213595 0.213666 0.213666 0.118622 0.118681 0.118681
2.624 0.213588 0.213659 0.213659 0.118623 0.118682 0.118682
2.628 0.21358 0.213651 0.213651 0.118624 0.118684 0.118684
2.632 0.213573 0.213644 0.213644 0.118626 0.118685 0.118685
2.636 0.213566 0.213637 0.213637 0.118627 0.118686 0.118686
2.64 0.213559 0.213629 0.213629 0.118628 0.118687 0.118687
2.644 0.213551 0.213622 0.213622 0.118629 0.118689 0.118689
2.648 0.213544 0.213615 0.213615 0.118631 0.11869 0.11869
2.652 0.213537 0.213608 0.213608 0.118632 0.118691 0.118691
2.656 0.21353 0.213601 0.213601 0.118633 0.118692 0.118692
2.66 0.213524 0.213594 0.213594 0.118634 0.118694 0.118694
2.664 0.213517 0.213588 0.213588 0.118635 0.118695 0.118695
2.668 0.21351 0.213581 0.213581 0.118637 0.118696 0.118696
2.672 0.213503 0.213574 0.213574 0.118638 0.118697 0.118697
2.676 0.213497 0.213568 0.213568 0.118639 0.118698 0.118698
2.68 0.21349 0.213561 0.213561 0.11864 0.118699 0.118699
2.684 0.213484 0.213555 0.213555 0.118641 0.1187 0.1187
2.688 0.213477 0.213548 0.213548 0.118642 0.118701 0.118701
2.692 0.213471 0.213542 0.213542 0.118643 0.118703 0.118703
2.696 0.213465 0.213535 0.213535 0.118644 0.118704 0.118704
2.7 0.213458 0.213529 0.213529 0.118645 0.118705 0.118705
2.704 0.213452 0.213523 0.213523 0.118646 0.118706 0.118706
2.708 0.213446 0.213517 0.213517 0.118648 0.118707 0.118707
2.712 0.21344 0.213511 0.213511 0.118649 0.118708 0.118708
2.716 0.213434 0.213505 0.213505 0.11865 0.118709 0.118709
2.72 0.213428 0.213499 0.213499 0.118651 0.11871 0.11871
2.724 0.213422 0.213493 0.213493 0.118652 0.118711 0.118711
2.728 0.213416 0.213487 0.213487 0.118653 0.118712 0.118712
2.732 0.21341 0.213481 0.213481 0.118654 0.118713 0.118713
2.736 0.213404 0.213475 0.213475 0.118655 0.118714 0.118714
2.74 0.213399 0.21347 0.21347 0.118656 0.118715 0.118715
2.744 0.213393 0.213464 0.213464 0.118657 0.118716 0.118716
2.748 0.213387 0.213458 0.213458 0.118658 0.118717 0.118717
2.752 0.213382 0.213453 0.213453 0.118659 0.118718 0.118718
2.756 0.213376 0.213447 0.213447 0.11866 0.118719 0.118719
2.76 0.213371 0.213442 0.213442 0.11866 0.11872 0.11872
2.764 0.213366 0.213436 0.213436 0.118661 0.118721 0.118721
2.768 0.21336 0.213431 0.213431 0.118662 0.118722 0.118722
2.772 0.213355 0.213426 0.213426 0.118663 0.118723 0.118723
2.776 0.21335 0.21342 0.21342 0.118664 0.118723 0.118723
2.78 0.213344 0.213415 0.213415 0.118665 0.118724 0.118724
2.784 0.213339 0.21341 0.21341 0.118666 0.118725 0.118725
2.788 0.213334 0.213405 0.213405 0.118667 0.118726 0.118726
2.792 0.213329 0.2134 0.2134 0.118668 0.118727 0.118727
2.796 0.213324 0.213395 0.213395 0.118669 0.118728 0.118728
2.8 0.213319 0.21339 0.21339 0.118669 0.118729 0.118729
2.804 0.213314 0.213385 0.213385 0.11867 0.11873 0.11873
2.808 0.213309 0.21338 0.21338 0.118671 0.11873 0.11873
2.812 0.213304 0.213375 0.213375 0.118672 0.118731 0.118731
2.816 0.2133 0.21337 0.21337 0.118673 0.118732 0.118732
2.82 0.213295 0.213366 0.213366 0.118674 0.118733 0.118733
2.824 0.21329 0.213361 0.213361 0.118674 0.118734 0.118734
2.828 0.213285 0.213356 0.213356 0.118675 0.118734 0.118734
2.832 0.213281 0.213352 0.213352 0.118676 0.118735 0.118735
2.836 0.213276 0.213347 0.213347 0.118677 0.118736 0.118736
2.84 0.213272 0.213343 0.213343 0.118678 0.118737 0.118737
2.844 0.213267 0.213338 0.213338 0.118678 0.118738 0.118738
2.848 0.213263 0.213334 0.213334 0.118679 0.118738 0.118738
2.852 0.213258 0.213329 0.213329 0.11868 0.118739 0.118739
2.856 0.213254 0.213325 0.213325 0.118681 0.11874 0.11874
2.86 0.21325 0.213321 0.213321 0.118681 0.118741 0.118741
2.864 0.213245 0.213316 0.213316 0.118682 0.118741 0.118741
2.868 0.213241 0.213312 0.213312 0.118683 0.118742 0.118742
2.872 0.213237 0.213308 0.213308 0.118684 0.118743 0.118743
2.876 0.213233 0.213304 0.213304 0.118684 0.118744 0.118744
2.88 0.213229 0.213299 0.213299 0.118685 0.118744 0.118744
2.884 0.213224 0.213295 0.213295 0.118686 0.118745 0.118745
2.888 0.21322 0.213291 0.213291 0.118686 0.118746 0.118746
2.892 0.213216 0.213287 0.213287 0.118687 0.118746 0.118746
2.896 0.213212 0.213283 0.213283 0.118688 0.118747 0.118747
2.9 0.213208 0.213279 0.213279 0.118688 0.118748 0.118748
2.904 0.213205 0.213275 0.213275 0.118689 0.118748 0.118748
2.908 0.213201 0.213272 0.213272 0.11869 0.118749 0.118749
2.912 0.213197 0.213268 0.213268 0.11869 0.11875 0.11875
2.916 0.213193 0.213264 0.213264 0.118691 0.11875 0.11875
2.92 0.213189 0.21326 0.21326 0.118692 0.118751 0.118751
2.924 0.213186 0.213256 0.213256 0.118692 0.118752 0.118752
2.928 0.213182 0.213253 0.213253 0.118693 0.118752 0.118752
2.932 0.213178 0.213249 0.213249 0.118694 0.118753 0.118753
2.936 0.213174 0.213245 0.213245 0.118694 0.118754 0.118754
2.94 0.213171 0.213242 0.213242 0.118695 0.118754 0.118754
2.944 0.213167 0.213238 0.213238 0.118695 0.118755 0.118755
2.948 0.213164 0.213235 0.213235 0.118696 0.118755 0.118755
2.952 0.21316 0.213231 0.213231 0.118697 0.118756 0.118756
2.956 0.213157 0.213228 0.213228 0.118697 0.118757 0.118757
2.96 0.213153 0.213224 0.213224 0.118698 0.118757 0.118757
2.964 0.21315 0.213221 0.213221 0.118698 0.118758 0.118758
2.968 0.213147 0.213217 0.213217 0.118699 0.118758 0.118758
2.972 0.213143 0.213214 0.213214 0.1187 0.118759 0.118759
2.976 0.21314 0.213211 0.213211 0.1187 0.11876 0.11876
2.98 0.213137 0.213207 0.213207 0.118701 0.11876 0.11876
2.984 0.213133 0.213204 0.213204 0.118701 0.118761 0.118761
2.988 0.21313 0.213201 0.213201 0.118702 0.118761 0.118761
2.992 0.213127 0.213198 0.213198 0.118702 0.118762 0.118762
2.996 0.213124 0.213195 0.213195 0.118703 0.118762 0.118762
3 0.213121 0.213191 0.213191 0.118704 0.118763 0.118763
