0.125 2.5335074e-14 2.20909572e-12 0.0 7.80465712e-14 5.29520244e-12 0.0 
0.375 2.78968108e-14 1.61885756e-12 0.0 1.455582724e-13 9.63950144e-12 0.0 
0.625 2.566235224e-14 1.5353618e-12 0.0 1.824798452e-13 1.39952516e-11 0.0 
0.875 2.223597908e-14 1.499949e-12 0.0 1.9239554e-13 1.87704348e-11 0.0 
1.125 2.193262916e-14 1.549692864e-12 0.0 2.089445156e-13 2.39632908e-11 0.0 
1.375 2.106966296e-14 1.62543468e-12 0.0 2.078615744e-13 2.71469936e-11 0.0 
1.625 2.034542552e-14 1.541902904e-12 0.0 1.899365e-13 2.89985504e-11 0.0 
1.875 1.9406884816e-14 1.523730432e-12 0.0 1.780906104e-13 3.02429932e-11 0.0 
2.125 1.908366504e-14 1.435449512e-12 0.0 1.5527538684e-13 3.03231676e-11 0.0 
2.375 2.1130570292e-14 1.323320768e-12 0.0 1.5420890368e-13 3.0740476e-11 0.0 
2.625 1.856085568e-14 1.209715092e-12 0.0 1.2901626824e-13 3.15010608e-11 0.0 
2.875 1.928111536e-14 1.084450716e-12 0.0 1.1423566964e-13 3.1542496e-11 0.0 
3.125 1.67311968e-14 1.021252288e-12 0.0 1.1818632996e-13 2.88859296e-11 0.0 
3.375 1.536814012e-14 9.15560588e-13 0.0 1.0169743952e-13 2.43609476e-11 0.0 
3.625 1.847202928e-14 8.07193144e-13 0.0 9.096632796e-14 1.8566538e-11 0.0 
3.875 1.855218484e-14 7.21168016e-13 0.0 7.208745896e-14 1.3842534e-11 0.0 
4.125 1.740447624e-14 6.60801012e-13 0.0 8.074978644e-14 9.88312728e-12 0.0 
4.375 1.6641797164e-14 5.52197988e-13 0.0 6.79775499887e-14 6.66708292e-12 0.0 
4.625 1.92404182e-14 4.948852732e-13 0.0 6.240446288e-14 4.22287236e-12 0.0 
4.875 1.781061432e-14 4.362802044e-13 0.0 6.243932688e-14 2.70252952e-12 0.0 
5.125 1.606212652e-14 4.235316288e-13 0.0 5.03671804e-14 1.881363672e-12 0.0 
5.375 1.537424808e-14 4.040760652e-13 0.0 4.471741124e-14 1.460474176e-12 0.0 
5.625 1.6774461e-14 4.0359536264e-13 0.0 3.749359952e-14 1.150354656e-12 0.0 
5.875 1.40291212e-14 4.24881376e-13 0.0 3.690733284e-14 9.17813116e-13 0.0 
6.125 1.7115452e-14 4.229785752e-13 0.0 2.88108806e-14 6.973377952e-13 0.0 
6.375 1.351688844e-14 3.904130368e-13 0.0 2.599602824e-14 5.755331688e-13 0.0 
6.625 1.360242732e-14 3.513428684e-13 0.0 2.81377358e-14 4.459647024e-13 0.0 
6.875 1.485685616e-14 3.070647126e-13 0.0 2.6905919e-14 4.207994368e-13 0.0 
7.125 1.296779768e-14 2.8740176e-13 0.0 2.048820836e-14 3.33530376e-13 0.0 
7.375 1.272286192e-14 2.875993284e-13 0.0 1.955920152e-14 3.100835124e-13 0.0 
7.625 1.230215008e-14 2.501577688e-13 0.0 1.86511612e-14 2.89241698e-13 0.0 
7.875 1.32737726e-14 2.151023354e-13 0.0 1.984030884e-14 2.781409324e-13 0.0 
8.125 1.028886848e-14 2.1295281576e-13 0.0 1.855229392e-14 2.191660656e-13 0.0 
8.375 1.075471172e-14 1.83030824e-13 0.0 1.993298564e-14 2.687896556e-13 0.0 
8.625 1.140931864e-14 1.7941226364e-13 0.0 1.401448296e-14 2.241868376e-13 0.0 
8.875 1.124322812e-14 1.7442155024e-13 0.0 1.412767028e-14 2.242992e-13 0.0 
9.125 1.060924576e-14 1.6249167588e-13 0.0 1.238978736e-14 1.951554544e-13 0.0 
9.375 9.25642184e-15 1.4087759944e-13 0.0 1.203817092e-14 2.0217042e-13 0.0 
9.625 8.0596474e-15 1.3551138168e-13 0.0 1.10677324e-14 1.69917826e-13 0.0 
9.875 8.59329616e-15 1.3241264708e-13 0.0 1.1295679e-14 1.852804004e-13 0.0 
10.125 8.45246992e-15 1.1900681236e-13 0.0 1.002806168e-14 1.693568492e-13 0.0 
10.375 8.95919632e-15 1.2323998752e-13 0.0 1.10085278e-14 1.707549156e-13 0.0 
10.625 1.030934564e-14 1.013239448e-13 0.0 9.97410996e-15 1.45918406e-13 0.0 
10.875 6.29173316e-15 9.211851248e-14 0.0 8.75634596e-15 1.41959576e-13 0.0 
11.125 7.0218268e-15 1.1222953836e-13 0.0 8.36483928e-15 1.50112206e-13 0.0 
11.375 6.46602724e-15 8.991631308e-14 0.0 9.17055456e-15 1.321744668e-13 0.0 
11.625 5.94746056e-15 7.26350478e-14 0.0 7.90717932e-15 1.445549384e-13 0.0 
11.875 6.40522532e-15 7.778938644e-14 0.0 6.9275934e-15 1.438635392e-13 0.0 
12.125 6.85907216e-15 7.17693238e-14 0.0 6.6967808e-15 1.324708028e-13 0.0 
12.375 5.61952572e-15 8.337018252e-14 0.0 5.4744032e-15 1.1685251e-13 0.0 
12.625 6.12410068e-15 7.116509252e-14 0.0 5.46639532e-15 1.249440288e-13 0.0 
12.875 4.77969956e-15 6.629557104e-14 0.0 5.91525268e-15 1.253726728e-13 0.0 
13.125 4.58063392e-15 6.095285552e-14 0.0 4.8565812e-15 1.1162899424e-13 0.0 
13.375 7.33259252e-15 7.281345432e-14 0.0 6.52272736e-15 1.059942596e-13 0.0 
13.625 5.44358028e-15 6.506060876e-14 0.0 5.4303588e-15 1.1371005012e-13 0.0 
13.875 5.60185592e-15 5.449548188e-14 0.0 5.67696372e-15 1.137886458e-13 0.0 
14.125 4.37953428e-15 7.29088658e-14 0.0 5.0304628e-15 1.0444327576e-13 0.0 
14.375 4.1989136e-15 5.353192696e-14 0.0 3.87369016e-15 1.006907916e-13 0.0 
14.625 3.80132612e-15 4.939853808e-14 0.0 3.7853124e-15 1.006314284e-13 0.0 
14.875 3.5480194e-15 5.419700068e-14 0.0 4.87102052e-15 8.617296408e-14 0.0 
15.125 3.5697844e-15 5.607088024e-14 0.0 3.986702e-15 7.8603506e-14 0.0 
15.375 3.2722248e-15 4.366827752e-14 0.0 3.841934e-15 8.20530396e-14 0.0 
15.625 3.8033024e-15 5.312122148e-14 0.0 3.61140056e-15 7.071292552e-14 0.0 
15.875 3.3028896e-15 3.627199184e-14 0.0 2.6546392e-15 7.628979564e-14 0.0 
16.125 3.3172712e-15 5.048864024e-14 0.0 2.2089912e-15 5.577746436e-14 0.0 
16.375 2.870974e-15 4.241062828e-14 0.0 2.9253752e-15 6.437895592e-14 0.0 
16.625 2.83291e-15 3.589069308e-14 0.0 3.0625096e-15 5.886718976e-14 0.0 
16.875 3.0897208e-15 3.404620168e-14 0.0 2.4699576e-15 5.19694416e-14 0.0 
17.125 3.346134e-15 3.808410208e-14 0.0 2.4882748e-15 6.087357132e-14 0.0 
17.375 2.698564e-15 3.5532482e-14 0.0 1.9085792e-15 5.55096308e-14 0.0 
17.625 2.6020668e-15 3.98050668e-14 0.0 3.6813996e-15 4.58721148e-14 0.0 
17.875 1.9793464e-15 4.04482348e-14 0.0 2.3869588e-15 4.19370132e-14 0.0 
18.125 1.382806e-15 3.2304374e-14 0.0 2.3233204e-15 3.97758504e-14 0.0 
18.375 2.051494e-15 3.55988808e-14 0.0 1.9234932e-15 4.12028412e-14 0.0 
18.625 1.795486e-15 3.2447058e-14 0.0 1.8377456e-15 3.27756408e-14 0.0 
18.875 1.0644208e-15 3.1771118e-14 0.0 1.6696672e-15 3.25309888e-14 0.0 
19.125 1.4592092e-15 4.02847148e-14 0.0 1.9792788e-15 3.17905384e-14 0.0 
19.375 1.2508712e-15 2.60797352e-14 0.0 2.6327536e-15 3.14783644e-14 0.0 
19.625 9.668856e-16 2.79978804e-14 0.0 1.4568428e-15 3.0897256e-14 0.0 
19.875 8.809428e-16 2.7409366e-14 0.0 2.3099648e-15 2.80204996e-14 0.0 
20.125 1.0113256e-15 2.30099812e-14 0.0 9.781292e-16 2.57829772e-14 0.0 
20.375 2.2809872e-15 2.48615512e-14 0.0 1.4468816e-15 2.5911626e-14 0.0 
20.625 1.9223892e-15 2.38528736e-14 0.0 1.9036536e-15 2.67180952e-14 0.0 
20.875 1.9414268e-15 2.1774418e-14 0.0 1.1345024e-15 2.85560572e-14 0.0 
21.125 1.0085244e-15 2.12827372e-14 0.0 1.1283756e-15 3.11389032e-14 0.0 
21.375 6.582896e-16 2.10747412e-14 0.0 1.5498584e-15 2.40143028e-14 0.0 
21.625 1.2725148e-15 1.9497072e-14 0.0 8.430084e-16 2.20339544e-14 0.0 
21.875 6.8653e-16 1.85240584e-14 0.0 7.070068e-16 2.09067664e-14 0.0 
22.125 1.2658636e-15 1.97151956e-14 0.0 1.4511212e-15 1.96449524e-14 0.0 
22.375 5.177528e-16 1.82451808e-14 0.0 7.304072e-16 2.3617362e-14 0.0 
22.625 4.948508e-16 1.83014548e-14 0.0 9.450396e-16 2.0135292e-14 0.0 
22.875 3.478352e-16 2.21498552e-14 0.0 9.16856e-16 1.80630924e-14 0.0 
23.125 9.945788e-16 1.90167544e-14 0.0 5.962756e-16 2.36775768e-14 0.0 
23.375 6.390372e-16 1.58895644e-14 0.0 5.545176e-16 2.03747004e-14 0.0 
23.625 9.195672e-16 1.5159932e-14 0.0 4.733864e-16 1.8004044e-14 0.0 
23.875 2.853548e-16 1.63950996e-14 0.0 7.539612e-16 1.56446508e-14 0.0 
24.125 4.461128e-16 1.49561796e-14 0.0 4.887484e-16 1.97956172e-14 0.0 
24.375 4.724768e-16 1.52125812e-14 0.0 6.48928e-16 1.52177848e-14 0.0 
24.625 1.2669976e-15 1.55798808e-14 0.0 1.017894e-15 2.05193612e-14 0.0 
24.875 2.024552e-16 1.446515e-14 0.0 3.489384e-16 1.68122928e-14 0.0 
25.125 3.504712e-16 1.40056196e-14 0.0 1.566684e-16 1.39222188e-14 0.0 
25.375 1.183392e-16 1.2633424e-14 0.0 7.924656e-16 1.39072272e-14 0.0 
25.625 5.912196e-16 1.3901986e-14 0.0 2.521896e-16 1.28260632e-14 0.0 
25.875 6.087264e-16 1.30043316e-14 0.0 1.772668e-16 1.32662764e-14 0.0 
26.125 2.3698e-16 1.13807408e-14 0.0 6.105296e-16 1.06548856e-14 0.0 
26.375 2.588172e-16 1.15277188e-14 0.0 5.461992e-16 1.23859596e-14 0.0 
26.625 7.82874e-16 1.36073992e-14 0.0 0.0 1.134488e-14 0.0 
26.875 0.0 1.0279318e-14 0.0 2.89916e-16 1.08608004e-14 0.0 
27.125 3.050104e-16 1.10892904e-14 0.0 3.418588e-16 1.10642308e-14 0.0 
27.375 1.915964e-16 1.06138428e-14 0.0 2.64546e-16 9.4558496e-15 0.0 
27.625 3.3142e-16 9.902208e-15 0.0 1.972996e-16 8.9179872e-15 0.0 
27.875 0.0 1.03863852e-14 0.0 2.819928e-16 8.4935792e-15 0.0 
28.125 4.765136e-16 1.03741824e-14 0.0 2.107452e-16 1.01442432e-14 0.0 
28.375 1.312176e-16 7.912364e-15 0.0 2.99722e-16 9.898406e-15 0.0 
28.625 4.338152e-16 7.3801112e-15 0.0 2.3312e-16 8.6186228e-15 0.0 
28.875 6.877284e-16 7.6168984e-15 0.0 0.0 9.2144384e-15 0.0 
29.125 0.0 8.7950688e-15 0.0 0.0 8.6811624e-15 0.0 
29.375 5.115636e-16 8.240088e-15 0.0 0.0 6.3561344e-15 0.0 
29.625 5.813464e-16 8.6242812e-15 0.0 0.0 6.829916e-15 0.0 
29.875 2.0419e-16 7.6692284e-15 0.0 0.0 7.0660264e-15 0.0 
30.125 2.496764e-16 7.6766532e-15 0.0 0.0 8.4227416e-15 0.0 
30.375 0.0 6.1693408e-15 0.0 0.0 6.8048404e-15 0.0 
30.625 6.211152e-16 7.9422456e-15 0.0 0.0 7.6820732e-15 0.0 
30.875 1.946428e-16 5.9826844e-15 0.0 0.0 6.8971056e-15 0.0 
31.125 2.87128e-16 7.2786492e-15 0.0 0.0 4.098492e-15 0.0 
31.375 0.0 6.0398144e-15 0.0 2.092652e-16 6.4438052e-15 0.0 
31.625 0.0 7.784e-15 0.0 0.0 4.7788736e-15 0.0 
31.875 2.094456e-16 6.1001344e-15 0.0 0.0 4.9932012e-15 0.0 
32.125 0.0 6.606588e-15 0.0 0.0 4.6437568e-15 0.0 
32.375 0.0 4.2891704e-15 0.0 2.326104e-16 4.287856e-15 0.0 
32.625 0.0 4.633698e-15 0.0 0.0 4.7930248e-15 0.0 
32.875 1.958256e-16 5.309882e-15 0.0 0.0 5.1589092e-15 0.0 
33.125 2.88532e-16 4.942656e-15 0.0 0.0 3.2865968e-15 0.0 
33.375 0.0 5.3165912e-15 0.0 0.0 2.89012e-15 0.0 
33.625 0.0 3.7038424e-15 0.0 0.0 4.0113512e-15 0.0 
33.875 3.207096e-16 5.1665136e-15 0.0 0.0 3.2859948e-15 0.0 
34.125 0.0 3.5983272e-15 0.0 2.59124e-16 3.0216332e-15 0.0 
34.375 2.926e-16 4.1930112e-15 0.0 0.0 3.7065148e-15 0.0 
34.625 0.0 3.7593644e-15 0.0 0.0 2.9480108e-15 0.0 
34.875 4.94244e-16 5.4802648e-15 0.0 0.0 2.9867792e-15 0.0 
35.125 3.110856e-16 5.0531388e-15 0.0 0.0 2.6938384e-15 0.0 
35.375 0.0 2.7343512e-15 0.0 0.0 2.9002108e-15 0.0 
35.625 0.0 5.0236788e-15 0.0 0.0 1.9056096e-15 0.0 
35.875 0.0 1.404162e-15 0.0 0.0 1.0532072e-15 0.0 
36.125 0.0 3.5584096e-15 0.0 0.0 2.8462256e-15 0.0 
36.375 0.0 1.98572e-15 0.0 0.0 1.9856932e-15 0.0 
36.625 0.0 2.3813508e-15 0.0 0.0 2.1965296e-15 0.0 
36.875 0.0 2.779922e-15 0.0 0.0 2.2261476e-15 0.0 
37.125 0.0 3.759892e-15 0.0 0.0 2.6326684e-15 0.0 
37.375 0.0 2.2897652e-15 0.0 0.0 2.2864812e-15 0.0 
37.625 0.0 1.934312e-15 0.0 0.0 3.0888656e-15 0.0 
37.875 4.63948e-16 2.9331444e-15 0.0 0.0 2.9377456e-15 0.0 
38.125 0.0 1.7865532e-15 0.0 0.0 9.886472e-16 0.0 
38.375 0.0 2.2114348e-15 0.0 0.0 2.6116504e-15 0.0 
38.625 0.0 3.2567656e-15 0.0 0.0 1.4240188e-15 0.0 
38.875 0.0 1.649434e-15 0.0 0.0 8.264304e-16 0.0 
39.125 0.0 1.8791612e-15 0.0 0.0 1.0439096e-15 0.0 
39.375 0.0 2.1131148e-15 0.0 0.0 1.0574488e-15 0.0 
39.625 0.0 1.4996108e-15 0.0 0.0 1.2861804e-15 0.0 
39.875 0.0 1.9515796e-15 0.0 0.0 1.084388e-15 0.0 
40.125 0.0 2.857868e-15 0.0 0.0 1.3169316e-15 0.0 
40.375 0.0 2.4482092e-15 0.0 4.30668e-16 1.5592392e-15 0.0 
40.625 0.0 2.2532592e-15 0.0 0.0 8.998388e-16 0.0 
40.875 0.0 1.8270328e-15 0.0 0.0 1.1370956e-15 0.0 
41.125 3.798912e-16 3.2328548e-15 0.0 0.0 9.212916e-16 0.0 
41.375 0.0 2.1040552e-15 0.0 0.0 6.992732e-16 0.0 
41.625 0.0 9.456196e-16 0.0 0.0 2.359588e-16 0.0 
41.875 0.0 7.168236e-16 0.0 0.0 1.1932476e-15 0.0 
42.125 0.0 3.1517044e-15 0.0 0.0 2.42316e-16 0.0 
42.375 0.0 2.934936e-15 0.0 0.0 1.4724896e-15 0.0 
42.625 0.0 1.2411188e-15 0.0 0.0 0.0 0.0 
42.875 0.0 1.5058428e-15 0.0 0.0 2.503788e-16 0.0 
43.125 0.0 2.538978e-15 0.0 0.0 1.0158632e-15 0.0 
43.375 0.0 1.0303072e-15 0.0 0.0 0.0 0.0 
43.625 0.0 0.0 0.0 0.0 7.775604e-16 0.0 
43.875 0.0 2.626928e-16 0.0 0.0 0.0 0.0 
44.125 0.0 7.966464e-16 0.0 0.0 7.974408e-16 0.0 
44.375 0.0 1.0741036e-15 0.0 0.0 2.672028e-16 0.0 
44.625 0.0 1.089334e-15 0.0 0.0 5.455232e-16 0.0 
44.875 0.0 5.49588e-16 0.0 0.0 2.733468e-16 0.0 
45.125 0.0 1.1118116e-15 0.0 0.0 2.786008e-16 0.0 
45.375 0.0 5.619512e-16 0.0 0.0 2.819232e-16 0.0 
45.625 0.0 5.678828e-16 0.0 0.0 1.134216e-15 0.0 
45.875 0.0 2.877776e-16 0.0 0.0 2.875132e-16 0.0 
46.125 0.0 5.794696e-16 0.0 0.0 5.783028e-16 0.0 
46.375 0.0 5.89182e-16 0.0 0.0 5.866e-16 0.0 
46.625 0.0 8.870096e-16 0.0 0.0 0.0 0.0 
46.875 0.0 5.998016e-16 0.0 0.0 2.997864e-16 0.0 
47.125 0.0 3.041692e-16 0.0 0.0 3.046524e-16 0.0 
47.375 0.0 6.130716e-16 0.0 0.0 3.069436e-16 0.0 
47.625 0.0 1.5477888e-15 0.0 0.0 3.100016e-16 0.0 
47.875 0.0 9.372132e-16 0.0 0.0 3.132348e-16 0.0 
48.125 0.0 0.0 0.0 0.0 3.173652e-16 0.0 
48.375 0.0 3.191888e-16 0.0 0.0 0.0 0.0 
48.625 0.0 3.216896e-16 0.0 0.0 6.4516e-16 0.0 
48.875 0.0 6.520476e-16 0.0 0.0 3.264348e-16 0.0 
49.125 0.0 3.294276e-16 0.0 0.0 0.0 0.0 
49.375 0.0 0.0 0.0 0.0 3.320172e-16 0.0 
49.625 0.0 3.368492e-16 0.0 0.0 0.0 0.0 
49.875 0.0 0.0 0.0 0.0 0.0 0.0 
50.125 0.0 3.41878e-16 0.0 0.0 3.417456e-16 0.0 
50.375 0.0 3.448944e-16 0.0 0.0 0.0 0.0 
50.625 0.0 3.490144e-16 0.0 0.0 3.492776e-16 0.0 
50.875 0.0 0.0 0.0 0.0 0.0 0.0 
51.125 0.0 0.0 0.0 0.0 0.0 0.0 
51.375 0.0 0.0 0.0 0.0 0.0 0.0 
51.625 0.0 0.0 0.0 0.0 3.650664e-16 0.0 
51.875 0.0 0.0 0.0 0.0 0.0 0.0 
52.125 0.0 1.4814888e-15 0.0 0.0 0.0 0.0 
52.375 0.0 1.1238152e-15 0.0 0.0 0.0 0.0 
52.625 0.0 0.0 0.0 0.0 0.0 0.0 
52.875 0.0 3.820664e-16 0.0 0.0 0.0 0.0 
53.125 0.0 0.0 0.0 0.0 3.856564e-16 0.0 
53.375 0.0 0.0 0.0 0.0 7.792084e-16 0.0 
53.625 0.0 0.0 0.0 0.0 3.924004e-16 0.0 
53.875 0.0 0.0 0.0 0.0 0.0 0.0 
54.125 0.0 3.995236e-16 0.0 0.0 0.0 0.0 
54.375 0.0 0.0 0.0 0.0 0.0 0.0 
54.625 0.0 0.0 0.0 0.0 0.0 0.0 
54.875 0.0 0.0 0.0 0.0 0.0 0.0 
55.125 0.0 0.0 0.0 0.0 0.0 0.0 
55.375 0.0 0.0 0.0 0.0 0.0 0.0 
55.625 0.0 0.0 0.0 0.0 0.0 0.0 
55.875 0.0 4.25672e-16 0.0 0.0 0.0 0.0 
56.125 0.0 4.31092e-16 0.0 0.0 0.0 0.0 
56.375 0.0 0.0 0.0 0.0 4.34472e-16 0.0 
56.625 0.0 0.0 0.0 0.0 0.0 0.0 
56.875 0.0 0.0 0.0 0.0 0.0 0.0 
57.125 0.0 0.0 0.0 0.0 0.0 0.0 
57.375 0.0 4.48108e-16 0.0 0.0 0.0 0.0 
57.625 0.0 0.0 0.0 0.0 0.0 0.0 
57.875 0.0 0.0 0.0 0.0 0.0 0.0 
58.125 0.0 0.0 0.0 0.0 0.0 0.0 
58.375 0.0 4.63376e-16 0.0 0.0 4.66464e-16 0.0 
58.625 0.0 0.0 0.0 0.0 0.0 0.0 
58.875 0.0 4.71356e-16 0.0 0.0 0.0 0.0 
59.125 0.0 0.0 0.0 0.0 0.0 0.0 
59.375 0.0 0.0 0.0 0.0 0.0 0.0 
59.625 0.0 0.0 0.0 0.0 0.0 0.0 
59.875 0.0 0.0 0.0 0.0 0.0 0.0 
60.125 0.0 0.0 0.0 0.0 0.0 0.0 
60.375 0.0 0.0 0.0 0.0 0.0 0.0 
60.625 0.0 0.0 0.0 0.0 0.0 0.0 
60.875 0.0 0.0 0.0 0.0 0.0 0.0 
61.125 0.0 0.0 0.0 0.0 0.0 0.0 
61.375 0.0 0.0 0.0 0.0 0.0 0.0 
61.625 0.0 0.0 0.0 0.0 0.0 0.0 
61.875 0.0 0.0 0.0 0.0 0.0 0.0 
62.125 0.0 0.0 0.0 0.0 0.0 0.0 
62.375 0.0 0.0 0.0 0.0 0.0 0.0 
62.625 0.0 0.0 0.0 0.0 0.0 0.0 
62.875 0.0 0.0 0.0 0.0 0.0 0.0 
63.125 0.0 0.0 0.0 0.0 0.0 0.0 
63.375 0.0 0.0 0.0 0.0 0.0 0.0 
63.625 0.0 0.0 0.0 0.0 0.0 0.0 
63.875 0.0 0.0 0.0 0.0 0.0 0.0 
64.125 0.0 0.0 0.0 0.0 0.0 0.0 
64.375 0.0 0.0 0.0 0.0 0.0 0.0 
64.625 0.0 0.0 0.0 0.0 0.0 0.0 
64.875 0.0 0.0 0.0 0.0 0.0 0.0 
65.125 0.0 0.0 0.0 0.0 0.0 0.0 
65.375 0.0 0.0 0.0 0.0 0.0 0.0 
65.625 0.0 0.0 0.0 0.0 0.0 0.0 
65.875 0.0 0.0 0.0 0.0 0.0 0.0 
66.125 0.0 0.0 0.0 0.0 0.0 0.0 
66.375 0.0 0.0 0.0 0.0 0.0 0.0 
66.625 0.0 0.0 0.0 0.0 0.0 0.0 
66.875 0.0 6.11316e-16 0.0 0.0 0.0 0.0 
67.125 0.0 0.0 0.0 0.0 0.0 0.0 
67.375 0.0 0.0 0.0 0.0 0.0 0.0 
67.625 0.0 0.0 0.0 0.0 0.0 0.0 
67.875 0.0 0.0 0.0 0.0 0.0 0.0 
68.125 0.0 0.0 0.0 0.0 0.0 0.0 
68.375 0.0 0.0 0.0 0.0 0.0 0.0 
68.625 0.0 0.0 0.0 0.0 0.0 0.0 
68.875 0.0 0.0 0.0 0.0 0.0 0.0 
69.125 0.0 0.0 0.0 0.0 0.0 0.0 
69.375 0.0 0.0 0.0 0.0 0.0 0.0 
69.625 0.0 0.0 0.0 0.0 0.0 0.0 
69.875 0.0 0.0 0.0 0.0 0.0 0.0 
70.125 0.0 0.0 0.0 0.0 0.0 0.0 
70.375 0.0 0.0 0.0 0.0 0.0 0.0 
70.625 0.0 0.0 0.0 0.0 0.0 0.0 
70.875 0.0 0.0 0.0 0.0 0.0 0.0 
71.125 0.0 0.0 0.0 0.0 0.0 0.0 
71.375 0.0 0.0 0.0 0.0 0.0 0.0 
71.625 0.0 0.0 0.0 0.0 0.0 0.0 
71.875 0.0 0.0 0.0 0.0 0.0 0.0 
72.125 0.0 0.0 0.0 0.0 0.0 0.0 
72.375 0.0 0.0 0.0 0.0 0.0 0.0 
72.625 0.0 0.0 0.0 0.0 0.0 0.0 
72.875 0.0 0.0 0.0 0.0 0.0 0.0 
73.125 0.0 0.0 0.0 0.0 0.0 0.0 
73.375 0.0 0.0 0.0 0.0 0.0 0.0 
73.625 0.0 0.0 0.0 0.0 0.0 0.0 
73.875 0.0 0.0 0.0 0.0 0.0 0.0 
74.125 0.0 0.0 0.0 0.0 0.0 0.0 
74.375 0.0 0.0 0.0 0.0 0.0 0.0 
74.625 0.0 0.0 0.0 0.0 0.0 0.0 
74.875 0.0 0.0 0.0 0.0 0.0 0.0 
75.125 0.0 0.0 0.0 0.0 0.0 0.0 
75.375 0.0 0.0 0.0 0.0 0.0 0.0 
75.625 0.0 0.0 0.0 0.0 0.0 0.0 
75.875 0.0 0.0 0.0 0.0 0.0 0.0 
76.125 0.0 0.0 0.0 0.0 0.0 0.0 
76.375 0.0 0.0 0.0 0.0 0.0 0.0 
76.625 0.0 0.0 0.0 0.0 0.0 0.0 
76.875 0.0 0.0 0.0 0.0 0.0 0.0 
77.125 0.0 0.0 0.0 0.0 0.0 0.0 
77.375 0.0 0.0 0.0 0.0 0.0 0.0 
77.625 0.0 0.0 0.0 0.0 0.0 0.0 
77.875 0.0 0.0 0.0 0.0 0.0 0.0 
78.125 0.0 0.0 0.0 0.0 0.0 0.0 
78.375 0.0 0.0 0.0 0.0 0.0 0.0 
78.625 0.0 0.0 0.0 0.0 0.0 0.0 
78.875 0.0 0.0 0.0 0.0 0.0 0.0 
79.125 0.0 0.0 0.0 0.0 0.0 0.0 
79.375 0.0 0.0 0.0 0.0 0.0 0.0 
79.625 0.0 0.0 0.0 0.0 0.0 0.0 
79.875 0.0 0.0 0.0 0.0 0.0 0.0 
80.125 0.0 0.0 0.0 0.0 0.0 0.0 
80.375 0.0 0.0 0.0 0.0 0.0 0.0 
80.625 0.0 0.0 0.0 0.0 0.0 0.0 
80.875 0.0 0.0 0.0 0.0 0.0 0.0 
81.125 0.0 0.0 0.0 0.0 0.0 0.0 
81.375 0.0 0.0 0.0 0.0 0.0 0.0 
81.625 0.0 0.0 0.0 0.0 0.0 0.0 
81.875 0.0 0.0 0.0 0.0 0.0 0.0 
82.125 0.0 0.0 0.0 0.0 0.0 0.0 
82.375 0.0 0.0 0.0 0.0 0.0 0.0 
82.625 0.0 0.0 0.0 0.0 0.0 0.0 
82.875 0.0 0.0 0.0 0.0 0.0 0.0 
83.125 0.0 0.0 0.0 0.0 0.0 0.0 
83.375 0.0 0.0 0.0 0.0 0.0 0.0 
83.625 0.0 0.0 0.0 0.0 0.0 0.0 
83.875 0.0 0.0 0.0 0.0 0.0 0.0 
84.125 0.0 0.0 0.0 0.0 0.0 0.0 
84.375 0.0 0.0 0.0 0.0 0.0 0.0 
84.625 0.0 0.0 0.0 0.0 0.0 0.0 
84.875 0.0 0.0 0.0 0.0 0.0 0.0 
85.125 0.0 0.0 0.0 0.0 0.0 0.0 
85.375 0.0 0.0 0.0 0.0 0.0 0.0 
85.625 0.0 0.0 0.0 0.0 0.0 0.0 
85.875 0.0 0.0 0.0 0.0 0.0 0.0 
86.125 0.0 0.0 0.0 0.0 0.0 0.0 
86.375 0.0 0.0 0.0 0.0 0.0 0.0 
86.625 0.0 0.0 0.0 0.0 0.0 0.0 
86.875 0.0 0.0 0.0 0.0 0.0 0.0 
87.125 0.0 0.0 0.0 0.0 0.0 0.0 
87.375 0.0 0.0 0.0 0.0 0.0 0.0 
87.625 0.0 0.0 0.0 0.0 0.0 0.0 
87.875 0.0 0.0 0.0 0.0 0.0 0.0 
88.125 0.0 0.0 0.0 0.0 0.0 0.0 
88.375 0.0 0.0 0.0 0.0 0.0 0.0 
88.625 0.0 0.0 0.0 0.0 0.0 0.0 
88.875 0.0 0.0 0.0 0.0 0.0 0.0 
89.125 0.0 0.0 0.0 0.0 0.0 0.0 
89.375 0.0 0.0 0.0 0.0 0.0 0.0 
89.625 0.0 0.0 0.0 0.0 0.0 0.0 
89.875 0.0 0.0 0.0 0.0 0.0 0.0 
90.125 0.0 0.0 0.0 0.0 0.0 0.0 
90.375 0.0 0.0 0.0 0.0 0.0 0.0 
90.625 0.0 0.0 0.0 0.0 0.0 0.0 
90.875 0.0 0.0 0.0 0.0 0.0 0.0 
91.125 0.0 0.0 0.0 0.0 0.0 0.0 
91.375 0.0 0.0 0.0 0.0 0.0 0.0 
91.625 0.0 0.0 0.0 0.0 0.0 0.0 
91.875 0.0 0.0 0.0 0.0 0.0 0.0 
92.125 0.0 0.0 0.0 0.0 0.0 0.0 
92.375 0.0 0.0 0.0 0.0 0.0 0.0 
92.625 0.0 0.0 0.0 0.0 0.0 0.0 
92.875 0.0 0.0 0.0 0.0 0.0 0.0 
93.125 0.0 0.0 0.0 0.0 0.0 0.0 
93.375 0.0 0.0 0.0 0.0 0.0 0.0 
93.625 0.0 0.0 0.0 0.0 0.0 0.0 
93.875 0.0 0.0 0.0 0.0 0.0 0.0 
94.125 0.0 0.0 0.0 0.0 0.0 0.0 
94.375 0.0 0.0 0.0 0.0 0.0 0.0 
94.625 0.0 0.0 0.0 0.0 0.0 0.0 
94.875 0.0 0.0 0.0 0.0 0.0 0.0 
95.125 0.0 0.0 0.0 0.0 0.0 0.0 
95.375 0.0 0.0 0.0 0.0 0.0 0.0 
95.625 0.0 0.0 0.0 0.0 0.0 0.0 
95.875 0.0 0.0 0.0 0.0 0.0 0.0 
96.125 0.0 0.0 0.0 0.0 0.0 0.0 
96.375 0.0 0.0 0.0 0.0 0.0 0.0 
96.625 0.0 0.0 0.0 0.0 0.0 0.0 
96.875 0.0 0.0 0.0 0.0 0.0 0.0 
97.125 0.0 0.0 0.0 0.0 0.0 0.0 
97.375 0.0 0.0 0.0 0.0 0.0 0.0 
97.625 0.0 0.0 0.0 0.0 0.0 0.0 
97.875 0.0 0.0 0.0 0.0 0.0 0.0 
98.125 0.0 0.0 0.0 0.0 0.0 0.0 
98.375 0.0 0.0 0.0 0.0 0.0 0.0 
98.625 0.0 0.0 0.0 0.0 0.0 0.0 
98.875 0.0 0.0 0.0 0.0 0.0 0.0 
99.125 0.0 0.0 0.0 0.0 0.0 0.0 
99.375 0.0 0.0 0.0 0.0 0.0 0.0 
99.625 0.0 0.0 0.0 0.0 0.0 0.0 
99.875 0.0 0.0 0.0 0.0 0.0 0.0 
100.125 0.0 0.0 0.0 0.0 0.0 0.0 
100.375 0.0 0.0 0.0 0.0 0.0 0.0 
100.625 0.0 0.0 0.0 0.0 0.0 0.0 
100.875 0.0 0.0 0.0 0.0 0.0 0.0 
101.125 0.0 0.0 0.0 0.0 0.0 0.0 
101.375 0.0 0.0 0.0 0.0 0.0 0.0 
101.625 0.0 0.0 0.0 0.0 0.0 0.0 
101.875 0.0 0.0 0.0 0.0 0.0 0.0 
102.125 0.0 0.0 0.0 0.0 0.0 0.0 
102.375 0.0 0.0 0.0 0.0 0.0 0.0 
102.625 0.0 0.0 0.0 0.0 0.0 0.0 
102.875 0.0 0.0 0.0 0.0 0.0 0.0 
103.125 0.0 0.0 0.0 0.0 0.0 0.0 
103.375 0.0 0.0 0.0 0.0 0.0 0.0 
103.625 0.0 0.0 0.0 0.0 0.0 0.0 
103.875 0.0 0.0 0.0 0.0 0.0 0.0 
104.125 0.0 0.0 0.0 0.0 0.0 0.0 
104.375 0.0 0.0 0.0 0.0 0.0 0.0 
104.625 0.0 0.0 0.0 0.0 0.0 0.0 
104.875 0.0 0.0 0.0 0.0 0.0 0.0 
105.125 0.0 0.0 0.0 0.0 0.0 0.0 
105.375 0.0 0.0 0.0 0.0 0.0 0.0 
105.625 0.0 0.0 0.0 0.0 0.0 0.0 
105.875 0.0 0.0 0.0 0.0 0.0 0.0 
106.125 0.0 0.0 0.0 0.0 0.0 0.0 
106.375 0.0 0.0 0.0 0.0 0.0 0.0 
106.625 0.0 0.0 0.0 0.0 0.0 0.0 
106.875 0.0 0.0 0.0 0.0 0.0 0.0 
107.125 0.0 0.0 0.0 0.0 0.0 0.0 
107.375 0.0 0.0 0.0 0.0 0.0 0.0 
107.625 0.0 0.0 0.0 0.0 0.0 0.0 
107.875 0.0 0.0 0.0 0.0 0.0 0.0 
108.125 0.0 0.0 0.0 0.0 0.0 0.0 
108.375 0.0 0.0 0.0 0.0 0.0 0.0 
108.625 0.0 0.0 0.0 0.0 0.0 0.0 
108.875 0.0 0.0 0.0 0.0 0.0 0.0 
109.125 0.0 0.0 0.0 0.0 0.0 0.0 
109.375 0.0 0.0 0.0 0.0 0.0 0.0 
109.625 0.0 0.0 0.0 0.0 0.0 0.0 
109.875 0.0 0.0 0.0 0.0 0.0 0.0 
110.125 0.0 0.0 0.0 0.0 0.0 0.0 
110.375 0.0 0.0 0.0 0.0 0.0 0.0 
110.625 0.0 0.0 0.0 0.0 0.0 0.0 
110.875 0.0 0.0 0.0 0.0 0.0 0.0 
111.125 0.0 0.0 0.0 0.0 0.0 0.0 
111.375 0.0 0.0 0.0 0.0 0.0 0.0 
111.625 0.0 0.0 0.0 0.0 0.0 0.0 
111.875 0.0 0.0 0.0 0.0 0.0 0.0 
112.125 0.0 0.0 0.0 0.0 0.0 0.0 
112.375 0.0 0.0 0.0 0.0 0.0 0.0 
112.625 0.0 0.0 0.0 0.0 0.0 0.0 
112.875 0.0 0.0 0.0 0.0 0.0 0.0 
113.125 0.0 0.0 0.0 0.0 0.0 0.0 
113.375 0.0 0.0 0.0 0.0 0.0 0.0 
113.625 0.0 0.0 0.0 0.0 0.0 0.0 
113.875 0.0 0.0 0.0 0.0 0.0 0.0 
114.125 0.0 0.0 0.0 0.0 0.0 0.0 
114.375 0.0 0.0 0.0 0.0 0.0 0.0 
114.625 0.0 0.0 0.0 0.0 0.0 0.0 
114.875 0.0 0.0 0.0 0.0 0.0 0.0 
115.125 0.0 0.0 0.0 0.0 0.0 0.0 
115.375 0.0 0.0 0.0 0.0 0.0 0.0 
115.625 0.0 0.0 0.0 0.0 0.0 0.0 
115.875 0.0 0.0 0.0 0.0 0.0 0.0 
116.125 0.0 0.0 0.0 0.0 0.0 0.0 
116.375 0.0 0.0 0.0 0.0 0.0 0.0 
116.625 0.0 0.0 0.0 0.0 0.0 0.0 
116.875 0.0 0.0 0.0 0.0 0.0 0.0 
117.125 0.0 0.0 0.0 0.0 0.0 0.0 
117.375 0.0 0.0 0.0 0.0 0.0 0.0 
117.625 0.0 0.0 0.0 0.0 0.0 0.0 
117.875 0.0 0.0 0.0 0.0 0.0 0.0 
118.125 0.0 0.0 0.0 0.0 0.0 0.0 
118.375 0.0 0.0 0.0 0.0 0.0 0.0 
118.625 0.0 0.0 0.0 0.0 0.0 0.0 
118.875 0.0 0.0 0.0 0.0 0.0 0.0 
119.125 0.0 0.0 0.0 0.0 0.0 0.0 
119.375 0.0 0.0 0.0 0.0 0.0 0.0 
119.625 0.0 0.0 0.0 0.0 0.0 0.0 
119.875 0.0 0.0 0.0 0.0 0.0 0.0 
120.125 0.0 0.0 0.0 0.0 0.0 0.0 
120.375 0.0 0.0 0.0 0.0 0.0 0.0 
120.625 0.0 0.0 0.0 0.0 0.0 0.0 
120.875 0.0 0.0 0.0 0.0 0.0 0.0 
121.125 0.0 0.0 0.0 0.0 0.0 0.0 
121.375 0.0 0.0 0.0 0.0 0.0 0.0 
121.625 0.0 0.0 0.0 0.0 0.0 0.0 
121.875 0.0 0.0 0.0 0.0 0.0 0.0 
122.125 0.0 0.0 0.0 0.0 0.0 0.0 
122.375 0.0 0.0 0.0 0.0 0.0 0.0 
122.625 0.0 0.0 0.0 0.0 0.0 0.0 
122.875 0.0 0.0 0.0 0.0 0.0 0.0 
123.125 0.0 0.0 0.0 0.0 0.0 0.0 
123.375 0.0 0.0 0.0 0.0 0.0 0.0 
123.625 0.0 0.0 0.0 0.0 0.0 0.0 
123.875 0.0 0.0 0.0 0.0 0.0 0.0 
124.125 0.0 0.0 0.0 0.0 0.0 0.0 
124.375 0.0 0.0 0.0 0.0 0.0 0.0 
124.625 0.0 0.0 0.0 0.0 0.0 0.0 
124.875 0.0 0.0 0.0 0.0 0.0 0.0 
125.125 0.0 0.0 0.0 0.0 0.0 0.0 
