

--------- #nue_app ---------
	
0.0625	    0.329849	           0	
0.1875	     1.04345	           0	
0.3125	    0.558234	           0	
0.4375	    0.531155	   0.0283341	
0.5625	     1.26862	           0	
0.6875	     1.97695	   0.0407915	
0.8125	     3.22698	   0.0336182	
0.9375	     3.53671	    0.104688	
 1.062	     4.06233	           0	
 1.188	     4.28398	   0.0970316	
 1.312	     5.70997	    0.100832	
 1.438	     7.45637	   0.0293675	
 1.562	     11.1487	   0.0581516	
 1.688	     13.5515	   0.0644862	
 1.812	     17.1724	    0.113518	
 1.938	     22.9432	    0.112801	
 2.062	     25.4291	    0.139191	
 2.188	     27.8319	    0.169936	
 2.312	     29.2293	      0.1989	
 2.438	     36.9929	    0.209558	
 2.562	     38.6208	     0.22804	
 2.688	     38.4991	    0.254699	
 2.812	     36.2469	    0.289077	
 2.938	     39.9289	    0.238806	
 3.062	     36.3979	     0.28469	
 3.188	     36.6231	    0.307892	
 3.312	     31.1407	    0.241587	
 3.438	     29.1922	    0.222906	
 3.562	     26.4324	    0.241169	
 3.688	      24.376	     0.19536	
 3.812	     20.0616	     0.19214	
 3.938	      18.089	    0.245066	
 4.062	     15.5414	    0.157024	
 4.188	     14.6105	    0.228091	
 4.312	     11.0333	    0.174881	
 4.438	     10.4185	    0.212964	
 4.562	     8.09167	    0.144952	
 4.688	     7.14371	    0.151953	
 4.812	     5.84721	    0.128279	
 4.938	     4.15123	    0.138727	
 5.062	     3.39969	    0.157359	
 5.188	     3.39388	     0.13479	
 5.312	       2.779	    0.149202	
 5.438	     1.95376	    0.101346	
 5.562	     1.89523	           0	
 5.688	     1.53377	    0.117054	
 5.812	     1.15485	    0.120607	
 5.938	     1.15414	   0.0631933	
 6.062	    0.937575	   0.0857629	
 6.188	    0.725765	   0.0781696	
 6.312	     0.53597	           0	
 6.438	    0.833549	           0	
 6.562	    0.750903	   0.0700841	
 6.688	    0.470732	   0.0525278	
 6.812	    0.402032	           0	
 6.938	    0.301257	   0.0496429	
 7.062	    0.405661	   0.0978375	
 7.188	    0.320973	   0.0712459	
 7.312	    0.206739	           0	
 7.438	    0.175124	   0.0588892	
 7.562	    0.233305	   0.0247823	
 7.688	    0.234825	   0.0611904	
 7.812	     0.25812	           0	
 7.938	    0.104554	   0.0185776	
   8.5	     1.07294	    0.316649	
   9.5	    0.818514	     0.10698	
    11	    0.851691	    0.144434	
    13	    0.498528	    0.091364	
    15	    0.203336	   0.0213436	
    17	      0.1085	   0.0202286	
    19	   0.0516852	           0	
--------------------------------------
Total:	     698.496	     7.99277	
	
0.0625	           0	           0	    0.294233	           0	           0	           0	    0.390488	           0	
0.1875	           0	           0	           0	    0.647417	    0.286771	           0	     1.16882	           0	
0.3125	    0.559624	           0	    0.378372	           0	   0.0988283	           0	    0.778095	           0	
0.4375	           0	           0	           0	           0	           0	           0	    0.982017	           0	
0.5625	    0.966849	           0	           0	           0	           0	           0	     2.14358	           0	
0.6875	     1.47506	           0	    0.341636	           0	    0.131819	           0	     1.57425	           0	
0.8125	           0	           0	           0	           0	    0.106584	    0.090496	     3.13411	           0	
0.9375	           0	           0	    0.798257	           0	    0.107814	           0	     4.72783	    0.260407	
 1.062	     3.64882	           0	    0.773734	           0	    0.509234	           0	     6.42129	           0	
 1.188	     1.88082	           0	    0.679916	           0	    0.491974	    0.152668	     7.65288	    0.332265	
 1.312	    0.714467	           0	    0.307411	           0	    0.853089	           0	     5.87495	    0.238304	
 1.438	     1.70045	           0	     1.01915	           0	    0.563546	           0	     10.3037	     0.32174	
 1.562	     3.81879	           0	    0.873416	           0	    0.974004	    0.168747	     6.71007	           0	
 1.688	    0.545867	    0.119977	     1.34178	           0	    0.853402	           0	     9.92697	    0.270789	
 1.812	     2.67587	           0	    0.712499	           0	      1.8797	           0	     8.44791	     1.27453	
 1.938	      4.7181	   0.0701189	    0.827575	           0	     1.05056	    0.208957	     8.83574	           0	
 2.062	     1.15877	           0	    0.943724	           0	     1.27874	    0.104683	     7.81226	     0.48543	
 2.188	     3.48082	    0.242956	    0.794235	    0.575106	     1.35118	     0.26972	     10.8018	           0	
 2.312	     1.63448	           0	     1.73173	           0	     1.16457	    0.234086	     8.80133	    0.330099	
 2.438	     2.23396	           0	     1.25752	           0	     1.17339	    0.194679	     7.68966	     1.41295	
 2.562	     2.49216	           0	     0.99066	           0	    0.711344	           0	     10.0672	    0.659932	
 2.688	     3.03894	    0.150966	     1.03748	           0	     1.72363	           0	     8.19224	     0.71729	
 2.812	     1.64691	           0	    0.784675	           0	     1.64632	           0	     6.40383	    0.641795	
 2.938	     4.78447	    0.279064	     1.13235	           0	     1.45547	   0.0843715	     5.83066	    0.319793	
 3.062	      2.2387	           0	      2.8782	           0	    0.978373	     0.28111	     5.69889	    0.304335	
 3.188	     1.99086	    0.243613	     1.03383	           0	     1.26557	           0	      6.0713	           0	
 3.312	     3.30537	           0	     1.61781	           0	     0.84479	           0	     6.34751	           0	
 3.438	     2.15568	    0.371581	    0.912708	           0	     1.30926	    0.141235	     4.26014	           0	
 3.562	     4.62312	           0	     1.92236	           0	     1.18703	           0	     4.07895	           0	
 3.688	     2.99253	           0	    0.910853	           0	    0.300507	           0	     3.83478	    0.319628	
 3.812	     2.07918	           0	     1.85023	           0	    0.596666	           0	     2.80974	     0.33875	
 3.938	     3.31182	   0.0543876	     2.01872	           0	    0.919112	     0.24261	     2.34297	    0.775178	
 4.062	    0.522398	    0.381917	    0.703048	           0	    0.709497	    0.136617	     2.06771	     1.00323	
 4.188	           0	    0.230868	    0.739947	           0	    0.612085	           0	     1.73306	           0	
 4.312	     2.49288	           0	     1.89445	           0	    0.922156	           0	     2.05448	    0.513583	
 4.438	     3.28743	           0	     1.00611	           0	    0.553765	           0	     1.33817	    0.480439	
 4.562	     3.38786	    0.420559	    0.821648	           0	    0.398764	     0.25412	     1.56092	    0.489619	
 4.688	     4.00627	           0	    0.563987	           0	    0.338869	    0.113891	     1.48449	    0.898564	
 4.812	     2.33611	           0	    0.567883	           0	    0.497769	           0	    0.712786	           0	
 4.938	     2.54476	           0	           0	           0	    0.211058	   0.0673381	    0.819073	           0	
 5.062	     2.07763	           0	    0.313097	           0	    0.500371	    0.137548	     1.79921	           0	
 5.188	     1.75026	           0	    0.322402	           0	    0.602592	           0	     0.30952	           0	
 5.312	     1.26778	    0.274675	           0	           0	    0.181745	           0	    0.539269	           0	
 5.438	           0	           0	           0	           0	    0.144553	    0.104422	    0.725308	           0	
 5.562	           0	           0	    0.319052	           0	    0.338415	    0.198855	    0.666573	    0.745788	
 5.688	     1.68572	           0	    0.350565	           0	    0.303575	           0	    0.973888	           0	
 5.812	     1.75858	           0	           0	           0	    0.165464	     0.13204	    0.518224	           0	
 5.938	     3.09879	           0	           0	           0	   0.0479936	   0.0901286	    0.262924	           0	
 6.062	     1.99228	           0	           0	           0	    0.180214	           0	    0.293225	           0	
 6.188	     2.43446	           0	     0.36576	           0	     0.12223	           0	    0.691154	           0	
 6.312	     3.49173	           0	           0	           0	    0.117733	           0	    0.867643	           0	
 6.438	     1.41951	    0.480668	           0	           0	    0.067499	           0	    0.410493	           0	
 6.562	    0.805019	           0	           0	           0	    0.109444	           0	    0.302761	           0	
 6.688	    0.525996	    0.936129	           0	           0	   0.0321815	    0.116853	     0.40484	           0	
 6.812	     2.42684	    0.271091	           0	           0	   0.0646122	           0	    0.464721	           0	
 6.938	     2.41304	    0.276086	           0	           0	    0.160669	           0	    0.134445	           0	
 7.062	     2.78844	           0	           0	           0	    0.149804	           0	    0.163235	           0	
 7.188	     1.19666	           0	           0	           0	    0.178182	           0	    0.287956	           0	
 7.312	     1.08848	   0.0982917	           0	           0	   0.0246244	           0	    0.438239	           0	
 7.438	     1.42745	    0.550044	           0	           0	   0.0614871	      0.0314	    0.280444	           0	
 7.562	           0	           0	           0	           0	    0.157044	           0	    0.403862	           0	
 7.688	           0	           0	           0	           0	           0	   0.0568103	    0.279468	           0	
 7.812	           0	           0	           0	           0	   0.0274657	    0.019162	    0.166105	           0	
 7.938	      1.4314	           0	           0	           0	   0.0467779	           0	    0.516215	           0	
   8.5	     3.72822	    0.652225	     0.53671	           0	    0.337399	    0.101949	    0.476134	    0.445836	
   9.5	     5.78873	    0.712703	           0	           0	    0.224139	   0.0366955	    0.457658	           0	
    11	     5.74549	     2.20124	           0	           0	    0.334498	   0.0386759	    0.311905	      1.1105	
    13	     4.78049	           0	           0	           0	    0.212075	   0.0397952	    0.697425	           0	
    15	    0.879654	     1.96804	           0	           0	   0.0360612	   0.0684399	           0	           0	
    17	    0.808668	           0	           0	           0	   0.0298139	           0	    0.185211	           0	
    19	     2.58952	           0	           0	           0	   0.0088466	           0	           0	           0	
--------------------------------------------------------------------------------------------------------------------------------------
Total:	     143.851	     10.9872	     38.6697	     1.22252	     35.0248	      3.9181	     205.915	     14.6908	

	
--------- #nuebar_app ---------
	
0.0625	           0	           0	
0.1875	           0	           0	
0.3125	           0	           0	
0.4375	           0	           0	
0.5625	           0	           0	
0.6875	           0	           0	
0.8125	           0	           0	
0.9375	           0	           0	
 1.062	           0	           0	
 1.188	           0	           0	
 1.312	           0	           0	
 1.438	           0	           0	
 1.562	           0	           0	
 1.688	           0	           0	
 1.812	           0	           0	
 1.938	           0	           0	
 2.062	           0	           0	
 2.188	           0	           0	
 2.312	           0	           0	
 2.438	           0	           0	
 2.562	           0	           0	
 2.688	           0	           0	
 2.812	           0	           0	
 2.938	           0	           0	
 3.062	           0	           0	
 3.188	           0	           0	
 3.312	           0	           0	
 3.438	           0	           0	
 3.562	           0	           0	
 3.688	           0	           0	
 3.812	           0	           0	
 3.938	           0	           0	
 4.062	           0	           0	
 4.188	           0	           0	
 4.312	           0	           0	
 4.438	           0	           0	
 4.562	           0	           0	
 4.688	           0	           0	
 4.812	           0	           0	
 4.938	           0	           0	
 5.062	           0	           0	
 5.188	           0	           0	
 5.312	           0	           0	
 5.438	           0	           0	
 5.562	           0	           0	
 5.688	           0	           0	
 5.812	           0	           0	
 5.938	           0	           0	
 6.062	           0	           0	
 6.188	           0	           0	
 6.312	           0	           0	
 6.438	           0	           0	
 6.562	           0	           0	
 6.688	           0	           0	
 6.812	           0	           0	
 6.938	           0	           0	
 7.062	           0	           0	
 7.188	           0	           0	
 7.312	           0	           0	
 7.438	           0	           0	
 7.562	           0	           0	
 7.688	           0	           0	
 7.812	           0	           0	
 7.938	           0	           0	
   8.5	           0	           0	
   9.5	           0	           0	
    11	           0	           0	
    13	           0	           0	
    15	           0	           0	
    17	           0	           0	
    19	           0	           0	
--------------------------------------
Total:	           0	           0	
	
0.0625	           0	           0	           0	           0	           0	           0	           0	           0	
0.1875	           0	           0	           0	           0	           0	           0	           0	           0	
0.3125	           0	           0	           0	           0	           0	           0	           0	           0	
0.4375	           0	           0	           0	           0	           0	           0	           0	           0	
0.5625	           0	           0	           0	           0	           0	           0	           0	           0	
0.6875	           0	           0	           0	           0	           0	           0	           0	           0	
0.8125	           0	           0	           0	           0	           0	           0	           0	           0	
0.9375	           0	           0	           0	           0	           0	           0	           0	           0	
 1.062	           0	           0	           0	           0	           0	           0	           0	           0	
 1.188	           0	           0	           0	           0	           0	           0	           0	           0	
 1.312	           0	           0	           0	           0	           0	           0	           0	           0	
 1.438	           0	           0	           0	           0	           0	           0	           0	           0	
 1.562	           0	           0	           0	           0	           0	           0	           0	           0	
 1.688	           0	           0	           0	           0	           0	           0	           0	           0	
 1.812	           0	           0	           0	           0	           0	           0	           0	           0	
 1.938	           0	           0	           0	           0	           0	           0	           0	           0	
 2.062	           0	           0	           0	           0	           0	           0	           0	           0	
 2.188	           0	           0	           0	           0	           0	           0	           0	           0	
 2.312	           0	           0	           0	           0	           0	           0	           0	           0	
 2.438	           0	           0	           0	           0	           0	           0	           0	           0	
 2.562	           0	           0	           0	           0	           0	           0	           0	           0	
 2.688	           0	           0	           0	           0	           0	           0	           0	           0	
 2.812	           0	           0	           0	           0	           0	           0	           0	           0	
 2.938	           0	           0	           0	           0	           0	           0	           0	           0	
 3.062	           0	           0	           0	           0	           0	           0	           0	           0	
 3.188	           0	           0	           0	           0	           0	           0	           0	           0	
 3.312	           0	           0	           0	           0	           0	           0	           0	           0	
 3.438	           0	           0	           0	           0	           0	           0	           0	           0	
 3.562	           0	           0	           0	           0	           0	           0	           0	           0	
 3.688	           0	           0	           0	           0	           0	           0	           0	           0	
 3.812	           0	           0	           0	           0	           0	           0	           0	           0	
 3.938	           0	           0	           0	           0	           0	           0	           0	           0	
 4.062	           0	           0	           0	           0	           0	           0	           0	           0	
 4.188	           0	           0	           0	           0	           0	           0	           0	           0	
 4.312	           0	           0	           0	           0	           0	           0	           0	           0	
 4.438	           0	           0	           0	           0	           0	           0	           0	           0	
 4.562	           0	           0	           0	           0	           0	           0	           0	           0	
 4.688	           0	           0	           0	           0	           0	           0	           0	           0	
 4.812	           0	           0	           0	           0	           0	           0	           0	           0	
 4.938	           0	           0	           0	           0	           0	           0	           0	           0	
 5.062	           0	           0	           0	           0	           0	           0	           0	           0	
 5.188	           0	           0	           0	           0	           0	           0	           0	           0	
 5.312	           0	           0	           0	           0	           0	           0	           0	           0	
 5.438	           0	           0	           0	           0	           0	           0	           0	           0	
 5.562	           0	           0	           0	           0	           0	           0	           0	           0	
 5.688	           0	           0	           0	           0	           0	           0	           0	           0	
 5.812	           0	           0	           0	           0	           0	           0	           0	           0	
 5.938	           0	           0	           0	           0	           0	           0	           0	           0	
 6.062	           0	           0	           0	           0	           0	           0	           0	           0	
 6.188	           0	           0	           0	           0	           0	           0	           0	           0	
 6.312	           0	           0	           0	           0	           0	           0	           0	           0	
 6.438	           0	           0	           0	           0	           0	           0	           0	           0	
 6.562	           0	           0	           0	           0	           0	           0	           0	           0	
 6.688	           0	           0	           0	           0	           0	           0	           0	           0	
 6.812	           0	           0	           0	           0	           0	           0	           0	           0	
 6.938	           0	           0	           0	           0	           0	           0	           0	           0	
 7.062	           0	           0	           0	           0	           0	           0	           0	           0	
 7.188	           0	           0	           0	           0	           0	           0	           0	           0	
 7.312	           0	           0	           0	           0	           0	           0	           0	           0	
 7.438	           0	           0	           0	           0	           0	           0	           0	           0	
 7.562	           0	           0	           0	           0	           0	           0	           0	           0	
 7.688	           0	           0	           0	           0	           0	           0	           0	           0	
 7.812	           0	           0	           0	           0	           0	           0	           0	           0	
 7.938	           0	           0	           0	           0	           0	           0	           0	           0	
   8.5	           0	           0	           0	           0	           0	           0	           0	           0	
   9.5	           0	           0	           0	           0	           0	           0	           0	           0	
    11	           0	           0	           0	           0	           0	           0	           0	           0	
    13	           0	           0	           0	           0	           0	           0	           0	           0	
    15	           0	           0	           0	           0	           0	           0	           0	           0	
    17	           0	           0	           0	           0	           0	           0	           0	           0	
    19	           0	           0	           0	           0	           0	           0	           0	           0	
--------------------------------------------------------------------------------------------------------------------------------------
Total:	           0	           0	           0	           0	           0	           0	           0	           0	

	
--------- #numu_dis ---------
	
0.0625	     3.99693	           0	
0.1875	     14.1043	     1.81557	
0.3125	      20.153	           0	
0.4375	      35.627	    0.534474	
0.5625	     45.1055	           0	
0.6875	     63.6785	     1.23312	
0.8125	      91.348	     1.71557	
0.9375	     155.442	     4.17399	
 1.062	     204.773	      5.2673	
 1.188	     262.357	     3.99937	
 1.312	      249.64	     5.70303	
 1.438	     278.187	     6.33362	
 1.562	     254.805	     5.22234	
 1.688	     206.238	     5.13445	
 1.812	     191.731	     4.00929	
 1.938	     171.462	     3.54151	
 2.062	     130.763	     2.96914	
 2.188	     111.047	     1.74696	
 2.312	     95.1941	     2.37872	
 2.438	      71.823	     1.70781	
 2.562	      76.063	     1.76055	
 2.688	     70.0595	     1.58717	
 2.812	     76.5184	     1.70354	
 2.938	     73.1806	     1.98616	
 3.062	     81.3173	     2.19104	
 3.188	     93.7008	     2.17238	
 3.312	     106.363	     3.61904	
 3.438	     107.948	     2.60079	
 3.562	     112.255	     3.78527	
 3.688	     112.348	     2.74225	
 3.812	     116.942	     4.67437	
 3.938	      118.65	     4.63351	
 4.062	     114.531	     4.79156	
 4.188	     116.576	     4.47761	
 4.312	     120.412	     5.64063	
 4.438	     110.169	     6.08523	
 4.562	       95.81	     6.02692	
 4.688	     97.1635	     4.14649	
 4.812	     92.2046	     5.50049	
 4.938	     77.7306	     5.59799	
 5.062	     84.3372	     6.81426	
 5.188	     73.7796	      5.1891	
 5.312	     68.2631	     4.92401	
 5.438	     62.4162	     7.69588	
 5.562	     62.7482	      7.3695	
 5.688	     49.1536	     5.43945	
 5.812	     50.1967	     5.09406	
 5.938	     42.9184	     6.10403	
 6.062	      46.326	     3.68874	
 6.188	     35.5403	     3.64481	
 6.312	       39.87	     5.10943	
 6.438	     34.6984	     5.05069	
 6.562	     36.5068	     5.94193	
 6.688	     36.2023	     6.28721	
 6.812	     28.4313	     6.74847	
 6.938	      30.434	     5.53766	
 7.062	     26.5421	     3.60155	
 7.188	     28.7453	     4.44701	
 7.312	     27.0983	     1.88163	
 7.438	     31.2933	      4.5832	
 7.562	     27.8755	     5.12408	
 7.688	     24.5202	     3.19093	
 7.812	      25.186	     4.03531	
 7.938	     21.3007	     3.72305	
   8.5	     219.911	     45.1368	
   9.5	     262.395	     53.8799	
    11	     412.342	     79.9602	
    13	       298.7	     41.5344	
    15	     196.714	     22.2555	
    17	     135.817	      14.571	
    19	     105.015	     9.17963	
--------------------------------------
Total:	     7252.69	     520.953	
	
0.0625	           0	           0	    0.389276	    0.016136	
0.1875	     0.25812	           0	     1.56522	   0.0597414	
0.3125	    0.292048	           0	     4.27775	     0.15856	
0.4375	    0.308707	           0	     5.29487	    0.204145	
0.5625	   0.0686441	           0	      8.2146	    0.295122	
0.6875	    0.381847	           0	     8.22181	    0.293879	
0.8125	     1.16296	           0	     7.63899	    0.271003	
0.9375	    0.591754	    0.226681	     9.81378	    0.337124	
 1.062	     0.89594	           0	     14.4202	    0.459055	
 1.188	     1.00471	    0.091144	     10.1057	    0.346021	
 1.312	     1.51366	    0.332774	     13.3255	     0.43489	
 1.438	    0.739569	           0	     12.2331	    0.425695	
 1.562	     1.19446	           0	     12.7352	    0.417739	
 1.688	     2.20671	    0.146514	     14.1265	    0.387097	
 1.812	     1.41949	           0	     11.8848	    0.407475	
 1.938	     1.38246	           0	     9.77185	    0.348812	
 2.062	     1.43842	           0	     9.56811	    0.321735	
 2.188	     1.00944	           0	     10.7875	    0.344086	
 2.312	     1.80061	    0.245842	     9.12049	     0.32664	
 2.438	     1.32344	           0	     9.42241	    0.350738	
 2.562	     2.55467	           0	     7.68109	    0.307324	
 2.688	     1.15108	    0.193425	      6.5705	    0.278135	
 2.812	     1.37428	    0.113388	      5.4979	    0.263225	
 2.938	     1.18341	           0	     6.90438	    0.250931	
 3.062	      1.7016	    0.219238	      4.2102	     0.19789	
 3.188	     2.23478	           0	     3.42095	    0.166826	
 3.312	      1.0781	    0.354655	     4.42315	    0.173602	
 3.438	     1.62829	     0.10493	     3.05572	    0.144402	
 3.562	     1.12263	           0	     3.56166	    0.210365	
 3.688	     1.51366	           0	     2.62578	    0.149944	
 3.812	     1.40069	           0	     3.26481	    0.180689	
 3.938	     1.03513	     0.24581	     1.46504	    0.110383	
 4.062	     1.15562	   0.0971317	     1.34002	   0.0894298	
 4.188	    0.707533	    0.134403	     1.92378	    0.123857	
 4.312	    0.425641	           0	     1.13468	   0.0880626	
 4.438	     1.35216	           0	     1.43731	    0.140565	
 4.562	    0.976059	     0.15198	     1.74229	    0.116881	
 4.688	     1.01514	    0.261287	    0.967008	   0.0878226	
 4.812	    0.529426	    0.305556	     1.15138	    0.113583	
 4.938	    0.942916	    0.106942	     1.12309	    0.115877	
 5.062	     1.35047	    0.156364	    0.488617	   0.0390449	
 5.188	      1.0288	           0	    0.455294	   0.0473088	
 5.312	    0.516616	     0.12062	    0.970594	    0.081208	
 5.438	    0.440181	    0.151739	    0.437049	   0.0565618	
 5.562	    0.107569	           0	    0.655286	    0.077798	
 5.688	     0.68878	           0	    0.306408	   0.0329236	
 5.812	    0.404285	           0	     0.71078	   0.0704398	
 5.938	    0.480219	   0.0789193	    0.458389	    0.076587	
 6.062	    0.201296	           0	    0.563414	   0.0665605	
 6.188	    0.323731	    0.118499	    0.133419	   0.0166978	
 6.312	    0.475481	           0	    0.138418	   0.0133833	
 6.438	    0.594071	           0	    0.587656	   0.0648334	
 6.562	     0.35629	    0.255541	     0.42803	    0.074225	
 6.688	    0.604471	           0	    0.731909	   0.0730092	
 6.812	    0.427455	   0.0534119	    0.652843	   0.0807408	
 6.938	    0.569751	   0.0979657	    0.149826	   0.0118231	
 7.062	    0.441716	           0	    0.706336	    0.093863	
 7.188	   0.0724202	           0	    0.303607	   0.0287946	
 7.312	    0.152242	           0	    0.275736	   0.0343568	
 7.438	     0.19466	   0.0591261	    0.251039	   0.0363089	
 7.562	    0.179243	           0	    0.490744	   0.0416973	
 7.688	    0.244292	           0	    0.421501	   0.0509903	
 7.812	    0.211345	           0	    0.140484	   0.0149231	
 7.938	   0.0980269	           0	    0.415945	   0.0350105	
   8.5	     1.39003	    0.380516	     1.79977	    0.221449	
   9.5	    0.905538	    0.297774	     2.10492	    0.240696	
    11	     1.56617	    0.200065	     1.60313	    0.167875	
    13	      0.9526	    0.136988	     1.65647	     0.14323	
    15	    0.465448	           0	     1.20555	    0.123661	
    17	    0.244251	           0	    0.721318	   0.0664102	
    19	    0.169862	           0	    0.382788	   0.0249425	
----------------------------------------------------------------------
Total:	     59.9331	     5.43923	     266.766	     11.7228	

	
--------- #numubar_dis ---------
	
0.0625	           0	           0	
0.1875	           0	           0	
0.3125	           0	           0	
0.4375	           0	           0	
0.5625	           0	           0	
0.6875	           0	           0	
0.8125	           0	           0	
0.9375	           0	           0	
 1.062	           0	           0	
 1.188	           0	           0	
 1.312	           0	           0	
 1.438	           0	           0	
 1.562	           0	           0	
 1.688	           0	           0	
 1.812	           0	           0	
 1.938	           0	           0	
 2.062	           0	           0	
 2.188	           0	           0	
 2.312	           0	           0	
 2.438	           0	           0	
 2.562	           0	           0	
 2.688	           0	           0	
 2.812	           0	           0	
 2.938	           0	           0	
 3.062	           0	           0	
 3.188	           0	           0	
 3.312	           0	           0	
 3.438	           0	           0	
 3.562	           0	           0	
 3.688	           0	           0	
 3.812	           0	           0	
 3.938	           0	           0	
 4.062	           0	           0	
 4.188	           0	           0	
 4.312	           0	           0	
 4.438	           0	           0	
 4.562	           0	           0	
 4.688	           0	           0	
 4.812	           0	           0	
 4.938	           0	           0	
 5.062	           0	           0	
 5.188	           0	           0	
 5.312	           0	           0	
 5.438	           0	           0	
 5.562	           0	           0	
 5.688	           0	           0	
 5.812	           0	           0	
 5.938	           0	           0	
 6.062	           0	           0	
 6.188	           0	           0	
 6.312	           0	           0	
 6.438	           0	           0	
 6.562	           0	           0	
 6.688	           0	           0	
 6.812	           0	           0	
 6.938	           0	           0	
 7.062	           0	           0	
 7.188	           0	           0	
 7.312	           0	           0	
 7.438	           0	           0	
 7.562	           0	           0	
 7.688	           0	           0	
 7.812	           0	           0	
 7.938	           0	           0	
   8.5	           0	           0	
   9.5	           0	           0	
    11	           0	           0	
    13	           0	           0	
    15	           0	           0	
    17	           0	           0	
    19	           0	           0	
--------------------------------------
Total:	           0	           0	
	
0.0625	           0	           0	           0	           0	
0.1875	           0	           0	           0	           0	
0.3125	           0	           0	           0	           0	
0.4375	           0	           0	           0	           0	
0.5625	           0	           0	           0	           0	
0.6875	           0	           0	           0	           0	
0.8125	           0	           0	           0	           0	
0.9375	           0	           0	           0	           0	
 1.062	           0	           0	           0	           0	
 1.188	           0	           0	           0	           0	
 1.312	           0	           0	           0	           0	
 1.438	           0	           0	           0	           0	
 1.562	           0	           0	           0	           0	
 1.688	           0	           0	           0	           0	
 1.812	           0	           0	           0	           0	
 1.938	           0	           0	           0	           0	
 2.062	           0	           0	           0	           0	
 2.188	           0	           0	           0	           0	
 2.312	           0	           0	           0	           0	
 2.438	           0	           0	           0	           0	
 2.562	           0	           0	           0	           0	
 2.688	           0	           0	           0	           0	
 2.812	           0	           0	           0	           0	
 2.938	           0	           0	           0	           0	
 3.062	           0	           0	           0	           0	
 3.188	           0	           0	           0	           0	
 3.312	           0	           0	           0	           0	
 3.438	           0	           0	           0	           0	
 3.562	           0	           0	           0	           0	
 3.688	           0	           0	           0	           0	
 3.812	           0	           0	           0	           0	
 3.938	           0	           0	           0	           0	
 4.062	           0	           0	           0	           0	
 4.188	           0	           0	           0	           0	
 4.312	           0	           0	           0	           0	
 4.438	           0	           0	           0	           0	
 4.562	           0	           0	           0	           0	
 4.688	           0	           0	           0	           0	
 4.812	           0	           0	           0	           0	
 4.938	           0	           0	           0	           0	
 5.062	           0	           0	           0	           0	
 5.188	           0	           0	           0	           0	
 5.312	           0	           0	           0	           0	
 5.438	           0	           0	           0	           0	
 5.562	           0	           0	           0	           0	
 5.688	           0	           0	           0	           0	
 5.812	           0	           0	           0	           0	
 5.938	           0	           0	           0	           0	
 6.062	           0	           0	           0	           0	
 6.188	           0	           0	           0	           0	
 6.312	           0	           0	           0	           0	
 6.438	           0	           0	           0	           0	
 6.562	           0	           0	           0	           0	
 6.688	           0	           0	           0	           0	
 6.812	           0	           0	           0	           0	
 6.938	           0	           0	           0	           0	
 7.062	           0	           0	           0	           0	
 7.188	           0	           0	           0	           0	
 7.312	           0	           0	           0	           0	
 7.438	           0	           0	           0	           0	
 7.562	           0	           0	           0	           0	
 7.688	           0	           0	           0	           0	
 7.812	           0	           0	           0	           0	
 7.938	           0	           0	           0	           0	
   8.5	           0	           0	           0	           0	
   9.5	           0	           0	           0	           0	
    11	           0	           0	           0	           0	
    13	           0	           0	           0	           0	
    15	           0	           0	           0	           0	
    17	           0	           0	           0	           0	
    19	           0	           0	           0	           0	
----------------------------------------------------------------------
Total:	           0	           0	           0	           0	


