energy(#ampip)<
@energy = {0, 15, 0.28581409999999996, 0.28581409999999996, 0.28581409999999996, 0.28581409999999996, 0.0540412, 0.0540412, 0.0540412, 0.0540412, 0.0013153, 0.0013153, 0.0013153, 0.0013153, 6.5999999999999995e-6, 6.5999999999999995e-6, 6.5999999999999995e-6, 6.5999999999999995e-6}:
{0, 19, 0.1527281, 0.1527281, 0.1527281, 0.1527281, 0.116882, 0.116882, 0.116882, 0.116882, 0.0054902, 0.0054902, 0.0054902, 0.0054902, 0.0000438, 0.0000438, 0.0000438, 0.0000438, 3.e-7, 3.e-7, 3.e-7, 3.e-7}:
{0, 23, 0.0479994, 0.0479994, 0.0479994, 0.0479994, 0.1825302, 0.1825302, 0.1825302, 0.1825302, 0.017404199999999998, 0.017404199999999998, 0.017404199999999998, 0.017404199999999998, 0.0002298, 0.0002298, 0.0002298, 0.0002298, 1.9e-6, 1.9e-6, 1.9e-6, 1.9e-6, 1.e-7, 1.e-7, 1.e-7, 1.e-7}:
{0, 23, 0.0090049, 0.0090049, 0.0090049, 0.0090049, 0.21249759999999998, 0.21249759999999998, 0.21249759999999998, 0.21249759999999998, 0.0432221, 0.0432221, 0.0432221, 0.0432221, 0.000978, 0.000978, 0.000978, 0.000978, 0.0000108, 0.0000108, 0.0000108, 0.0000108, 3.e-7, 3.e-7, 3.e-7, 3.e-7}:
{0, 23, 0.0010161999999999999, 0.0010161999999999999, 0.0010161999999999999, 0.0010161999999999999, 0.1873945, 0.1873945, 0.1873945, 0.1873945, 0.0854181, 0.0854181, 0.0854181, 0.0854181, 0.0034322, 0.0034322, 0.0034322, 0.0034322, 0.0000523, 0.0000523, 0.0000523, 0.0000523, 1.6999999999999998e-6, 1.6999999999999998e-6, 1.6999999999999998e-6, 1.6999999999999998e-6}:
{0, 27, 0.00006929999999999999, 0.00006929999999999999, 0.00006929999999999999, 0.00006929999999999999, 0.1263328, 0.1263328, 0.1263328, 0.1263328, 0.13555509999999998, 0.13555509999999998, 0.13555509999999998, 0.13555509999999998, 0.0100208, 0.0100208, 0.0100208, 0.0100208, 0.00021679999999999998, 0.00021679999999999998, 0.00021679999999999998, 0.00021679999999999998, 7.699999999999999e-6, 7.699999999999999e-6, 7.699999999999999e-6, 7.699999999999999e-6, 1.e-7, 1.e-7, 1.e-7, 1.e-7}:
{0, 27, 2.8999999999999998e-6, 2.8999999999999998e-6, 2.8999999999999998e-6, 2.8999999999999998e-6, 0.0654794, 0.0654794, 0.0654794, 0.0654794, 0.1737291, 0.1737291, 0.1737291, 0.1737291, 0.0244775, 0.0244775, 0.0244775, 0.0244775, 0.0007762, 0.0007762, 0.0007762, 0.0007762, 0.0000306, 0.0000306, 0.0000306, 0.0000306, 3.e-7, 3.e-7, 3.e-7, 3.e-7}:
{0, 31, 1.e-7, 1.e-7, 1.e-7, 1.e-7, 0.026191, 0.026191, 0.026191, 0.026191, 0.1804984, 0.1804984, 0.1804984, 0.1804984, 0.0502127, 0.0502127, 0.0502127, 0.0502127, 0.0024073, 0.0024073, 0.0024073, 0.0024073, 0.00010889999999999999, 0.00010889999999999999, 0.00010889999999999999, 0.00010889999999999999, 1.4e-6, 1.4e-6, 1.4e-6, 1.4e-6, 1.e-7, 1.e-7, 1.e-7, 1.e-7}:
{4, 31, 0.0081055, 0.0081055, 0.0081055, 0.0081055, 0.1524317, 0.1524317, 0.1524317, 0.1524317, 0.0867361, 0.0867361, 0.0867361, 0.0867361, 0.0064849999999999994, 0.0064849999999999994, 0.0064849999999999994, 0.0064849999999999994, 0.00034679999999999997, 0.00034679999999999997, 0.00034679999999999997, 0.00034679999999999997, 5.7999999999999995e-6, 5.7999999999999995e-6, 5.7999999999999995e-6, 5.7999999999999995e-6, 4.e-7, 4.e-7, 4.e-7, 4.e-7}:
{4, 35, 0.0019444, 0.0019444, 0.0019444, 0.0019444, 0.1048375, 0.1048375, 0.1048375, 0.1048375, 0.12640769999999998, 0.12640769999999998, 0.12640769999999998, 0.12640769999999998, 0.015203699999999999, 0.015203699999999999, 0.015203699999999999, 0.015203699999999999, 0.0009926, 0.0009926, 0.0009926, 0.0009926, 0.0000219, 0.0000219, 0.0000219, 0.0000219, 1.6e-6, 1.6e-6, 1.6e-6, 1.6e-6, 1.e-7, 1.e-7, 1.e-7, 1.e-7}:
{4, 35, 0.00036199999999999996, 0.00036199999999999996, 0.00036199999999999996, 0.00036199999999999996, 0.0588058, 0.0588058, 0.0588058, 0.0588058, 0.15565779999999999, 0.15565779999999999, 0.15565779999999999, 0.15565779999999999, 0.0310662, 0.0310662, 0.0310662, 0.0310662, 0.0025569, 0.0025569, 0.0025569, 0.0025569, 0.0000757, 0.0000757, 0.0000757, 0.0000757, 5.7e-6, 5.7e-6, 5.7e-6, 5.7e-6, 4.e-7, 4.e-7, 4.e-7, 4.e-7}:
{4, 39, 0.0000524, 0.0000524, 0.0000524, 0.0000524, 0.026931399999999998, 0.026931399999999998, 0.026931399999999998, 0.026931399999999998, 0.1621368, 0.1621368, 0.1621368, 0.1621368, 0.0553877, 0.0553877, 0.0553877, 0.0553877, 0.0059336, 0.0059336, 0.0059336, 0.0059336, 0.00023689999999999998, 0.00023689999999999998, 0.00023689999999999998, 0.00023689999999999998, 0.000018299999999999998, 0.000018299999999999998, 0.000018299999999999998, 0.000018299999999999998, 1.4e-6, 1.4e-6, 1.4e-6, 1.4e-6, 1.e-7, 1.e-7, 1.e-7, 1.e-7}:
{4, 56, 5.899999999999999e-6, 5.899999999999999e-6, 5.899999999999999e-6, 5.899999999999999e-6, 0.010078499999999999, 0.010078499999999999, 0.010078499999999999, 0.010078499999999999, 0.1429847, 0.1429847, 0.1429847, 0.1429847, 0.0862405, 0.0862405, 0.0862405, 0.0862405, 0.0124161, 0.0124161, 0.0124161, 0.0124161, 0.0006722999999999999, 0.0006722999999999999, 0.0006722999999999999, 0.0006722999999999999, 0.000054499999999999997, 0.000054499999999999997, 0.000054499999999999997, 0.000054499999999999997, 4.2999999999999995e-6, 4.2999999999999995e-6, 4.2999999999999995e-6, 4.2999999999999995e-6, 4.e-7, 4.e-7, 4.e-7, 4.e-7, 0, 0, 0, 0, 1.e-7, 1.e-7, 1.e-7, 1.e-7, 1.e-7, 1.e-7, 1.e-7, 1.e-7, 1.e-7, 1.e-7, 1.e-7, 1.e-7, 1.e-7}:
{4, 60, 5.e-7, 5.e-7, 5.e-7, 5.e-7, 0.003084, 0.003084, 0.003084, 0.003084, 0.1068315, 0.1068315, 0.1068315, 0.1068315, 0.117353, 0.117353, 0.117353, 0.117353, 0.0234434, 0.0234434, 0.0234434, 0.0234434, 0.0017323999999999998, 0.0017323999999999998, 0.0017323999999999998, 0.0017323999999999998, 0.0001507, 0.0001507, 0.0001507, 0.0001507, 0.000012299999999999999, 0.000012299999999999999, 0.000012299999999999999, 0.000012299999999999999, 1.1e-6, 1.1e-6, 1.1e-6, 1.1e-6, 1.e-7, 1.e-7, 1.e-7, 1.e-7, 2.e-7, 2.e-7, 2.e-7, 2.e-7, 2.e-7, 2.e-7, 2.e-7, 2.e-7, 2.e-7, 2.e-7, 2.e-7, 2.e-7, 2.e-7, 2.e-7, 2.e-7, 2.e-7, 2.e-7}:
{8, 60, 0.000772, 0.000772, 0.000772, 0.000772, 0.0676639, 0.0676639, 0.0676639, 0.0676639, 0.1396412, 0.1396412, 0.1396412, 0.1396412, 0.0399652, 0.0399652, 0.0399652, 0.0399652, 0.0040554, 0.0040554, 0.0040554, 0.0040554, 0.00038659999999999996, 0.00038659999999999996, 0.00038659999999999996, 0.00038659999999999996, 0.000033299999999999996, 0.000033299999999999996, 0.000033299999999999996, 0.000033299999999999996, 3.e-6, 3.e-6, 3.e-6, 3.e-6, 4.e-7, 4.e-7, 4.e-7, 4.e-7, 3.e-7, 3.e-7, 3.e-7, 3.e-7, 3.e-7, 3.e-7, 3.e-7, 3.e-7, 3.e-7, 3.e-7, 3.e-7, 3.e-7, 3.e-7, 3.e-7, 3.e-7, 3.e-7, 3.e-7}:
{8, 60, 0.0001582, 0.0001582, 0.0001582, 0.0001582, 0.0363463, 0.0363463, 0.0363463, 0.0363463, 0.1453708, 0.1453708, 0.1453708, 0.1453708, 0.0615429, 0.0615429, 0.0615429, 0.0615429, 0.008628199999999999, 0.008628199999999999, 0.008628199999999999, 0.008628199999999999, 0.0009213, 0.0009213, 0.0009213, 0.0009213, 0.00008489999999999999, 0.00008489999999999999, 0.00008489999999999999, 0.00008489999999999999, 7.899999999999999e-6, 7.899999999999999e-6, 7.899999999999999e-6, 7.899999999999999e-6, 1.e-6, 1.e-6, 1.e-6, 1.e-6, 7.e-7, 7.e-7, 7.e-7, 7.e-7, 7.e-7, 7.e-7, 7.e-7, 7.e-7, 7.e-7, 7.e-7, 7.e-7, 7.e-7, 7.e-7, 7.e-7, 7.e-7, 7.e-7, 7.e-7}:
{8, 60, 0.0000265, 0.0000265, 0.0000265, 0.0000265, 0.0165643, 0.0165643, 0.0165643, 0.0165643, 0.1324517, 0.1324517, 0.1324517, 0.1324517, 0.08564089999999999, 0.08564089999999999, 0.08564089999999999, 0.08564089999999999, 0.0166914, 0.0166914, 0.0166914, 0.0166914, 0.0020396, 0.0020396, 0.0020396, 0.0020396, 0.0002038, 0.0002038, 0.0002038, 0.0002038, 0.000019999999999999998, 0.000019999999999999998, 0.000019999999999999998, 0.000019999999999999998, 2.5999999999999997e-6, 2.5999999999999997e-6, 2.5999999999999997e-6, 2.5999999999999997e-6, 1.4e-6, 1.4e-6, 1.4e-6, 1.4e-6, 1.4e-6, 1.4e-6, 1.4e-6, 1.4e-6, 1.4e-6, 1.4e-6, 1.4e-6, 1.4e-6, 1.4e-6, 1.4e-6, 1.4e-6, 1.4e-6, 1.4e-6}:
{8, 60, 3.6e-6, 3.6e-6, 3.6e-6, 3.6e-6, 0.0064066, 0.0064066, 0.0064066, 0.0064066, 0.10565709999999999, 0.10565709999999999, 0.10565709999999999, 0.10565709999999999, 0.1077308, 0.1077308, 0.1077308, 0.1077308, 0.029369, 0.029369, 0.029369, 0.029369, 0.0041957999999999995, 0.0041957999999999995, 0.0041957999999999995, 0.0041957999999999995, 0.0004613, 0.0004613, 0.0004613, 0.0004613, 0.0000479, 0.0000479, 0.0000479, 0.0000479, 6.5e-6, 6.5e-6, 6.5e-6, 6.5e-6, 2.7e-6, 2.7e-6, 2.7e-6, 2.7e-6, 2.7e-6, 2.7e-6, 2.7e-6, 2.7e-6, 2.7e-6, 2.7e-6, 2.7e-6, 2.7e-6, 2.7e-6, 2.7e-6, 2.7e-6, 2.7e-6, 2.7e-6}:
{8, 60, 4.e-7, 4.e-7, 4.e-7, 4.e-7, 0.0021034, 0.0021034, 0.0021034, 0.0021034, 0.0738112, 0.0738112, 0.0738112, 0.0738112, 0.12253979999999999, 0.12253979999999999, 0.12253979999999999, 0.12253979999999999, 0.047015299999999996, 0.047015299999999996, 0.047015299999999996, 0.047015299999999996, 0.0080234, 0.0080234, 0.0080234, 0.0080234, 0.0009841, 0.0009841, 0.0009841, 0.0009841, 0.00010939999999999999, 0.00010939999999999999, 0.00010939999999999999, 0.00010939999999999999, 0.000015399999999999998, 0.000015399999999999998, 0.000015399999999999998, 0.000015399999999999998, 5.3e-6, 5.3e-6, 5.3e-6, 5.3e-6, 5.3e-6, 5.3e-6, 5.3e-6, 5.3e-6, 5.3e-6, 5.3e-6, 5.3e-6, 5.3e-6, 5.3e-6, 5.3e-6, 5.3e-6, 5.3e-6, 5.3e-6}:
{12, 60, 0.0005863999999999999, 0.0005863999999999999, 0.0005863999999999999, 0.0005863999999999999, 0.045168, 0.045168, 0.045168, 0.045168, 0.1260668, 0.1260668, 0.1260668, 0.1260668, 0.0684934, 0.0684934, 0.0684934, 0.0684934, 0.0142654, 0.0142654, 0.0142654, 0.0142654, 0.0019798999999999997, 0.0019798999999999997, 0.0019798999999999997, 0.0019798999999999997, 0.00023789999999999998, 0.00023789999999999998, 0.00023789999999999998, 0.00023789999999999998, 0.000035, 0.000035, 0.000035, 0.000035, 0.0000101, 0.0000101, 0.0000101, 0.0000101, 0.0000101, 0.0000101, 0.0000101, 0.0000101, 0.0000101, 0.0000101, 0.0000101, 0.0000101, 0.0000101, 0.0000101, 0.0000101, 0.0000101, 0.0000101}:
{12, 60, 0.00013879999999999999, 0.00013879999999999999, 0.00013879999999999999, 0.00013879999999999999, 0.024216599999999998, 0.024216599999999998, 0.024216599999999998, 0.024216599999999998, 0.11732809999999999, 0.11732809999999999, 0.11732809999999999, 0.11732809999999999, 0.09082599999999999, 0.09082599999999999, 0.09082599999999999, 0.09082599999999999, 0.0235876, 0.0235876, 0.0235876, 0.0235876, 0.0037572, 0.0037572, 0.0037572, 0.0037572, 0.0004925, 0.0004925, 0.0004925, 0.0004925, 0.0000763, 0.0000763, 0.0000763, 0.0000763, 0.000018599999999999998, 0.000018599999999999998, 0.000018599999999999998, 0.000018599999999999998, 0.000018599999999999998, 0.000018599999999999998, 0.000018599999999999998, 0.000018599999999999998, 0.000018599999999999998, 0.000018599999999999998, 0.000018599999999999998, 0.000018599999999999998, 0.000018599999999999998, 0.000018599999999999998, 0.000018599999999999998, 0.000018599999999999998, 0.000018599999999999998}:
{12, 60, 0.000027899999999999997, 0.000027899999999999997, 0.000027899999999999997, 0.000027899999999999997, 0.0113774, 0.0113774, 0.0113774, 0.0113774, 0.0988009, 0.0988009, 0.0988009, 0.0988009, 0.109649, 0.109649, 0.109649, 0.109649, 0.0362775, 0.0362775, 0.0362775, 0.0362775, 0.0067266, 0.0067266, 0.0067266, 0.0067266, 0.0009716999999999999, 0.0009716999999999999, 0.0009716999999999999, 0.0009716999999999999, 0.0001595, 0.0001595, 0.0001595, 0.0001595, 0.0000337, 0.0000337, 0.0000337, 0.0000337, 0.0000337, 0.0000337, 0.0000337, 0.0000337, 0.0000337, 0.0000337, 0.0000337, 0.0000337, 0.0000337, 0.0000337, 0.0000337, 0.0000337, 0.0000337}:
{12, 60, 4.8e-6, 4.8e-6, 4.8e-6, 4.8e-6, 0.0046847, 0.0046847, 0.0046847, 0.0046847, 0.0752916, 0.0752916, 0.0752916, 0.0752916, 0.1205319, 0.1205319, 0.1205319, 0.1205319, 0.0519057, 0.0519057, 0.0519057, 0.0519057, 0.011363, 0.011363, 0.011363, 0.011363, 0.0018265, 0.0018265, 0.0018265, 0.0018265, 0.00031979999999999997, 0.00031979999999999997, 0.00031979999999999997, 0.00031979999999999997, 0.000059499999999999996, 0.000059499999999999996, 0.000059499999999999996, 0.000059499999999999996, 0.000059499999999999996, 0.000059499999999999996, 0.000059499999999999996, 0.000059499999999999996, 0.000059499999999999996, 0.000059499999999999996, 0.000059499999999999996, 0.000059499999999999996, 0.000059499999999999996, 0.000059499999999999996, 0.000059499999999999996, 0.000059499999999999996, 0.000059499999999999996}:
{12, 60, 7.e-7, 7.e-7, 7.e-7, 7.e-7, 0.0016908, 0.0016908, 0.0016908, 0.0016908, 0.051930199999999996, 0.051930199999999996, 0.051930199999999996, 0.051930199999999996, 0.1206603, 0.1206603, 0.1206603, 0.1206603, 0.0691003, 0.0691003, 0.0691003, 0.0691003, 0.018114599999999998, 0.018114599999999998, 0.018114599999999998, 0.018114599999999998, 0.0032719999999999997, 0.0032719999999999997, 0.0032719999999999997, 0.0032719999999999997, 0.0006152999999999999, 0.0006152999999999999, 0.0006152999999999999, 0.0006152999999999999, 0.00010279999999999999, 0.00010279999999999999, 0.00010279999999999999, 0.00010279999999999999, 0.00010279999999999999, 0.00010279999999999999, 0.00010279999999999999, 0.00010279999999999999, 0.00010279999999999999, 0.00010279999999999999, 0.00010279999999999999, 0.00010279999999999999, 0.00010279999999999999, 0.00010279999999999999, 0.00010279999999999999, 0.00010279999999999999, 0.00010279999999999999}:
{12, 60, 1.e-7, 1.e-7, 1.e-7, 1.e-7, 0.0005348999999999999, 0.0005348999999999999, 0.0005348999999999999, 0.0005348999999999999, 0.0324216, 0.0324216, 0.0324216, 0.0324216, 0.11001359999999999, 0.11001359999999999, 0.11001359999999999, 0.11001359999999999, 0.0856024, 0.0856024, 0.0856024, 0.0856024, 0.0272553, 0.0272553, 0.0272553, 0.0272553, 0.0055867, 0.0055867, 0.0055867, 0.0055867, 0.0011354, 0.0011354, 0.0011354, 0.0011354, 0.00017329999999999998, 0.00017329999999999998, 0.00017329999999999998, 0.00017329999999999998, 0.00017329999999999998, 0.00017329999999999998, 0.00017329999999999998, 0.00017329999999999998, 0.00017329999999999998, 0.00017329999999999998, 0.00017329999999999998, 0.00017329999999999998, 0.00017329999999999998, 0.00017329999999999998, 0.00017329999999999998, 0.00017329999999999998, 0.00017329999999999998}:
{16, 60, 0.0001484, 0.0001484, 0.0001484, 0.0001484, 0.0183247, 0.0183247, 0.0183247, 0.0183247, 0.0913684, 0.0913684, 0.0913684, 0.0913684, 0.098692, 0.098692, 0.098692, 0.098692, 0.038709, 0.038709, 0.038709, 0.038709, 0.0090925, 0.0090925, 0.0090925, 0.0090925, 0.0020101, 0.0020101, 0.0020101, 0.0020101, 0.0002858, 0.0002858, 0.0002858, 0.0002858, 0.0002858, 0.0002858, 0.0002858, 0.0002858, 0.0002858, 0.0002858, 0.0002858, 0.0002858, 0.0002858, 0.0002858, 0.0002858, 0.0002858, 0.0002858}:
{16, 60, 0.000036099999999999997, 0.000036099999999999997, 0.000036099999999999997, 0.000036099999999999997, 0.0093771, 0.0093771, 0.0093771, 0.0093771, 0.0691283, 0.0691283, 0.0691283, 0.0691283, 0.105904, 0.105904, 0.105904, 0.105904, 0.0518984, 0.0518984, 0.0518984, 0.0518984, 0.014107499999999999, 0.014107499999999999, 0.014107499999999999, 0.014107499999999999, 0.0034143, 0.0034143, 0.0034143, 0.0034143, 0.00046049999999999997, 0.00046049999999999997, 0.00046049999999999997, 0.00046049999999999997, 0.00046049999999999997, 0.00046049999999999997, 0.00046049999999999997, 0.00046049999999999997, 0.00046049999999999997, 0.00046049999999999997, 0.00046049999999999997, 0.00046049999999999997, 0.00046049999999999997, 0.00046049999999999997, 0.00046049999999999997, 0.00046049999999999997, 0.00046049999999999997}:
{16, 60, 7.699999999999999e-6, 7.699999999999999e-6, 7.699999999999999e-6, 7.699999999999999e-6, 0.0043447, 0.0043447, 0.0043447, 0.0043447, 0.0476501, 0.0476501, 0.0476501, 0.0476501, 0.1057829, 0.1057829, 0.1057829, 0.1057829, 0.0656925, 0.0656925, 0.0656925, 0.0656925, 0.0208687, 0.0208687, 0.0208687, 0.0208687, 0.005564899999999999, 0.005564899999999999, 0.005564899999999999, 0.005564899999999999, 0.0007254, 0.0007254, 0.0007254, 0.0007254, 0.0007254, 0.0007254, 0.0007254, 0.0007254, 0.0007254, 0.0007254, 0.0007254, 0.0007254, 0.0007254, 0.0007254, 0.0007254, 0.0007254, 0.0007254}:
{16, 60, 1.4e-6, 1.4e-6, 1.4e-6, 1.4e-6, 0.0018229, 0.0018229, 0.0018229, 0.0018229, 0.0299264, 0.0299264, 0.0299264, 0.0299264, 0.0983619, 0.0983619, 0.0983619, 0.0983619, 0.0785115, 0.0785115, 0.0785115, 0.0785115, 0.029434099999999998, 0.029434099999999998, 0.029434099999999998, 0.029434099999999998, 0.008703899999999999, 0.008703899999999999, 0.008703899999999999, 0.008703899999999999, 0.0011171, 0.0011171, 0.0011171, 0.0011171, 0.0011171, 0.0011171, 0.0011171, 0.0011171, 0.0011171, 0.0011171, 0.0011171, 0.0011171, 0.0011171, 0.0011171, 0.0011171, 0.0011171, 0.0011171}:
{16, 60, 2.e-7, 2.e-7, 2.e-7, 2.e-7, 0.0006925999999999999, 0.0006925999999999999, 0.0006925999999999999, 0.0006925999999999999, 0.0171261, 0.0171261, 0.0171261, 0.0171261, 0.08514859999999999, 0.08514859999999999, 0.08514859999999999, 0.08514859999999999, 0.0886009, 0.0886009, 0.0886009, 0.0886009, 0.039586699999999996, 0.039586699999999996, 0.039586699999999996, 0.039586699999999996, 0.0130651, 0.0130651, 0.0130651, 0.0130651, 0.0016818, 0.0016818, 0.0016818, 0.0016818, 0.0016818, 0.0016818, 0.0016818, 0.0016818, 0.0016818, 0.0016818, 0.0016818, 0.0016818, 0.0016818, 0.0016818, 0.0016818, 0.0016818, 0.0016818}:
{20, 60, 0.0002383, 0.0002383, 0.0002383, 0.0002383, 0.008931, 0.008931, 0.008931, 0.008931, 0.0686272, 0.0686272, 0.0686272, 0.0686272, 0.09441909999999999, 0.09441909999999999, 0.09441909999999999, 0.09441909999999999, 0.050771699999999996, 0.050771699999999996, 0.050771699999999996, 0.050771699999999996, 0.0188223, 0.0188223, 0.0188223, 0.0188223, 0.0024757, 0.0024757, 0.0024757, 0.0024757, 0.0024757, 0.0024757, 0.0024757, 0.0024757, 0.0024757, 0.0024757, 0.0024757, 0.0024757, 0.0024757, 0.0024757, 0.0024757, 0.0024757, 0.0024757}:
{20, 61, 0.00007429999999999999, 0.00007429999999999999, 0.00007429999999999999, 0.00007429999999999999, 0.0042442999999999995, 0.0042442999999999995, 0.0042442999999999995, 0.0042442999999999995, 0.0515003, 0.0515003, 0.0515003, 0.0515003, 0.09502189999999999, 0.09502189999999999, 0.09502189999999999, 0.09502189999999999, 0.062099999999999995, 0.062099999999999995, 0.062099999999999995, 0.062099999999999995, 0.026027099999999997, 0.026027099999999997, 0.026027099999999997, 0.026027099999999997, 0.0035634, 0.0035634, 0.0035634, 0.0035634, 0.0035634, 0.0035634, 0.0035634, 0.0035634, 0.0035634, 0.0035634, 0.0035634, 0.0035634, 0.0035634, 0.0035634, 0.0035634, 0.0035634, 0.0035634, 1.e-7}:
{20, 61, 0.000021, 0.000021, 0.000021, 0.000021, 0.0018382, 0.0018382, 0.0018382, 0.0018382, 0.0359865, 0.0359865, 0.0359865, 0.0359865, 0.0903137, 0.0903137, 0.0903137, 0.0903137, 0.0724411, 0.0724411, 0.0724411, 0.0724411, 0.034545599999999996, 0.034545599999999996, 0.034545599999999996, 0.034545599999999996, 0.0050155, 0.0050155, 0.0050155, 0.0050155, 0.0050155, 0.0050155, 0.0050155, 0.0050155, 0.0050155, 0.0050155, 0.0050155, 0.0050155, 0.0050155, 0.0050155, 0.0050155, 0.0050155, 0.0050155, 1.e-7}:
{20, 61, 5.4e-6, 5.4e-6, 5.4e-6, 5.4e-6, 0.0007256, 0.0007256, 0.0007256, 0.0007256, 0.0234158, 0.0234158, 0.0234158, 0.0234158, 0.0810722, 0.0810722, 0.0810722, 0.0810722, 0.0805977, 0.0805977, 0.0805977, 0.0805977, 0.0440146, 0.0440146, 0.0440146, 0.0440146, 0.006903299999999999, 0.006903299999999999, 0.006903299999999999, 0.006903299999999999, 0.006903299999999999, 0.006903299999999999, 0.006903299999999999, 0.006903299999999999, 0.006903299999999999, 0.006903299999999999, 0.006903299999999999, 0.006903299999999999, 0.006903299999999999, 0.006903299999999999, 0.006903299999999999, 0.006903299999999999, 0.006903299999999999, 3.e-7}:
{20, 61, 1.2e-6, 1.2e-6, 1.2e-6, 1.2e-6, 0.000261, 0.000261, 0.000261, 0.000261, 0.0141885, 0.0141885, 0.0141885, 0.0141885, 0.0687383, 0.0687383, 0.0687383, 0.0687383, 0.0855314, 0.0855314, 0.0855314, 0.0855314, 0.053834299999999995, 0.053834299999999995, 0.053834299999999995, 0.053834299999999995, 0.0092921, 0.0092921, 0.0092921, 0.0092921, 0.0092921, 0.0092921, 0.0092921, 0.0092921, 0.0092921, 0.0092921, 0.0092921, 0.0092921, 0.0092921, 0.0092921, 0.0092921, 0.0092921, 0.0092921, 5.e-7}:
{20, 61, 3.e-7, 3.e-7, 3.e-7, 3.e-7, 0.0000856, 0.0000856, 0.0000856, 0.0000856, 0.0080064, 0.0080064, 0.0080064, 0.0080064, 0.055049299999999995, 0.055049299999999995, 0.055049299999999995, 0.055049299999999995, 0.0865787, 0.0865787, 0.0865787, 0.0865787, 0.0632115, 0.0632115, 0.0632115, 0.0632115, 0.012232199999999999, 0.012232199999999999, 0.012232199999999999, 0.012232199999999999, 0.012232199999999999, 0.012232199999999999, 0.012232199999999999, 0.012232199999999999, 0.012232199999999999, 0.012232199999999999, 0.012232199999999999, 0.012232199999999999, 0.012232199999999999, 0.012232199999999999, 0.012232199999999999, 0.012232199999999999, 0.012232199999999999, 9.e-7}:
{24, 61, 0.0000256, 0.0000256, 0.0000256, 0.0000256, 0.0042076, 0.0042076, 0.0042076, 0.0042076, 0.041643599999999996, 0.041643599999999996, 0.041643599999999996, 0.041643599999999996, 0.0835982, 0.0835982, 0.0835982, 0.0835982, 0.0712568, 0.0712568, 0.0712568, 0.0712568, 0.0157488, 0.0157488, 0.0157488, 0.0157488, 0.0157488, 0.0157488, 0.0157488, 0.0157488, 0.0157488, 0.0157488, 0.0157488, 0.0157488, 0.0157488, 0.0157488, 0.0157488, 0.0157488, 0.0157488, 1.6e-6}:
{24, 61, 7.e-6, 7.e-6, 7.e-6, 7.e-6, 0.0020594, 0.0020594, 0.0020594, 0.0020594, 0.0297579, 0.0297579, 0.0297579, 0.0297579, 0.0770014, 0.0770014, 0.0770014, 0.0770014, 0.0771196, 0.0771196, 0.0771196, 0.0771196, 0.019831599999999998, 0.019831599999999998, 0.019831599999999998, 0.019831599999999998, 0.019831599999999998, 0.019831599999999998, 0.019831599999999998, 0.019831599999999998, 0.019831599999999998, 0.019831599999999998, 0.019831599999999998, 0.019831599999999998, 0.019831599999999998, 0.019831599999999998, 0.019831599999999998, 0.019831599999999998, 0.019831599999999998, 2.8999999999999998e-6}:
{24, 61, 1.6999999999999998e-6, 1.6999999999999998e-6, 1.6999999999999998e-6, 1.6999999999999998e-6, 0.0009387999999999999, 0.0009387999999999999, 0.0009387999999999999, 0.0009387999999999999, 0.0200877, 0.0200877, 0.0200877, 0.0200877, 0.06765979999999999, 0.06765979999999999, 0.06765979999999999, 0.06765979999999999, 0.08013569999999999, 0.08013569999999999, 0.08013569999999999, 0.08013569999999999, 0.024425799999999998, 0.024425799999999998, 0.024425799999999998, 0.024425799999999998, 0.024425799999999998, 0.024425799999999998, 0.024425799999999998, 0.024425799999999998, 0.024425799999999998, 0.024425799999999998, 0.024425799999999998, 0.024425799999999998, 0.024425799999999998, 0.024425799999999998, 0.024425799999999998, 0.024425799999999998, 0.024425799999999998, 5.0999999999999995e-6}:
{24, 61, 4.e-7, 4.e-7, 4.e-7, 4.e-7, 0.0003986, 0.0003986, 0.0003986, 0.0003986, 0.012809899999999999, 0.012809899999999999, 0.012809899999999999, 0.012809899999999999, 0.056715999999999996, 0.056715999999999996, 0.056715999999999996, 0.056715999999999996, 0.07995089999999999, 0.07995089999999999, 0.07995089999999999, 0.07995089999999999, 0.0294263, 0.0294263, 0.0294263, 0.0294263, 0.0294263, 0.0294263, 0.0294263, 0.0294263, 0.0294263, 0.0294263, 0.0294263, 0.0294263, 0.0294263, 0.0294263, 0.0294263, 0.0294263, 0.0294263, 8.9e-6}:
{24, 61, 1.e-7, 1.e-7, 1.e-7, 1.e-7, 0.00015759999999999998, 0.00015759999999999998, 0.00015759999999999998, 0.00015759999999999998, 0.007717099999999999, 0.007717099999999999, 0.007717099999999999, 0.007717099999999999, 0.045356299999999995, 0.045356299999999995, 0.045356299999999995, 0.045356299999999995, 0.0765896, 0.0765896, 0.0765896, 0.0765896, 0.0346761, 0.0346761, 0.0346761, 0.0346761, 0.0346761, 0.0346761, 0.0346761, 0.0346761, 0.0346761, 0.0346761, 0.0346761, 0.0346761, 0.0346761, 0.0346761, 0.0346761, 0.0346761, 0.0346761, 0.0000151}:
{28, 61, 0.000058099999999999996, 0.000058099999999999996, 0.000058099999999999996, 0.000058099999999999996, 0.0043922, 0.0043922, 0.0043922, 0.0043922, 0.0346048, 0.0346048, 0.0346048, 0.0346048, 0.07044929999999999, 0.07044929999999999, 0.07044929999999999, 0.07044929999999999, 0.039971, 0.039971, 0.039971, 0.039971, 0.039971, 0.039971, 0.039971, 0.039971, 0.039971, 0.039971, 0.039971, 0.039971, 0.039971, 0.039971, 0.039971, 0.039971, 0.039971, 0.0000252}:
{28, 61, 0.0000199, 0.0000199, 0.0000199, 0.0000199, 0.0023617, 0.0023617, 0.0023617, 0.0023617, 0.0251892, 0.0251892, 0.0251892, 0.0251892, 0.062223499999999994, 0.062223499999999994, 0.062223499999999994, 0.062223499999999994, 0.0450702, 0.0450702, 0.0450702, 0.0450702, 0.0450702, 0.0450702, 0.0450702, 0.0450702, 0.0450702, 0.0450702, 0.0450702, 0.0450702, 0.0450702, 0.0450702, 0.0450702, 0.0450702, 0.0450702, 0.000041599999999999995}:
{28, 61, 6.4e-6, 6.4e-6, 6.4e-6, 6.4e-6, 0.0011998, 0.0011998, 0.0011998, 0.0011998, 0.017493599999999998, 0.017493599999999998, 0.017493599999999998, 0.017493599999999998, 0.052773299999999995, 0.052773299999999995, 0.052773299999999995, 0.052773299999999995, 0.0497135, 0.0497135, 0.0497135, 0.0497135, 0.0497135, 0.0497135, 0.0497135, 0.0497135, 0.0497135, 0.0497135, 0.0497135, 0.0497135, 0.0497135, 0.0497135, 0.0497135, 0.0497135, 0.0497135, 0.0000672}:
{28, 61, 1.9e-6, 1.9e-6, 1.9e-6, 1.9e-6, 0.0005758, 0.0005758, 0.0005758, 0.0005758, 0.011591599999999999, 0.011591599999999999, 0.011591599999999999, 0.011591599999999999, 0.0429798, 0.0429798, 0.0429798, 0.0429798, 0.053642499999999996, 0.053642499999999996, 0.053642499999999996, 0.053642499999999996, 0.053642499999999996, 0.053642499999999996, 0.053642499999999996, 0.053642499999999996, 0.053642499999999996, 0.053642499999999996, 0.053642499999999996, 0.053642499999999996, 0.053642499999999996, 0.053642499999999996, 0.053642499999999996, 0.053642499999999996, 0.053642499999999996, 0.000107}:
{28, 61, 5.e-7, 5.e-7, 5.e-7, 5.e-7, 0.0002611, 0.0002611, 0.0002611, 0.0002611, 0.0073285, 0.0073285, 0.0073285, 0.0073285, 0.0336135, 0.0336135, 0.0336135, 0.0336135, 0.056624299999999995, 0.056624299999999995, 0.056624299999999995, 0.056624299999999995, 0.056624299999999995, 0.056624299999999995, 0.056624299999999995, 0.056624299999999995, 0.056624299999999995, 0.056624299999999995, 0.056624299999999995, 0.056624299999999995, 0.056624299999999995, 0.056624299999999995, 0.056624299999999995, 0.056624299999999995, 0.056624299999999995, 0.0001674}:
{28, 61, 1.e-7, 1.e-7, 1.e-7, 1.e-7, 0.0001119, 0.0001119, 0.0001119, 0.0001119, 0.0044208, 0.0044208, 0.0044208, 0.0044208, 0.025244799999999998, 0.025244799999999998, 0.025244799999999998, 0.025244799999999998, 0.058474099999999994, 0.058474099999999994, 0.058474099999999994, 0.058474099999999994, 0.058474099999999994, 0.058474099999999994, 0.058474099999999994, 0.058474099999999994, 0.058474099999999994, 0.058474099999999994, 0.058474099999999994, 0.058474099999999994, 0.058474099999999994, 0.058474099999999994, 0.058474099999999994, 0.058474099999999994, 0.058474099999999994, 0.00025739999999999997}:
{32, 61, 0.000045299999999999997, 0.000045299999999999997, 0.000045299999999999997, 0.000045299999999999997, 0.0025445, 0.0025445, 0.0025445, 0.0025445, 0.0182072, 0.0182072, 0.0182072, 0.0182072, 0.059074499999999995, 0.059074499999999995, 0.059074499999999995, 0.059074499999999995, 0.059074499999999995, 0.059074499999999995, 0.059074499999999995, 0.059074499999999995, 0.059074499999999995, 0.059074499999999995, 0.059074499999999995, 0.059074499999999995, 0.059074499999999995, 0.059074499999999995, 0.059074499999999995, 0.059074499999999995, 0.059074499999999995, 0.0003893}:
{32, 61, 0.0000173, 0.0000173, 0.0000173, 0.0000173, 0.0013974999999999999, 0.0013974999999999999, 0.0013974999999999999, 0.0013974999999999999, 0.012610699999999999, 0.012610699999999999, 0.012610699999999999, 0.012610699999999999, 0.058387299999999996, 0.058387299999999996, 0.058387299999999996, 0.058387299999999996, 0.058387299999999996, 0.058387299999999996, 0.058387299999999996, 0.058387299999999996, 0.058387299999999996, 0.058387299999999996, 0.058387299999999996, 0.058387299999999996, 0.058387299999999996, 0.058387299999999996, 0.058387299999999996, 0.058387299999999996, 0.058387299999999996, 0.0005788}:
{32, 61, 6.3e-6, 6.3e-6, 6.3e-6, 6.3e-6, 0.0007323, 0.0007323, 0.0007323, 0.0007323, 0.008388099999999999, 0.008388099999999999, 0.008388099999999999, 0.008388099999999999, 0.056457999999999994, 0.056457999999999994, 0.056457999999999994, 0.056457999999999994, 0.056457999999999994, 0.056457999999999994, 0.056457999999999994, 0.056457999999999994, 0.056457999999999994, 0.056457999999999994, 0.056457999999999994, 0.056457999999999994, 0.056457999999999994, 0.056457999999999994, 0.056457999999999994, 0.056457999999999994, 0.056457999999999994, 0.0008462999999999999}:
{32, 61, 2.1e-6, 2.1e-6, 2.1e-6, 2.1e-6, 0.00036619999999999996, 0.00036619999999999996, 0.00036619999999999996, 0.00036619999999999996, 0.0053583, 0.0053583, 0.0053583, 0.0053583, 0.053410799999999994, 0.053410799999999994, 0.053410799999999994, 0.053410799999999994, 0.053410799999999994, 0.053410799999999994, 0.053410799999999994, 0.053410799999999994, 0.053410799999999994, 0.053410799999999994, 0.053410799999999994, 0.053410799999999994, 0.053410799999999994, 0.053410799999999994, 0.053410799999999994, 0.053410799999999994, 0.053410799999999994, 0.0012167}:
{32, 61, 7.e-7, 7.e-7, 7.e-7, 7.e-7, 0.0001747, 0.0001747, 0.0001747, 0.0001747, 0.0032871999999999997, 0.0032871999999999997, 0.0032871999999999997, 0.0032871999999999997, 0.049435, 0.049435, 0.049435, 0.049435, 0.049435, 0.049435, 0.049435, 0.049435, 0.049435, 0.049435, 0.049435, 0.049435, 0.049435, 0.049435, 0.049435, 0.049435, 0.049435, 0.0017199}:
{32, 61, 2.e-7, 2.e-7, 2.e-7, 2.e-7, 0.0000796, 0.0000796, 0.0000796, 0.0000796, 0.0019367999999999998, 0.0019367999999999998, 0.0019367999999999998, 0.0019367999999999998, 0.0447659, 0.0447659, 0.0447659, 0.0447659, 0.0447659, 0.0447659, 0.0447659, 0.0447659, 0.0447659, 0.0447659, 0.0447659, 0.0447659, 0.0447659, 0.0447659, 0.0447659, 0.0447659, 0.0447659, 0.0023907999999999998}:
{32, 61, 1.e-7, 1.e-7, 1.e-7, 1.e-7, 0.0000346, 0.0000346, 0.0000346, 0.0000346, 0.0010959, 0.0010959, 0.0010959, 0.0010959, 0.0396619, 0.0396619, 0.0396619, 0.0396619, 0.0396619, 0.0396619, 0.0396619, 0.0396619, 0.0396619, 0.0396619, 0.0396619, 0.0396619, 0.0396619, 0.0396619, 0.0396619, 0.0396619, 0.0396619, 0.0032679}:
{36, 61, 0.000014299999999999999, 0.000014299999999999999, 0.000014299999999999999, 0.000014299999999999999, 0.0005956, 0.0005956, 0.0005956, 0.0005956, 0.0343809, 0.0343809, 0.0343809, 0.0343809, 0.0343809, 0.0343809, 0.0343809, 0.0343809, 0.0343809, 0.0343809, 0.0343809, 0.0343809, 0.0343809, 0.0343809, 0.0343809, 0.0343809, 0.0343809, 0.0043923}:
{36, 61, 5.7e-6, 5.7e-6, 5.7e-6, 5.7e-6, 0.00031089999999999997, 0.00031089999999999997, 0.00031089999999999997, 0.00031089999999999997, 0.0291599, 0.0291599, 0.0291599, 0.0291599, 0.0291599, 0.0291599, 0.0291599, 0.0291599, 0.0291599, 0.0291599, 0.0291599, 0.0291599, 0.0291599, 0.0291599, 0.0291599, 0.0291599, 0.0291599, 0.0058054}:
{36, 61, 2.1e-6, 2.1e-6, 2.1e-6, 2.1e-6, 0.0001558, 0.0001558, 0.0001558, 0.0001558, 0.0241981, 0.0241981, 0.0241981, 0.0241981, 0.0241981, 0.0241981, 0.0241981, 0.0241981, 0.0241981, 0.0241981, 0.0241981, 0.0241981, 0.0241981, 0.0241981, 0.0241981, 0.0241981, 0.0241981, 0.0075454}:
{36, 61, 8.e-7, 8.e-7, 8.e-7, 8.e-7, 0.000075, 0.000075, 0.000075, 0.000075, 0.019647599999999998, 0.019647599999999998, 0.019647599999999998, 0.019647599999999998, 0.019647599999999998, 0.019647599999999998, 0.019647599999999998, 0.019647599999999998, 0.019647599999999998, 0.019647599999999998, 0.019647599999999998, 0.019647599999999998, 0.019647599999999998, 0.019647599999999998, 0.019647599999999998, 0.019647599999999998, 0.019647599999999998, 0.0096439}:
{36, 61, 3.e-7, 3.e-7, 3.e-7, 3.e-7, 0.000034699999999999996, 0.000034699999999999996, 0.000034699999999999996, 0.000034699999999999996, 0.015609, 0.015609, 0.015609, 0.015609, 0.015609, 0.015609, 0.015609, 0.015609, 0.015609, 0.015609, 0.015609, 0.015609, 0.015609, 0.015609, 0.015609, 0.015609, 0.015609, 0.0121211}:
{36, 61, 1.e-7, 1.e-7, 1.e-7, 1.e-7, 0.000015399999999999998, 0.000015399999999999998, 0.000015399999999999998, 0.000015399999999999998, 0.0121333, 0.0121333, 0.0121333, 0.0121333, 0.0121333, 0.0121333, 0.0121333, 0.0121333, 0.0121333, 0.0121333, 0.0121333, 0.0121333, 0.0121333, 0.0121333, 0.0121333, 0.0121333, 0.0121333, 0.0149816}:
{40, 61, 0.000010899999999999999, 0.000010899999999999999, 0.000010899999999999999, 0.000010899999999999999, 0.0318999, 0.0318999, 0.0318999, 0.0318999, 0.0318999, 0.0318999, 0.0318999, 0.0318999, 0.0318999, 0.0318999, 0.0318999, 0.0318999, 0.0318999, 0.0318999, 0.0318999, 0.0318999, 0.0318999, 0.6484729}:
{44, 61, 0.0000124, 0.0000124, 0.0000124, 0.0000124, 0.0000124, 0.0000124, 0.0000124, 0.0000124, 0.0000124, 0.0000124, 0.0000124, 0.0000124, 0.0000124, 0.0000124, 0.0000124, 0.0000124, 0.0000124, 0.2859266};
>