energy(#ampipc)<
@energy = {0, 20, 0.2449113, 0.2449113, 0.2449113, 0.2449113, 0.1607206, 0.1607206, 0.1607206, 0.1607206, 0.0012212, 0.0012212, 0.0012212, 0.0012212, 0.0000203, 0.0000203, 0.0000203, 0.0000203, 2.e-7, 2.e-7, 2.e-7, 2.e-7, 0}:
{0, 20, 0.1330193, 0.1330193, 0.1330193, 0.1330193, 0.1789712, 0.1789712, 0.1789712, 0.1789712, 0.0049478, 0.0049478, 0.0049478, 0.0049478, 0.00011329999999999999, 0.00011329999999999999, 0.00011329999999999999, 0.00011329999999999999, 1.2e-6, 1.2e-6, 1.2e-6, 1.2e-6, 0}:
{0, 20, 0.0497361, 0.0497361, 0.0497361, 0.0497361, 0.17354409999999998, 0.17354409999999998, 0.17354409999999998, 0.17354409999999998, 0.0154135, 0.0154135, 0.0154135, 0.0154135, 0.0005041, 0.0005041, 0.0005041, 0.0005041, 6.699999999999999e-6, 6.699999999999999e-6, 6.699999999999999e-6, 6.699999999999999e-6, 0}:
{0, 24, 0.0130125, 0.0130125, 0.0130125, 0.0130125, 0.1517094, 0.1517094, 0.1517094, 0.1517094, 0.0380843, 0.0380843, 0.0380843, 0.0380843, 0.0018461999999999999, 0.0018461999999999999, 0.0018461999999999999, 0.0018461999999999999, 0.0000311, 0.0000311, 0.0000311, 0.0000311, 3.e-7, 3.e-7, 3.e-7, 3.e-7, 0}:
{0, 28, 0.002404, 0.002404, 0.002404, 0.002404, 0.12162229999999999, 0.12162229999999999, 0.12162229999999999, 0.12162229999999999, 0.0758199, 0.0758199, 0.0758199, 0.0758199, 0.0056543, 0.0056543, 0.0056543, 0.0056543, 0.000125, 0.000125, 0.000125, 0.000125, 1.6e-6, 1.6e-6, 1.6e-6, 1.6e-6, 1.e-7, 1.e-7, 1.e-7, 1.e-7, 0}:
{0, 28, 0.00031529999999999997, 0.00031529999999999997, 0.00031529999999999997, 0.00031529999999999997, 0.0902862, 0.0902862, 0.0902862, 0.0902862, 0.12272849999999999, 0.12272849999999999, 0.12272849999999999, 0.12272849999999999, 0.014612799999999999, 0.014612799999999999, 0.014612799999999999, 0.014612799999999999, 0.0004383, 0.0004383, 0.0004383, 0.0004383, 7.2999999999999996e-6, 7.2999999999999996e-6, 7.2999999999999996e-6, 7.2999999999999996e-6, 3.e-7, 3.e-7, 3.e-7, 3.e-7, 0}:
{0, 45, 0.0000295, 0.0000295, 0.0000295, 0.0000295, 0.0624391, 0.0624391, 0.0624391, 0.0624391, 0.1624456, 0.1624456, 0.1624456, 0.1624456, 0.0320486, 0.0320486, 0.0320486, 0.0320486, 0.0013483, 0.0013483, 0.0013483, 0.0013483, 0.0000299, 0.0000299, 0.0000299, 0.0000299, 1.1e-6, 1.1e-6, 1.1e-6, 1.1e-6, 0, 0, 0, 0, 0, 0, 0, 0, 0, 0, 0, 0, 0, 0, 0, 0, 1.e-7, 1.e-7}:
{0, 49, 2.e-6, 2.e-6, 2.e-6, 2.e-6, 0.0403887, 0.0403887, 0.0403887, 0.0403887, 0.1764926, 0.1764926, 0.1764926, 0.1764926, 0.059876, 0.059876, 0.059876, 0.059876, 0.0036531999999999997, 0.0036531999999999997, 0.0036531999999999997, 0.0036531999999999997, 0.0001097, 0.0001097, 0.0001097, 0.0001097, 4.4e-6, 4.4e-6, 4.4e-6, 4.4e-6, 1.e-7, 1.e-7, 1.e-7, 1.e-7, 0, 0, 0, 0, 0, 0, 0, 0, 0, 0, 0, 0, 1.e-7, 1.e-7, 1.e-7, 1.e-7, 1.e-7, 1.e-7}:
{0, 49, 1.e-7, 1.e-7, 1.e-7, 1.e-7, 0.0245045, 0.0245045, 0.0245045, 0.0245045, 0.15781989999999999, 0.15781989999999999, 0.15781989999999999, 0.15781989999999999, 0.09554929999999999, 0.09554929999999999, 0.09554929999999999, 0.09554929999999999, 0.0087419, 0.0087419, 0.0087419, 0.0087419, 0.0003589, 0.0003589, 0.0003589, 0.0003589, 0.0000157, 0.0000157, 0.0000157, 0.0000157, 3.e-7, 3.e-7, 3.e-7, 3.e-7, 0, 0, 0, 0, 0, 0, 0, 0, 0, 0, 0, 0, 3.e-7, 3.e-7, 3.e-7, 3.e-7, 3.e-7, 3.e-7}:
{4, 49, 0.0139733, 0.0139733, 0.0139733, 0.0139733, 0.11637399999999999, 0.11637399999999999, 0.11637399999999999, 0.11637399999999999, 0.130491, 0.130491, 0.130491, 0.130491, 0.01851, 0.01851, 0.01851, 0.01851, 0.0010502999999999999, 0.0010502999999999999, 0.0010502999999999999, 0.0010502999999999999, 0.0000509, 0.0000509, 0.0000509, 0.0000509, 1.2999999999999998e-6, 1.2999999999999998e-6, 1.2999999999999998e-6, 1.2999999999999998e-6, 0, 0, 0, 0, 0, 0, 0, 0, 0, 0, 0, 0, 5.e-7, 5.e-7, 5.e-7, 5.e-7, 5.e-7, 5.e-7}:
{4, 53, 0.0075003, 0.0075003, 0.0075003, 0.0075003, 0.0708659, 0.0708659, 0.0708659, 0.0708659, 0.15273879999999998, 0.15273879999999998, 0.15273879999999998, 0.15273879999999998, 0.034730899999999995, 0.034730899999999995, 0.034730899999999995, 0.034730899999999995, 0.0027527, 0.0027527, 0.0027527, 0.0027527, 0.0001514, 0.0001514, 0.0001514, 0.0001514, 4.6e-6, 4.6e-6, 4.6e-6, 4.6e-6, 1.e-7, 1.e-7, 1.e-7, 1.e-7, 0, 0, 0, 0, 0, 0, 0, 0, 9.e-7, 9.e-7, 9.e-7, 9.e-7, 9.e-7, 9.e-7, 9.e-7, 9.e-7, 9.e-7, 9.e-7}:
{4, 53, 0.0037939999999999996, 0.0037939999999999996, 0.0037939999999999996, 0.0037939999999999996, 0.035676599999999996, 0.035676599999999996, 0.035676599999999996, 0.035676599999999996, 0.1533996, 0.1533996, 0.1533996, 0.1533996, 0.0578133, 0.0578133, 0.0578133, 0.0578133, 0.0064686, 0.0064686, 0.0064686, 0.0064686, 0.00041349999999999997, 0.00041349999999999997, 0.00041349999999999997, 0.00041349999999999997, 0.000014999999999999999, 0.000014999999999999999, 0.000014999999999999999, 0.000014999999999999999, 3.e-7, 3.e-7, 3.e-7, 3.e-7, 0, 0, 0, 0, 0, 0, 0, 0, 1.6e-6, 1.6e-6, 1.6e-6, 1.6e-6, 1.6e-6, 1.6e-6, 1.6e-6, 1.6e-6, 1.6e-6, 1.6e-6}:
{4, 57, 0.0018103, 0.0018103, 0.0018103, 0.0018103, 0.014861599999999999, 0.014861599999999999, 0.014861599999999999, 0.014861599999999999, 0.1323092, 0.1323092, 0.1323092, 0.1323092, 0.0854533, 0.0854533, 0.0854533, 0.0854533, 0.0136406, 0.0136406, 0.0136406, 0.0136406, 0.0010379999999999999, 0.0010379999999999999, 0.0010379999999999999, 0.0010379999999999999, 0.0000452, 0.0000452, 0.0000452, 0.0000452, 1.2e-6, 1.2e-6, 1.2e-6, 1.2e-6, 1.e-7, 1.e-7, 1.e-7, 1.e-7, 0, 0, 0, 0, 2.8999999999999998e-6, 2.8999999999999998e-6, 2.8999999999999998e-6, 2.8999999999999998e-6, 2.8999999999999998e-6, 2.8999999999999998e-6, 2.8999999999999998e-6, 2.8999999999999998e-6, 2.8999999999999998e-6, 2.8999999999999998e-6, 2.8999999999999998e-6, 2.8999999999999998e-6, 2.8999999999999998e-6, 2.8999999999999998e-6}:
{4, 57, 0.0008154, 0.0008154, 0.0008154, 0.0008154, 0.0051259, 0.0051259, 0.0051259, 0.0051259, 0.098074, 0.098074, 0.098074, 0.098074, 0.1122354, 0.1122354, 0.1122354, 0.1122354, 0.0258315, 0.0258315, 0.0258315, 0.0258315, 0.0023964999999999998, 0.0023964999999999998, 0.0023964999999999998, 0.0023964999999999998, 0.0001263, 0.0001263, 0.0001263, 0.0001263, 3.8e-6, 3.8e-6, 3.8e-6, 3.8e-6, 3.e-7, 3.e-7, 3.e-7, 3.e-7, 0, 0, 0, 0, 4.9e-6, 4.9e-6, 4.9e-6, 4.9e-6, 4.9e-6, 4.9e-6, 4.9e-6, 4.9e-6, 4.9e-6, 4.9e-6, 4.9e-6, 4.9e-6, 4.9e-6, 4.9e-6}:
{4, 61, 0.0003469, 0.0003469, 0.0003469, 0.0003469, 0.0014646, 0.0014646, 0.0014646, 0.0014646, 0.06251179999999999, 0.06251179999999999, 0.06251179999999999, 0.06251179999999999, 0.13106389999999998, 0.13106389999999998, 0.13106389999999998, 0.13106389999999998, 0.0439551, 0.0439551, 0.0439551, 0.0439551, 0.0050912, 0.0050912, 0.0050912, 0.0050912, 0.0003277, 0.0003277, 0.0003277, 0.0003277, 0.000011599999999999999, 0.000011599999999999999, 0.000011599999999999999, 0.000011599999999999999, 8.e-7, 8.e-7, 8.e-7, 8.e-7, 1.e-7, 1.e-7, 1.e-7, 1.e-7, 8.3e-6, 8.3e-6, 8.3e-6, 8.3e-6, 8.3e-6, 8.3e-6, 8.3e-6, 8.3e-6, 8.3e-6, 8.3e-6, 8.3e-6, 8.3e-6, 8.3e-6, 8.3e-6, 8.3e-6, 8.3e-6, 8.3e-6, 0.0000117}:
{4, 61, 0.0001395, 0.0001395, 0.0001395, 0.0001395, 0.00034679999999999997, 0.00034679999999999997, 0.00034679999999999997, 0.00034679999999999997, 0.0342781, 0.0342781, 0.0342781, 0.0342781, 0.1361433, 0.1361433, 0.1361433, 0.1361433, 0.0672393, 0.0672393, 0.0672393, 0.0672393, 0.009958, 0.009958, 0.009958, 0.009958, 0.0007896, 0.0007896, 0.0007896, 0.0007896, 0.0000331, 0.0000331, 0.0000331, 0.0000331, 2.4999999999999998e-6, 2.4999999999999998e-6, 2.4999999999999998e-6, 2.4999999999999998e-6, 4.e-7, 4.e-7, 4.e-7, 4.e-7, 0.0000137, 0.0000137, 0.0000137, 0.0000137, 0.0000137, 0.0000137, 0.0000137, 0.0000137, 0.0000137, 0.0000137, 0.0000137, 0.0000137, 0.0000137, 0.0000137, 0.0000137, 0.0000137, 0.0000137, 0.0000153}:
{4, 61, 0.000053, 0.000053, 0.000053, 0.000053, 0.0000681, 0.0000681, 0.0000681, 0.0000681, 0.0161764, 0.0161764, 0.0161764, 0.0161764, 0.125847, 0.125847, 0.125847, 0.125847, 0.0925047, 0.0925047, 0.0925047, 0.0925047, 0.0179392, 0.0179392, 0.0179392, 0.0179392, 0.0017678, 0.0017678, 0.0017678, 0.0017678, 0.0000885, 0.0000885, 0.0000885, 0.0000885, 7.e-6, 7.e-6, 7.e-6, 7.e-6, 1.1e-6, 1.1e-6, 1.1e-6, 1.1e-6, 0.0000223, 0.0000223, 0.0000223, 0.0000223, 0.0000223, 0.0000223, 0.0000223, 0.0000223, 0.0000223, 0.0000223, 0.0000223, 0.0000223, 0.0000223, 0.0000223, 0.0000223, 0.0000223, 0.0000223, 0.000019699999999999998}:
{4, 61, 0.0000191, 0.0000191, 0.0000191, 0.0000191, 0.000011099999999999999, 0.000011099999999999999, 0.000011099999999999999, 0.000011099999999999999, 0.006572, 0.006572, 0.006572, 0.006572, 0.1035542, 0.1035542, 0.1035542, 0.1035542, 0.1144929, 0.1144929, 0.1144929, 0.1144929, 0.0297757, 0.0297757, 0.0297757, 0.0297757, 0.0036795, 0.0036795, 0.0036795, 0.0036795, 0.0002217, 0.0002217, 0.0002217, 0.0002217, 0.0000187, 0.0000187, 0.0000187, 0.0000187, 2.8e-6, 2.8e-6, 2.8e-6, 2.8e-6, 0.0000357, 0.0000357, 0.0000357, 0.0000357, 0.0000357, 0.0000357, 0.0000357, 0.0000357, 0.0000357, 0.0000357, 0.0000357, 0.0000357, 0.0000357, 0.0000357, 0.0000357, 0.0000357, 0.0000357, 0.0000253}:
{4, 61, 6.5e-6, 6.5e-6, 6.5e-6, 6.5e-6, 1.5e-6, 1.5e-6, 1.5e-6, 1.5e-6, 0.0022992, 0.0022992, 0.0022992, 0.0022992, 0.0758741, 0.0758741, 0.0758741, 0.0758741, 0.1275237, 0.1275237, 0.1275237, 0.1275237, 0.045547899999999995, 0.045547899999999995, 0.045547899999999995, 0.045547899999999995, 0.007121, 0.007121, 0.007121, 0.007121, 0.0005202, 0.0005202, 0.0005202, 0.0005202, 0.000047199999999999995, 0.000047199999999999995, 0.000047199999999999995, 0.000047199999999999995, 7.1e-6, 7.1e-6, 7.1e-6, 7.1e-6, 0.0000563, 0.0000563, 0.0000563, 0.0000563, 0.0000563, 0.0000563, 0.0000563, 0.0000563, 0.0000563, 0.0000563, 0.0000563, 0.0000563, 0.0000563, 0.0000563, 0.0000563, 0.0000563, 0.0000563, 0.0000324}:
{4, 61, 2.1e-6, 2.1e-6, 2.1e-6, 2.1e-6, 2.e-7, 2.e-7, 2.e-7, 2.e-7, 0.0006927999999999999, 0.0006927999999999999, 0.0006927999999999999, 0.0006927999999999999, 0.0495137, 0.0495137, 0.0495137, 0.0495137, 0.1278523, 0.1278523, 0.1278523, 0.1278523, 0.0642293, 0.0642293, 0.0642293, 0.0642293, 0.0128182, 0.0128182, 0.0128182, 0.0128182, 0.0011443999999999998, 0.0011443999999999998, 0.0011443999999999998, 0.0011443999999999998, 0.000113, 0.000113, 0.000113, 0.000113, 0.0000171, 0.0000171, 0.0000171, 0.0000171, 0.0000873, 0.0000873, 0.0000873, 0.0000873, 0.0000873, 0.0000873, 0.0000873, 0.0000873, 0.0000873, 0.0000873, 0.0000873, 0.0000873, 0.0000873, 0.0000873, 0.0000873, 0.0000873, 0.0000873, 0.000041099999999999996}:
{4, 57, 6.e-7, 6.e-7, 6.e-7, 6.e-7, 0, 0, 0, 0, 0.00017979999999999998, 0.00017979999999999998, 0.00017979999999999998, 0.00017979999999999998, 0.0287841, 0.0287841, 0.0287841, 0.0287841, 0.11540439999999999, 0.11540439999999999, 0.11540439999999999, 0.11540439999999999, 0.0835118, 0.0835118, 0.0835118, 0.0835118, 0.0214649, 0.0214649, 0.0214649, 0.0214649, 0.0023604, 0.0023604, 0.0023604, 0.0023604, 0.0002561, 0.0002561, 0.0002561, 0.0002561, 0.0000396, 0.0000396, 0.0000396, 0.0000396, 0.0001334, 0.0001334, 0.0001334, 0.0001334, 0.0001334, 0.0001334, 0.0001334, 0.0001334, 0.0001334, 0.0001334, 0.0001334, 0.0001334, 0.0001334, 0.0001334}:
{4, 57, 2.e-7, 2.e-7, 2.e-7, 2.e-7, 0, 0, 0, 0, 0.0000402, 0.0000402, 0.0000402, 0.0000402, 0.0149091, 0.0149091, 0.0149091, 0.0149091, 0.0938021, 0.0938021, 0.0938021, 0.0938021, 0.10013649999999999, 0.10013649999999999, 0.10013649999999999, 0.10013649999999999, 0.033444999999999996, 0.033444999999999996, 0.033444999999999996, 0.033444999999999996, 0.0045654, 0.0045654, 0.0045654, 0.0045654, 0.0005498, 0.0005498, 0.0005498, 0.0005498, 0.00008769999999999999, 0.00008769999999999999, 0.00008769999999999999, 0.00008769999999999999, 0.0002005, 0.0002005, 0.0002005, 0.0002005, 0.0002005, 0.0002005, 0.0002005, 0.0002005, 0.0002005, 0.0002005, 0.0002005, 0.0002005, 0.0002005, 0.0002005}:
{12, 61, 7.8e-6, 7.8e-6, 7.8e-6, 7.8e-6, 0.0068816, 0.0068816, 0.0068816, 0.0068816, 0.0686669, 0.0686669, 0.0686669, 0.0686669, 0.11074859999999999, 0.11074859999999999, 0.11074859999999999, 0.11074859999999999, 0.0484955, 0.0484955, 0.0484955, 0.0484955, 0.0082817, 0.0082817, 0.0082817, 0.0082817, 0.001119, 0.001119, 0.001119, 0.001119, 0.000186, 0.000186, 0.000186, 0.000186, 0.0002968, 0.0002968, 0.0002968, 0.0002968, 0.0002968, 0.0002968, 0.0002968, 0.0002968, 0.0002968, 0.0002968, 0.0002968, 0.0002968, 0.0002968, 0.0002968, 0.0002968, 0.0002968, 0.0002968, 0.0000815}:
{12, 61, 1.2999999999999998e-6, 1.2999999999999998e-6, 1.2999999999999998e-6, 1.2999999999999998e-6, 0.0028309, 0.0028309, 0.0028309, 0.0028309, 0.045278099999999995, 0.045278099999999995, 0.045278099999999995, 0.045278099999999995, 0.1129916, 0.1129916, 0.1129916, 0.1129916, 0.0654492, 0.0654492, 0.0654492, 0.0654492, 0.0140921, 0.0140921, 0.0140921, 0.0140921, 0.0021587999999999998, 0.0021587999999999998, 0.0021587999999999998, 0.0021587999999999998, 0.0003772, 0.0003772, 0.0003772, 0.0003772, 0.0004328, 0.0004328, 0.0004328, 0.0004328, 0.0004328, 0.0004328, 0.0004328, 0.0004328, 0.0004328, 0.0004328, 0.0004328, 0.0004328, 0.0004328, 0.0004328, 0.0004328, 0.0004328, 0.0004328, 0.0001013}:
{12, 61, 2.e-7, 2.e-7, 2.e-7, 2.e-7, 0.0010379999999999999, 0.0010379999999999999, 0.0010379999999999999, 0.0010379999999999999, 0.0268959, 0.0268959, 0.0268959, 0.0268959, 0.10635839999999999, 0.10635839999999999, 0.10635839999999999, 0.10635839999999999, 0.08222299999999999, 0.08222299999999999, 0.08222299999999999, 0.08222299999999999, 0.0224959, 0.0224959, 0.0224959, 0.0224959, 0.0039482, 0.0039482, 0.0039482, 0.0039482, 0.0007322, 0.0007322, 0.0007322, 0.0007322, 0.0006215, 0.0006215, 0.0006215, 0.0006215, 0.0006215, 0.0006215, 0.0006215, 0.0006215, 0.0006215, 0.0006215, 0.0006215, 0.0006215, 0.0006215, 0.0006215, 0.0006215, 0.0006215, 0.0006215, 0.00012529999999999998}:
{16, 61, 0.0003393, 0.0003393, 0.0003393, 0.0003393, 0.014394299999999999, 0.014394299999999999, 0.014394299999999999, 0.014394299999999999, 0.0923769, 0.0923769, 0.0923769, 0.0923769, 0.09616519999999999, 0.09616519999999999, 0.09616519999999999, 0.09616519999999999, 0.033694, 0.033694, 0.033694, 0.033694, 0.006846199999999999, 0.006846199999999999, 0.006846199999999999, 0.006846199999999999, 0.0013602999999999998, 0.0013602999999999998, 0.0013602999999999998, 0.0013602999999999998, 0.0008792, 0.0008792, 0.0008792, 0.0008792, 0.0008792, 0.0008792, 0.0008792, 0.0008792, 0.0008792, 0.0008792, 0.0008792, 0.0008792, 0.0008792, 0.0008792, 0.0008792, 0.0008792, 0.0008792, 0.00015429999999999998}:
{16, 61, 0.00009889999999999999, 0.00009889999999999999, 0.00009889999999999999, 0.00009889999999999999, 0.0069413, 0.0069413, 0.0069413, 0.0069413, 0.0740395, 0.0740395, 0.0740395, 0.0740395, 0.10471799999999999, 0.10471799999999999, 0.10471799999999999, 0.10471799999999999, 0.0473551, 0.0473551, 0.0473551, 0.0473551, 0.0112566, 0.0112566, 0.0112566, 0.0112566, 0.0024188, 0.0024188, 0.0024188, 0.0024188, 0.0012253, 0.0012253, 0.0012253, 0.0012253, 0.0012253, 0.0012253, 0.0012253, 0.0012253, 0.0012253, 0.0012253, 0.0012253, 0.0012253, 0.0012253, 0.0012253, 0.0012253, 0.0012253, 0.0012253, 0.00018899999999999999}:
{16, 61, 0.000025699999999999998, 0.000025699999999999998, 0.000025699999999999998, 0.000025699999999999998, 0.0030163, 0.0030163, 0.0030163, 0.0030163, 0.0547661, 0.0547661, 0.0547661, 0.0547661, 0.1061801, 0.1061801, 0.1061801, 0.1061801, 0.062457399999999996, 0.062457399999999996, 0.062457399999999996, 0.062457399999999996, 0.017551499999999998, 0.017551499999999998, 0.017551499999999998, 0.017551499999999998, 0.0041173, 0.0041173, 0.0041173, 0.0041173, 0.0016825, 0.0016825, 0.0016825, 0.0016825, 0.0016825, 0.0016825, 0.0016825, 0.0016825, 0.0016825, 0.0016825, 0.0016825, 0.0016825, 0.0016825, 0.0016825, 0.0016825, 0.0016825, 0.0016825, 0.0002306}:
{16, 61, 6.e-6, 6.e-6, 6.e-6, 6.e-6, 0.0011811999999999999, 0.0011811999999999999, 0.0011811999999999999, 0.0011811999999999999, 0.0373888, 0.0373888, 0.0373888, 0.0373888, 0.10025769999999999, 0.10025769999999999, 0.10025769999999999, 0.10025769999999999, 0.0773108, 0.0773108, 0.0773108, 0.0773108, 0.0259537, 0.0259537, 0.0259537, 0.0259537, 0.006709499999999999, 0.006709499999999999, 0.006709499999999999, 0.006709499999999999, 0.0022765999999999997, 0.0022765999999999997, 0.0022765999999999997, 0.0022765999999999997, 0.0022765999999999997, 0.0022765999999999997, 0.0022765999999999997, 0.0022765999999999997, 0.0022765999999999997, 0.0022765999999999997, 0.0022765999999999997, 0.0022765999999999997, 0.0022765999999999997, 0.0022765999999999997, 0.0022765999999999997, 0.0022765999999999997, 0.0022765999999999997, 0.00028}:
{16, 61, 1.2e-6, 1.2e-6, 1.2e-6, 1.2e-6, 0.0004169, 0.0004169, 0.0004169, 0.0004169, 0.023560499999999998, 0.023560499999999998, 0.023560499999999998, 0.023560499999999998, 0.0881612, 0.0881612, 0.0881612, 0.0881612, 0.0898189, 0.0898189, 0.0898189, 0.0898189, 0.0363999, 0.0363999, 0.0363999, 0.0363999, 0.010468199999999999, 0.010468199999999999, 0.010468199999999999, 0.010468199999999999, 0.0030355, 0.0030355, 0.0030355, 0.0030355, 0.0030355, 0.0030355, 0.0030355, 0.0030355, 0.0030355, 0.0030355, 0.0030355, 0.0030355, 0.0030355, 0.0030355, 0.0030355, 0.0030355, 0.0030355, 0.0003384}:
{16, 61, 2.e-7, 2.e-7, 2.e-7, 2.e-7, 0.0001326, 0.0001326, 0.0001326, 0.0001326, 0.0137047, 0.0137047, 0.0137047, 0.0137047, 0.0722022, 0.0722022, 0.0722022, 0.0722022, 0.0979478, 0.0979478, 0.0979478, 0.0979478, 0.0484222, 0.0484222, 0.0484222, 0.0484222, 0.015638, 0.015638, 0.015638, 0.015638, 0.0039886, 0.0039886, 0.0039886, 0.0039886, 0.0039886, 0.0039886, 0.0039886, 0.0039886, 0.0039886, 0.0039886, 0.0039886, 0.0039886, 0.0039886, 0.0039886, 0.0039886, 0.0039886, 0.0039886, 0.0004073}:
{20, 61, 0.000037999999999999995, 0.000037999999999999995, 0.000037999999999999995, 0.000037999999999999995, 0.007359, 0.007359, 0.007359, 0.007359, 0.055076099999999996, 0.055076099999999996, 0.055076099999999996, 0.055076099999999996, 0.1002647, 0.1002647, 0.1002647, 0.1002647, 0.0611023, 0.0611023, 0.0611023, 0.0611023, 0.0223689, 0.0223689, 0.0223689, 0.0223689, 0.0051654, 0.0051654, 0.0051654, 0.0051654, 0.0051654, 0.0051654, 0.0051654, 0.0051654, 0.0051654, 0.0051654, 0.0051654, 0.0051654, 0.0051654, 0.0051654, 0.0051654, 0.0051654, 0.0051654, 0.0004881}:
{20, 61, 9.8e-6, 9.8e-6, 9.8e-6, 9.8e-6, 0.0036479999999999998, 0.0036479999999999998, 0.0036479999999999998, 0.0036479999999999998, 0.0391325, 0.0391325, 0.0391325, 0.0391325, 0.0963498, 0.0963498, 0.0963498, 0.0963498, 0.0731416, 0.0731416, 0.0731416, 0.0731416, 0.030639999999999997, 0.030639999999999997, 0.030639999999999997, 0.030639999999999997, 0.006593099999999999, 0.006593099999999999, 0.006593099999999999, 0.006593099999999999, 0.006593099999999999, 0.006593099999999999, 0.006593099999999999, 0.006593099999999999, 0.006593099999999999, 0.006593099999999999, 0.006593099999999999, 0.006593099999999999, 0.006593099999999999, 0.006593099999999999, 0.006593099999999999, 0.006593099999999999, 0.006593099999999999, 0.0005824}:
{20, 61, 2.3e-6, 2.3e-6, 2.3e-6, 2.3e-6, 0.0016695999999999998, 0.0016695999999999998, 0.0016695999999999998, 0.0016695999999999998, 0.025899799999999997, 0.025899799999999997, 0.025899799999999997, 0.025899799999999997, 0.08692119999999999, 0.08692119999999999, 0.08692119999999999, 0.08692119999999999, 0.0830591, 0.0830591, 0.0830591, 0.0830591, 0.0401916, 0.0401916, 0.0401916, 0.0401916, 0.0082947, 0.0082947, 0.0082947, 0.0082947, 0.0082947, 0.0082947, 0.0082947, 0.0082947, 0.0082947, 0.0082947, 0.0082947, 0.0082947, 0.0082947, 0.0082947, 0.0082947, 0.0082947, 0.0082947, 0.0006921}:
{20, 61, 5.e-7, 5.e-7, 5.e-7, 5.e-7, 0.0007055, 0.0007055, 0.0007055, 0.0007055, 0.015968299999999998, 0.015968299999999998, 0.015968299999999998, 0.015968299999999998, 0.0736193, 0.0736193, 0.0736193, 0.0736193, 0.08948389999999999, 0.08948389999999999, 0.08948389999999999, 0.08948389999999999, 0.0504897, 0.0504897, 0.0504897, 0.0504897, 0.0102863, 0.0102863, 0.0102863, 0.0102863, 0.0102863, 0.0102863, 0.0102863, 0.0102863, 0.0102863, 0.0102863, 0.0102863, 0.0102863, 0.0102863, 0.0102863, 0.0102863, 0.0102863, 0.0102863, 0.0008189}:
{20, 61, 1.e-7, 1.e-7, 1.e-7, 1.e-7, 0.00027519999999999997, 0.00027519999999999997, 0.00027519999999999997, 0.00027519999999999997, 0.0091716, 0.0091716, 0.0091716, 0.0091716, 0.058542, 0.058542, 0.058542, 0.058542, 0.0914654, 0.0914654, 0.0914654, 0.0914654, 0.0607449, 0.0607449, 0.0607449, 0.0607449, 0.0125744, 0.0125744, 0.0125744, 0.0125744, 0.0125744, 0.0125744, 0.0125744, 0.0125744, 0.0125744, 0.0125744, 0.0125744, 0.0125744, 0.0125744, 0.0125744, 0.0125744, 0.0125744, 0.0125744, 0.0009649}:
{24, 61, 0.0000991, 0.0000991, 0.0000991, 0.0000991, 0.0049074999999999995, 0.0049074999999999995, 0.0049074999999999995, 0.0049074999999999995, 0.043708899999999995, 0.043708899999999995, 0.043708899999999995, 0.043708899999999995, 0.0887033, 0.0887033, 0.0887033, 0.0887033, 0.0699963, 0.0699963, 0.0699963, 0.0699963, 0.015152899999999999, 0.015152899999999999, 0.015152899999999999, 0.015152899999999999, 0.015152899999999999, 0.015152899999999999, 0.015152899999999999, 0.015152899999999999, 0.015152899999999999, 0.015152899999999999, 0.015152899999999999, 0.015152899999999999, 0.015152899999999999, 0.015152899999999999, 0.015152899999999999, 0.015152899999999999, 0.015152899999999999, 0.0011324}:
{24, 61, 0.000032999999999999996, 0.000032999999999999996, 0.000032999999999999996, 0.000032999999999999996, 0.0024465, 0.0024465, 0.0024465, 0.0024465, 0.030641699999999997, 0.030641699999999997, 0.030641699999999997, 0.030641699999999997, 0.0816223, 0.0816223, 0.0816223, 0.0816223, 0.0772525, 0.0772525, 0.0772525, 0.0772525, 0.018001299999999998, 0.018001299999999998, 0.018001299999999998, 0.018001299999999998, 0.018001299999999998, 0.018001299999999998, 0.018001299999999998, 0.018001299999999998, 0.018001299999999998, 0.018001299999999998, 0.018001299999999998, 0.018001299999999998, 0.018001299999999998, 0.018001299999999998, 0.018001299999999998, 0.018001299999999998, 0.018001299999999998, 0.0013235}:
{24, 61, 0.0000101, 0.0000101, 0.0000101, 0.0000101, 0.0011363, 0.0011363, 0.0011363, 0.0011363, 0.0201703, 0.0201703, 0.0201703, 0.0201703, 0.0712655, 0.0712655, 0.0712655, 0.0712655, 0.0816654, 0.0816654, 0.0816654, 0.0816654, 0.0210828, 0.0210828, 0.0210828, 0.0210828, 0.0210828, 0.0210828, 0.0210828, 0.0210828, 0.0210828, 0.0210828, 0.0210828, 0.0210828, 0.0210828, 0.0210828, 0.0210828, 0.0210828, 0.0210828, 0.0015406999999999999}:
{24, 61, 2.8999999999999998e-6, 2.8999999999999998e-6, 2.8999999999999998e-6, 2.8999999999999998e-6, 0.0004917, 0.0004917, 0.0004917, 0.0004917, 0.012467599999999999, 0.012467599999999999, 0.012467599999999999, 0.012467599999999999, 0.059042399999999995, 0.059042399999999995, 0.059042399999999995, 0.059042399999999995, 0.08269209999999999, 0.08269209999999999, 0.08269209999999999, 0.08269209999999999, 0.0243432, 0.0243432, 0.0243432, 0.0243432, 0.0243432, 0.0243432, 0.0243432, 0.0243432, 0.0243432, 0.0243432, 0.0243432, 0.0243432, 0.0243432, 0.0243432, 0.0243432, 0.0243432, 0.0243432, 0.0017863999999999998}:
{24, 61, 8.e-7, 8.e-7, 8.e-7, 8.e-7, 0.0001982, 0.0001982, 0.0001982, 0.0001982, 0.007236599999999999, 0.007236599999999999, 0.007236599999999999, 0.007236599999999999, 0.0464168, 0.0464168, 0.0464168, 0.0464168, 0.0802053, 0.0802053, 0.0802053, 0.0802053, 0.027711899999999998, 0.027711899999999998, 0.027711899999999998, 0.027711899999999998, 0.027711899999999998, 0.027711899999999998, 0.027711899999999998, 0.027711899999999998, 0.027711899999999998, 0.027711899999999998, 0.027711899999999998, 0.027711899999999998, 0.027711899999999998, 0.027711899999999998, 0.027711899999999998, 0.027711899999999998, 0.027711899999999998, 0.0020629999999999997}:
{24, 61, 2.e-7, 2.e-7, 2.e-7, 2.e-7, 0.0000745, 0.0000745, 0.0000745, 0.0000745, 0.0039442999999999995, 0.0039442999999999995, 0.0039442999999999995, 0.0039442999999999995, 0.0346278, 0.0346278, 0.0346278, 0.0346278, 0.07451909999999999, 0.07451909999999999, 0.07451909999999999, 0.07451909999999999, 0.0311034, 0.0311034, 0.0311034, 0.0311034, 0.0311034, 0.0311034, 0.0311034, 0.0311034, 0.0311034, 0.0311034, 0.0311034, 0.0311034, 0.0311034, 0.0311034, 0.0311034, 0.0311034, 0.0311034, 0.0023732}:
{28, 61, 0.000026099999999999997, 0.000026099999999999997, 0.000026099999999999997, 0.000026099999999999997, 0.0020189, 0.0020189, 0.0020189, 0.0020189, 0.024514499999999998, 0.024514499999999998, 0.024514499999999998, 0.024514499999999998, 0.0663235, 0.0663235, 0.0663235, 0.0663235, 0.03442, 0.03442, 0.03442, 0.03442, 0.03442, 0.03442, 0.03442, 0.03442, 0.03442, 0.03442, 0.03442, 0.03442, 0.03442, 0.03442, 0.03442, 0.03442, 0.03442, 0.0027193}:
{28, 61, 8.5e-6, 8.5e-6, 8.5e-6, 8.5e-6, 0.0009705, 0.0009705, 0.0009705, 0.0009705, 0.016469499999999998, 0.016469499999999998, 0.016469499999999998, 0.016469499999999998, 0.0565475, 0.0565475, 0.0565475, 0.0565475, 0.037556599999999996, 0.037556599999999996, 0.037556599999999996, 0.037556599999999996, 0.037556599999999996, 0.037556599999999996, 0.037556599999999996, 0.037556599999999996, 0.037556599999999996, 0.037556599999999996, 0.037556599999999996, 0.037556599999999996, 0.037556599999999996, 0.037556599999999996, 0.037556599999999996, 0.037556599999999996, 0.037556599999999996, 0.0031037}:
{28, 61, 2.5999999999999997e-6, 2.5999999999999997e-6, 2.5999999999999997e-6, 2.5999999999999997e-6, 0.00043809999999999997, 0.00043809999999999997, 0.00043809999999999997, 0.00043809999999999997, 0.0105004, 0.0105004, 0.0105004, 0.0105004, 0.046186399999999996, 0.046186399999999996, 0.046186399999999996, 0.046186399999999996, 0.0404059, 0.0404059, 0.0404059, 0.0404059, 0.0404059, 0.0404059, 0.0404059, 0.0404059, 0.0404059, 0.0404059, 0.0404059, 0.0404059, 0.0404059, 0.0404059, 0.0404059, 0.0404059, 0.0404059, 0.0035288999999999997}:
{28, 61, 7.e-7, 7.e-7, 7.e-7, 7.e-7, 0.0001857, 0.0001857, 0.0001857, 0.0001857, 0.0063533999999999995, 0.0063533999999999995, 0.0063533999999999995, 0.0063533999999999995, 0.0361393, 0.0361393, 0.0361393, 0.0361393, 0.042864, 0.042864, 0.042864, 0.042864, 0.042864, 0.042864, 0.042864, 0.042864, 0.042864, 0.042864, 0.042864, 0.042864, 0.042864, 0.042864, 0.042864, 0.042864, 0.042864, 0.003996899999999999}:
{28, 61, 2.e-7, 2.e-7, 2.e-7, 2.e-7, 0.0000739, 0.0000739, 0.0000739, 0.0000739, 0.0036482999999999997, 0.0036482999999999997, 0.0036482999999999997, 0.0036482999999999997, 0.0270905, 0.0270905, 0.0270905, 0.0270905, 0.044837499999999995, 0.044837499999999995, 0.044837499999999995, 0.044837499999999995, 0.044837499999999995, 0.044837499999999995, 0.044837499999999995, 0.044837499999999995, 0.044837499999999995, 0.044837499999999995, 0.044837499999999995, 0.044837499999999995, 0.044837499999999995, 0.044837499999999995, 0.044837499999999995, 0.044837499999999995, 0.044837499999999995, 0.0045096}:
{32, 61, 0.0000276, 0.0000276, 0.0000276, 0.0000276, 0.0019882, 0.0019882, 0.0019882, 0.0019882, 0.0194551, 0.0194551, 0.0194551, 0.0194551, 0.0462483, 0.0462483, 0.0462483, 0.0462483, 0.0462483, 0.0462483, 0.0462483, 0.0462483, 0.0462483, 0.0462483, 0.0462483, 0.0462483, 0.0462483, 0.0462483, 0.0462483, 0.0462483, 0.0462483, 0.0050688}:
{32, 61, 9.7e-6, 9.7e-6, 9.7e-6, 9.7e-6, 0.0010284, 0.0010284, 0.0010284, 0.0010284, 0.0133856, 0.0133856, 0.0133856, 0.0133856, 0.0470398, 0.0470398, 0.0470398, 0.0470398, 0.0470398, 0.0470398, 0.0470398, 0.0470398, 0.0470398, 0.0470398, 0.0470398, 0.0470398, 0.0470398, 0.0470398, 0.0470398, 0.0470398, 0.0470398, 0.0056757}:
{32, 61, 3.2e-6, 3.2e-6, 3.2e-6, 3.2e-6, 0.0005048, 0.0005048, 0.0005048, 0.0005048, 0.0088234, 0.0088234, 0.0088234, 0.0088234, 0.0471799, 0.0471799, 0.0471799, 0.0471799, 0.0471799, 0.0471799, 0.0471799, 0.0471799, 0.0471799, 0.0471799, 0.0471799, 0.0471799, 0.0471799, 0.0471799, 0.0471799, 0.0471799, 0.0471799, 0.0063314}:
{32, 61, 1.e-6, 1.e-6, 1.e-6, 1.e-6, 0.0002352, 0.0002352, 0.0002352, 0.0002352, 0.0055723, 0.0055723, 0.0055723, 0.0055723, 0.0466633, 0.0466633, 0.0466633, 0.0466633, 0.0466633, 0.0466633, 0.0466633, 0.0466633, 0.0466633, 0.0466633, 0.0466633, 0.0466633, 0.0466633, 0.0466633, 0.0466633, 0.0466633, 0.0466633, 0.0070363}:
{32, 61, 3.e-7, 3.e-7, 3.e-7, 3.e-7, 0.000104, 0.000104, 0.000104, 0.000104, 0.0033715999999999998, 0.0033715999999999998, 0.0033715999999999998, 0.0033715999999999998, 0.0455123, 0.0455123, 0.0455123, 0.0455123, 0.0455123, 0.0455123, 0.0455123, 0.0455123, 0.0455123, 0.0455123, 0.0455123, 0.0455123, 0.0455123, 0.0455123, 0.0455123, 0.0455123, 0.0455123, 0.007790399999999999}:
{32, 61, 1.e-7, 1.e-7, 1.e-7, 1.e-7, 0.000043599999999999996, 0.000043599999999999996, 0.000043599999999999996, 0.000043599999999999996, 0.0019546, 0.0019546, 0.0019546, 0.0019546, 0.0437745, 0.0437745, 0.0437745, 0.0437745, 0.0437745, 0.0437745, 0.0437745, 0.0437745, 0.0437745, 0.0437745, 0.0437745, 0.0437745, 0.0437745, 0.0437745, 0.0437745, 0.0437745, 0.0437745, 0.008593199999999999}:
{36, 61, 0.0000174, 0.0000174, 0.0000174, 0.0000174, 0.0010857, 0.0010857, 0.0010857, 0.0010857, 0.0415202, 0.0415202, 0.0415202, 0.0415202, 0.0415202, 0.0415202, 0.0415202, 0.0415202, 0.0415202, 0.0415202, 0.0415202, 0.0415202, 0.0415202, 0.0415202, 0.0415202, 0.0415202, 0.0415202, 0.009443499999999999}:
{36, 61, 6.5999999999999995e-6, 6.5999999999999995e-6, 6.5999999999999995e-6, 6.5999999999999995e-6, 0.0005778, 0.0005778, 0.0005778, 0.0005778, 0.0388373, 0.0388373, 0.0388373, 0.0388373, 0.0388373, 0.0388373, 0.0388373, 0.0388373, 0.0388373, 0.0388373, 0.0388373, 0.0388373, 0.0388373, 0.0388373, 0.0388373, 0.0388373, 0.0388373, 0.0103395}:
{36, 61, 2.4e-6, 2.4e-6, 2.4e-6, 2.4e-6, 0.0002946, 0.0002946, 0.0002946, 0.0002946, 0.0358256, 0.0358256, 0.0358256, 0.0358256, 0.0358256, 0.0358256, 0.0358256, 0.0358256, 0.0358256, 0.0358256, 0.0358256, 0.0358256, 0.0358256, 0.0358256, 0.0358256, 0.0358256, 0.0358256, 0.0112787}:
{36, 61, 8.e-7, 8.e-7, 8.e-7, 8.e-7, 0.0001439, 0.0001439, 0.0001439, 0.0001439, 0.032591, 0.032591, 0.032591, 0.032591, 0.032591, 0.032591, 0.032591, 0.032591, 0.032591, 0.032591, 0.032591, 0.032591, 0.032591, 0.032591, 0.032591, 0.032591, 0.032591, 0.012258}:
{36, 61, 3.e-7, 3.e-7, 3.e-7, 3.e-7, 0.0000674, 0.0000674, 0.0000674, 0.0000674, 0.0292393, 0.0292393, 0.0292393, 0.0292393, 0.0292393, 0.0292393, 0.0292393, 0.0292393, 0.0292393, 0.0292393, 0.0292393, 0.0292393, 0.0292393, 0.0292393, 0.0292393, 0.0292393, 0.0292393, 0.0132734}:
{36, 61, 1.e-7, 1.e-7, 1.e-7, 1.e-7, 0.0000302, 0.0000302, 0.0000302, 0.0000302, 0.025870499999999998, 0.025870499999999998, 0.025870499999999998, 0.025870499999999998, 0.025870499999999998, 0.025870499999999998, 0.025870499999999998, 0.025870499999999998, 0.025870499999999998, 0.025870499999999998, 0.025870499999999998, 0.025870499999999998, 0.025870499999999998, 0.025870499999999998, 0.025870499999999998, 0.025870499999999998, 0.025870499999999998, 0.0143203}:
{40, 61, 0.000013, 0.000013, 0.000013, 0.000013, 0.022574399999999998, 0.022574399999999998, 0.022574399999999998, 0.022574399999999998, 0.022574399999999998, 0.022574399999999998, 0.022574399999999998, 0.022574399999999998, 0.022574399999999998, 0.022574399999999998, 0.022574399999999998, 0.022574399999999998, 0.022574399999999998, 0.022574399999999998, 0.022574399999999998, 0.022574399999999998, 0.022574399999999998, 0.0153934}:
{40, 61, 8.7e-6, 8.7e-6, 8.7e-6, 8.7e-6, 0.1009255, 0.1009255, 0.1009255, 0.1009255, 0.1009255, 0.1009255, 0.1009255, 0.1009255, 0.1009255, 0.1009255, 0.1009255, 0.1009255, 0.1009255, 0.1009255, 0.1009255, 0.1009255, 0.1009255, 0.38483069999999997}:
{44, 61, 0.0007970999999999999, 0.0007970999999999999, 0.0007970999999999999, 0.0007970999999999999, 0.0007970999999999999, 0.0007970999999999999, 0.0007970999999999999, 0.0007970999999999999, 0.0007970999999999999, 0.0007970999999999999, 0.0007970999999999999, 0.0007970999999999999, 0.0007970999999999999, 0.0007970999999999999, 0.0007970999999999999, 0.0007970999999999999, 0.0007970999999999999, 0.45453849999999996};
>