energy(#mpip)<
@energy = {0, 15, 0.0909506, 0.0909506, 0.0909506, 0.0909506, 0.0041316, 0.0041316, 0.0041316, 0.0041316, 4.55e-05, 4.55e-05, 4.55e-05, 4.55e-05, 2e-07, 2e-07, 2e-07, 2e-07}:
{0, 15, 0.203968, 0.203968, 0.203968, 0.203968, 0.0148711, 0.0148711, 0.0148711, 0.0148711, 0.0002621, 0.0002621, 0.0002621, 0.0002621, 1.3e-06, 1.3e-06, 1.3e-06, 1.3e-06}:
{0, 19, 0.277253, 0.277253, 0.277253, 0.277253, 0.0401527, 0.0401527, 0.0401527, 0.0401527, 0.0011768, 0.0011768, 0.0011768, 0.0011768, 8.4e-06, 8.4e-06, 8.4e-06, 8.4e-06, 1e-07, 1e-07, 1e-07, 1e-07}:
{0, 19, 0.231941, 0.231941, 0.231941, 0.231941, 0.0839037, 0.0839037, 0.0839037, 0.0839037, 0.0042481, 0.0042481, 0.0042481, 0.0042481, 4.44e-05, 4.44e-05, 4.44e-05, 4.44e-05, 8e-07, 8e-07, 8e-07, 8e-07}:
{0, 23, 0.120434, 0.120434, 0.120434, 0.120434, 0.137844, 0.137844, 0.137844, 0.137844, 0.012521, 0.012521, 0.012521, 0.012521, 0.0001981, 0.0001981, 0.0001981, 0.0001981, 4e-06, 4e-06, 4e-06, 4e-06, 1e-07, 1e-07, 1e-07, 1e-07}:
{0, 23, 0.0390047, 0.0390047, 0.0390047, 0.0390047, 0.179669, 0.179669, 0.179669, 0.179669, 0.0304042, 0.0304042, 0.0304042, 0.0304042, 0.0007526, 0.0007526, 0.0007526, 0.0007526, 1.84e-05, 1.84e-05, 1.84e-05, 1.84e-05, 4e-07, 4e-07, 4e-07, 4e-07}:
{0, 23, 0.0079008, 0.0079008, 0.0079008, 0.0079008, 0.186859, 0.186859, 0.186859, 0.186859, 0.0611693, 0.0611693, 0.0611693, 0.0611693, 0.0024462, 0.0024462, 0.0024462, 0.0024462, 7.43e-05, 7.43e-05, 7.43e-05, 7.43e-05, 1.8e-06, 1.8e-06, 1.8e-06, 1.8e-06}:
{0, 27, 0.0010024, 0.0010024, 0.0010024, 0.0010024, 0.155654, 0.155654, 0.155654, 0.155654, 0.10235, 0.10235, 0.10235, 0.10235, 0.006828, 0.006828, 0.006828, 0.006828, 0.0002656, 0.0002656, 0.0002656, 0.0002656, 7.4e-06, 7.4e-06, 7.4e-06, 7.4e-06, 2e-07, 2e-07, 2e-07, 2e-07}:
{0, 27, 7.97e-05, 7.97e-05, 7.97e-05, 7.97e-05, 0.104127, 0.104127, 0.104127, 0.104127, 0.142809, 0.142809, 0.142809, 0.142809, 0.0164117, 0.0164117, 0.0164117, 0.0164117, 0.0008395, 0.0008395, 0.0008395, 0.0008395, 2.76e-05, 2.76e-05, 2.76e-05, 2.76e-05, 7e-07, 7e-07, 7e-07, 7e-07}:
{0, 31, 4e-06, 4e-06, 4e-06, 4e-06, 0.0560475, 0.0560475, 0.0560475, 0.0560475, 0.166488, 0.166488, 0.166488, 0.166488, 0.0340333, 0.0340333, 0.0340333, 0.0340333, 0.0023532, 0.0023532, 0.0023532, 0.0023532, 9.34e-05, 9.34e-05, 9.34e-05, 9.34e-05, 2.6e-06, 2.6e-06, 2.6e-06, 2.6e-06, 1e-07, 1e-07, 1e-07, 1e-07}:
{0, 31, 1e-07, 1e-07, 1e-07, 1e-07, 0.0243081, 0.0243081, 0.0243081, 0.0243081, 0.162408, 0.162408, 0.162408, 0.162408, 0.0609794, 0.0609794, 0.0609794, 0.0609794, 0.0058569, 0.0058569, 0.0058569, 0.0058569, 0.0002868, 0.0002868, 0.0002868, 0.0002868, 9.4e-06, 9.4e-06, 9.4e-06, 9.4e-06, 5e-07, 5e-07, 5e-07, 5e-07}:
{4, 35, 0.0085037, 0.0085037, 0.0085037, 0.0085037, 0.132712, 0.132712, 0.132712, 0.132712, 0.0945111, 0.0945111, 0.0945111, 0.0945111, 0.0129584, 0.0129584, 0.0129584, 0.0129584, 0.0007989, 0.0007989, 0.0007989, 0.0007989, 3.08e-05, 3.08e-05, 3.08e-05, 3.08e-05, 1.8e-06, 1.8e-06, 1.8e-06, 1.8e-06, 1e-07, 1e-07, 1e-07, 1e-07}:
{4, 35, 0.0024015, 0.0024015, 0.0024015, 0.0024015, 0.0909236, 0.0909236, 0.0909236, 0.0909236, 0.126821, 0.126821, 0.126821, 0.126821, 0.0255095, 0.0255095, 0.0255095, 0.0255095, 0.0020206, 0.0020206, 0.0020206, 0.0020206, 9.32e-05, 9.32e-05, 9.32e-05, 9.32e-05, 5.8e-06, 5.8e-06, 5.8e-06, 5.8e-06, 2e-07, 2e-07, 2e-07, 2e-07}:
{4, 39, 0.0005478, 0.0005478, 0.0005478, 0.0005478, 0.0522641, 0.0522641, 0.0522641, 0.0522641, 0.14744, 0.14744, 0.14744, 0.14744, 0.0447126, 0.0447126, 0.0447126, 0.0447126, 0.0046432, 0.0046432, 0.0046432, 0.0046432, 0.0002593, 0.0002593, 0.0002593, 0.0002593, 1.73e-05, 1.73e-05, 1.73e-05, 1.73e-05, 7e-07, 7e-07, 7e-07, 7e-07, 1e-07, 1e-07, 1e-07, 1e-07}:
{4, 39, 0.000101, 0.000101, 0.000101, 0.000101, 0.0252192, 0.0252192, 0.0252192, 0.0252192, 0.148597, 0.148597, 0.148597, 0.148597, 0.0698214, 0.0698214, 0.0698214, 0.0698214, 0.0097006, 0.0097006, 0.0097006, 0.0097006, 0.0006654, 0.0006654, 0.0006654, 0.0006654, 4.83e-05, 4.83e-05, 4.83e-05, 4.83e-05, 2.1e-06, 2.1e-06, 2.1e-06, 2.1e-06, 2e-07, 2e-07, 2e-07, 2e-07}:
{4, 60, 1.51e-05, 1.51e-05, 1.51e-05, 1.51e-05, 0.0102201, 0.0102201, 0.0102201, 0.0102201, 0.129892, 0.129892, 0.129892, 0.129892, 0.0971822, 0.0971822, 0.0971822, 0.0971822, 0.018434, 0.018434, 0.018434, 0.018434, 0.0015755, 0.0015755, 0.0015755, 0.0015755, 0.0001266, 0.0001266, 0.0001266, 0.0001266, 6.3e-06, 6.3e-06, 6.3e-06, 6.3e-06, 5e-07, 5e-07, 5e-07, 5e-07, 1e-07, 1e-07, 1e-07, 1e-07, 1e-06, 1e-06, 1e-06, 1e-06, 1e-06, 1e-06, 1e-06, 1e-06, 1e-06, 1e-06, 1e-06, 1e-06, 1e-06, 1e-06, 1e-06, 1e-06, 1e-06}:
{4, 60, 1.8e-06, 1.8e-06, 1.8e-06, 1.8e-06, 0.0034796, 0.0034796, 0.0034796, 0.0034796, 0.098514, 0.098514, 0.098514, 0.098514, 0.120614, 0.120614, 0.120614, 0.120614, 0.0318755, 0.0318755, 0.0318755, 0.0318755, 0.0034431, 0.0034431, 0.0034431, 0.0034431, 0.0003104, 0.0003104, 0.0003104, 0.0003104, 1.75e-05, 1.75e-05, 1.75e-05, 1.75e-05, 1.5e-06, 1.5e-06, 1.5e-06, 1.5e-06, 2e-07, 2e-07, 2e-07, 2e-07, 1.9e-06, 1.9e-06, 1.9e-06, 1.9e-06, 1.9e-06, 1.9e-06, 1.9e-06, 1.9e-06, 1.9e-06, 1.9e-06, 1.9e-06, 1.9e-06, 1.9e-06, 1.9e-06, 1.9e-06, 1.9e-06, 1.9e-06}:
{4, 60, 2e-07, 2e-07, 2e-07, 2e-07, 0.0009956, 0.0009956, 0.0009956, 0.0009956, 0.0648488, 0.0648488, 0.0648488, 0.0648488, 0.133526, 0.133526, 0.133526, 0.133526, 0.0501719, 0.0501719, 0.0501719, 0.0501719, 0.0069474, 0.0069474, 0.0069474, 0.0069474, 0.0007129, 0.0007129, 0.0007129, 0.0007129, 4.61e-05, 4.61e-05, 4.61e-05, 4.61e-05, 4e-06, 4e-06, 4e-06, 4e-06, 5e-07, 5e-07, 5e-07, 5e-07, 3.5e-06, 3.5e-06, 3.5e-06, 3.5e-06, 3.5e-06, 3.5e-06, 3.5e-06, 3.5e-06, 3.5e-06, 3.5e-06, 3.5e-06, 3.5e-06, 3.5e-06, 3.5e-06, 3.5e-06, 3.5e-06, 3.5e-06}:
{8, 60, 0.0002394, 0.0002394, 0.0002394, 0.0002394, 0.0370607, 0.0370607, 0.0370607, 0.0370607, 0.131892, 0.131892, 0.131892, 0.131892, 0.0719038, 0.0719038, 0.0719038, 0.0719038, 0.0129466, 0.0129466, 0.0129466, 0.0129466, 0.0015339, 0.0015339, 0.0015339, 0.0015339, 0.0001146, 0.0001146, 0.0001146, 0.0001146, 1.05e-05, 1.05e-05, 1.05e-05, 1.05e-05, 1.4e-06, 1.4e-06, 1.4e-06, 1.4e-06, 6.5e-06, 6.5e-06, 6.5e-06, 6.5e-06, 6.5e-06, 6.5e-06, 6.5e-06, 6.5e-06, 6.5e-06, 6.5e-06, 6.5e-06, 6.5e-06, 6.5e-06, 6.5e-06, 6.5e-06, 6.5e-06, 6.5e-06}:
{8, 60, 4.84e-05, 4.84e-05, 4.84e-05, 4.84e-05, 0.0183922, 0.0183922, 0.0183922, 0.0183922, 0.116268, 0.116268, 0.116268, 0.116268, 0.0938513, 0.0938513, 0.0938513, 0.0938513, 0.022287, 0.022287, 0.022287, 0.022287, 0.0030928, 0.0030928, 0.0030928, 0.0030928, 0.0002685, 0.0002685, 0.0002685, 0.0002685, 2.6e-05, 2.6e-05, 2.6e-05, 2.6e-05, 3.5e-06, 3.5e-06, 3.5e-06, 3.5e-06, 1.16e-05, 1.16e-05, 1.16e-05, 1.16e-05, 1.16e-05, 1.16e-05, 1.16e-05, 1.16e-05, 1.16e-05, 1.16e-05, 1.16e-05, 1.16e-05, 1.16e-05, 1.16e-05, 1.16e-05, 1.16e-05, 1.16e-05}:
{8, 60, 8.2e-06, 8.2e-06, 8.2e-06, 8.2e-06, 0.0079277, 0.0079277, 0.0079277, 0.0079277, 0.0914923, 0.0914923, 0.0914923, 0.0914923, 0.111588, 0.111588, 0.111588, 0.111588, 0.0354492, 0.0354492, 0.0354492, 0.0354492, 0.0058451, 0.0058451, 0.0058451, 0.0058451, 0.0005934, 0.0005934, 0.0005934, 0.0005934, 6.13e-05, 6.13e-05, 6.13e-05, 6.13e-05, 8.3e-06, 8.3e-06, 8.3e-06, 8.3e-06, 2.02e-05, 2.02e-05, 2.02e-05, 2.02e-05, 2.02e-05, 2.02e-05, 2.02e-05, 2.02e-05, 2.02e-05, 2.02e-05, 2.02e-05, 2.02e-05, 2.02e-05, 2.02e-05, 2.02e-05, 2.02e-05, 2.02e-05}:
{8, 61, 1.2e-06, 1.2e-06, 1.2e-06, 1.2e-06, 0.0029684, 0.0029684, 0.0029684, 0.0029684, 0.0642784, 0.0642784, 0.0642784, 0.0642784, 0.120883, 0.120883, 0.120883, 0.120883, 0.0521077, 0.0521077, 0.0521077, 0.0521077, 0.0103561, 0.0103561, 0.0103561, 0.0103561, 0.0012377, 0.0012377, 0.0012377, 0.0012377, 0.0001378, 0.0001378, 0.0001378, 0.0001378, 1.9e-05, 1.9e-05, 1.9e-05, 1.9e-05, 3.47e-05, 3.47e-05, 3.47e-05, 3.47e-05, 3.47e-05, 3.47e-05, 3.47e-05, 3.47e-05, 3.47e-05, 3.47e-05, 3.47e-05, 3.47e-05, 3.47e-05, 3.47e-05, 3.47e-05, 3.47e-05, 3.47e-05, 1e-07}:
{8, 61, 1e-07, 1e-07, 1e-07, 1e-07, 0.0009657, 0.0009657, 0.0009657, 0.0009657, 0.0403249, 0.0403249, 0.0403249, 0.0403249, 0.11933, 0.11933, 0.11933, 0.11933, 0.0707959, 0.0707959, 0.0707959, 0.0707959, 0.017204, 0.017204, 0.017204, 0.017204, 0.0024363, 0.0024363, 0.0024363, 0.0024363, 0.0002952, 0.0002952, 0.0002952, 0.0002952, 4.2e-05, 4.2e-05, 4.2e-05, 4.2e-05, 5.84e-05, 5.84e-05, 5.84e-05, 5.84e-05, 5.84e-05, 5.84e-05, 5.84e-05, 5.84e-05, 5.84e-05, 5.84e-05, 5.84e-05, 5.84e-05, 5.84e-05, 5.84e-05, 5.84e-05, 5.84e-05, 5.84e-05, 1e-07}:
{12, 61, 0.000273, 0.000273, 0.000273, 0.000273, 0.0225926, 0.0225926, 0.0225926, 0.0225926, 0.107359, 0.107359, 0.107359, 0.107359, 0.0889174, 0.0889174, 0.0889174, 0.0889174, 0.0268013, 0.0268013, 0.0268013, 0.0268013, 0.0045267, 0.0045267, 0.0045267, 0.0045267, 0.0006024, 0.0006024, 0.0006024, 0.0006024, 8.9e-05, 8.9e-05, 8.9e-05, 8.9e-05, 9.63e-05, 9.63e-05, 9.63e-05, 9.63e-05, 9.63e-05, 9.63e-05, 9.63e-05, 9.63e-05, 9.63e-05, 9.63e-05, 9.63e-05, 9.63e-05, 9.63e-05, 9.63e-05, 9.63e-05, 9.63e-05, 9.63e-05, 2e-07}:
{12, 61, 6.7e-05, 6.7e-05, 6.7e-05, 6.7e-05, 0.0113057, 0.0113057, 0.0113057, 0.0113057, 0.0880402, 0.0880402, 0.0880402, 0.0880402, 0.103251, 0.103251, 0.103251, 0.103251, 0.0391587, 0.0391587, 0.0391587, 0.0391587, 0.0079401, 0.0079401, 0.0079401, 0.0079401, 0.0011717, 0.0011717, 0.0011717, 0.0011717, 0.0001812, 0.0001812, 0.0001812, 0.0001812, 0.0001558, 0.0001558, 0.0001558, 0.0001558, 0.0001558, 0.0001558, 0.0001558, 0.0001558, 0.0001558, 0.0001558, 0.0001558, 0.0001558, 0.0001558, 0.0001558, 0.0001558, 0.0001558, 0.0001558, 3e-07}:
{12, 61, 1.43e-05, 1.43e-05, 1.43e-05, 1.43e-05, 0.0050537, 0.0050537, 0.0050537, 0.0050537, 0.0658153, 0.0658153, 0.0658153, 0.0658153, 0.11086, 0.11086, 0.11086, 0.11086, 0.0536658, 0.0536658, 0.0536658, 0.0536658, 0.013149, 0.013149, 0.013149, 0.013149, 0.0021718, 0.0021718, 0.0021718, 0.0021718, 0.0003546, 0.0003546, 0.0003546, 0.0003546, 0.0002472, 0.0002472, 0.0002472, 0.0002472, 0.0002472, 0.0002472, 0.0002472, 0.0002472, 0.0002472, 0.0002472, 0.0002472, 0.0002472, 0.0002472, 0.0002472, 0.0002472, 0.0002472, 0.0002472, 5e-07}:
{12, 61, 2.7e-06, 2.7e-06, 2.7e-06, 2.7e-06, 0.0020181, 0.0020181, 0.0020181, 0.0020181, 0.0448558, 0.0448558, 0.0448558, 0.0448558, 0.110073, 0.110073, 0.110073, 0.110073, 0.0689932, 0.0689932, 0.0689932, 0.0689932, 0.0205606, 0.0205606, 0.0205606, 0.0205606, 0.003837, 0.003837, 0.003837, 0.003837, 0.0006669, 0.0006669, 0.0006669, 0.0006669, 0.0003845, 0.0003845, 0.0003845, 0.0003845, 0.0003845, 0.0003845, 0.0003845, 0.0003845, 0.0003845, 0.0003845, 0.0003845, 0.0003845, 0.0003845, 0.0003845, 0.0003845, 0.0003845, 0.0003845, 7e-07}:
{12, 61, 4e-07, 4e-07, 4e-07, 4e-07, 0.00072, 0.00072, 0.00072, 0.00072, 0.0278736, 0.0278736, 0.0278736, 0.0278736, 0.101074, 0.101074, 0.101074, 0.101074, 0.0832136, 0.0832136, 0.0832136, 0.0832136, 0.0303594, 0.0303594, 0.0303594, 0.0303594, 0.0064618, 0.0064618, 0.0064618, 0.0064618, 0.0012058, 0.0012058, 0.0012058, 0.0012058, 0.0005868, 0.0005868, 0.0005868, 0.0005868, 0.0005868, 0.0005868, 0.0005868, 0.0005868, 0.0005868, 0.0005868, 0.0005868, 0.0005868, 0.0005868, 0.0005868, 0.0005868, 0.0005868, 0.0005868, 1.1e-06}:
{12, 61, 1e-07, 1e-07, 1e-07, 1e-07, 0.0002295, 0.0002295, 0.0002295, 0.0002295, 0.0157938, 0.0157938, 0.0157938, 0.0157938, 0.0858413, 0.0858413, 0.0858413, 0.0858413, 0.0941666, 0.0941666, 0.0941666, 0.0941666, 0.0423349, 0.0423349, 0.0423349, 0.0423349, 0.0103742, 0.0103742, 0.0103742, 0.0103742, 0.0020958, 0.0020958, 0.0020958, 0.0020958, 0.0008784, 0.0008784, 0.0008784, 0.0008784, 0.0008784, 0.0008784, 0.0008784, 0.0008784, 0.0008784, 0.0008784, 0.0008784, 0.0008784, 0.0008784, 0.0008784, 0.0008784, 0.0008784, 0.0008784, 1.8e-06}:
{16, 61, 6.54e-05, 6.54e-05, 6.54e-05, 6.54e-05, 0.0081607, 0.0081607, 0.0081607, 0.0081607, 0.0674337, 0.0674337, 0.0674337, 0.0674337, 0.0999875, 0.0999875, 0.0999875, 0.0999875, 0.0557553, 0.0557553, 0.0557553, 0.0557553, 0.0158788, 0.0158788, 0.0158788, 0.0158788, 0.0035016, 0.0035016, 0.0035016, 0.0035016, 0.00129, 0.00129, 0.00129, 0.00129, 0.00129, 0.00129, 0.00129, 0.00129, 0.00129, 0.00129, 0.00129, 0.00129, 0.00129, 0.00129, 0.00129, 0.00129, 0.00129, 2.7e-06}:
{16, 61, 1.66e-05, 1.66e-05, 1.66e-05, 1.66e-05, 0.0038454, 0.0038454, 0.0038454, 0.0038454, 0.0490017, 0.0490017, 0.0490017, 0.0490017, 0.0996253, 0.0996253, 0.0996253, 0.0996253, 0.0693558, 0.0693558, 0.0693558, 0.0693558, 0.0231725, 0.0231725, 0.0231725, 0.0231725, 0.0056248, 0.0056248, 0.0056248, 0.0056248, 0.0018587, 0.0018587, 0.0018587, 0.0018587, 0.0018587, 0.0018587, 0.0018587, 0.0018587, 0.0018587, 0.0018587, 0.0018587, 0.0018587, 0.0018587, 0.0018587, 0.0018587, 0.0018587, 0.0018587, 4.1e-06}:
{16, 61, 3.8e-06, 3.8e-06, 3.8e-06, 3.8e-06, 0.0016525, 0.0016525, 0.0016525, 0.0016525, 0.03294, 0.03294, 0.03294, 0.03294, 0.0931525, 0.0931525, 0.0931525, 0.0931525, 0.0814922, 0.0814922, 0.0814922, 0.0814922, 0.0322438, 0.0322438, 0.0322438, 0.0322438, 0.0086872, 0.0086872, 0.0086872, 0.0086872, 0.0026276, 0.0026276, 0.0026276, 0.0026276, 0.0026276, 0.0026276, 0.0026276, 0.0026276, 0.0026276, 0.0026276, 0.0026276, 0.0026276, 0.0026276, 0.0026276, 0.0026276, 0.0026276, 0.0026276, 6.1e-06}:
{16, 61, 8e-07, 8e-07, 8e-07, 8e-07, 0.0006477, 0.0006477, 0.0006477, 0.0006477, 0.0204851, 0.0204851, 0.0204851, 0.0204851, 0.0817418, 0.0817418, 0.0817418, 0.0817418, 0.0904503, 0.0904503, 0.0904503, 0.0904503, 0.0427822, 0.0427822, 0.0427822, 0.0427822, 0.0129006, 0.0129006, 0.0129006, 0.0129006, 0.0036449, 0.0036449, 0.0036449, 0.0036449, 0.0036449, 0.0036449, 0.0036449, 0.0036449, 0.0036449, 0.0036449, 0.0036449, 0.0036449, 0.0036449, 0.0036449, 0.0036449, 0.0036449, 0.0036449, 9.1e-06}:
{16, 61, 1e-07, 1e-07, 1e-07, 1e-07, 0.0002316, 0.0002316, 0.0002316, 0.0002316, 0.0117863, 0.0117863, 0.0117863, 0.0117863, 0.0673195, 0.0673195, 0.0673195, 0.0673195, 0.0948387, 0.0948387, 0.0948387, 0.0948387, 0.0541307, 0.0541307, 0.0541307, 0.0541307, 0.0184213, 0.0184213, 0.0184213, 0.0184213, 0.0049614, 0.0049614, 0.0049614, 0.0049614, 0.0049614, 0.0049614, 0.0049614, 0.0049614, 0.0049614, 0.0049614, 0.0049614, 0.0049614, 0.0049614, 0.0049614, 0.0049614, 0.0049614, 0.0049614, 1.33e-05}:
{20, 61, 7.55e-05, 7.55e-05, 7.55e-05, 7.55e-05, 0.0062742, 0.0062742, 0.0062742, 0.0062742, 0.052036, 0.052036, 0.052036, 0.052036, 0.0939427, 0.0939427, 0.0939427, 0.0939427, 0.0653145, 0.0653145, 0.0653145, 0.0653145, 0.0252946, 0.0252946, 0.0252946, 0.0252946, 0.0066271, 0.0066271, 0.0066271, 0.0066271, 0.0066271, 0.0066271, 0.0066271, 0.0066271, 0.0066271, 0.0066271, 0.0066271, 0.0066271, 0.0066271, 0.0066271, 0.0066271, 0.0066271, 0.0066271, 1.94e-05}:
{20, 61, 2.25e-05, 2.25e-05, 2.25e-05, 2.25e-05, 0.0030903, 0.0030903, 0.0030903, 0.0030903, 0.037753, 0.037753, 0.037753, 0.037753, 0.0879147, 0.0879147, 0.0879147, 0.0879147, 0.0751585, 0.0751585, 0.0751585, 0.0751585, 0.0334006, 0.0334006, 0.0334006, 0.0334006, 0.0086871, 0.0086871, 0.0086871, 0.0086871, 0.0086871, 0.0086871, 0.0086871, 0.0086871, 0.0086871, 0.0086871, 0.0086871, 0.0086871, 0.0086871, 0.0086871, 0.0086871, 0.0086871, 0.0086871, 2.81e-05}:
{20, 61, 6.1e-06, 6.1e-06, 6.1e-06, 6.1e-06, 0.0014084, 0.0014084, 0.0014084, 0.0014084, 0.0257099, 0.0257099, 0.0257099, 0.0257099, 0.0777315, 0.0777315, 0.0777315, 0.0777315, 0.0824835, 0.0824835, 0.0824835, 0.0824835, 0.0424147, 0.0424147, 0.0424147, 0.0424147, 0.0111755, 0.0111755, 0.0111755, 0.0111755, 0.0111755, 0.0111755, 0.0111755, 0.0111755, 0.0111755, 0.0111755, 0.0111755, 0.0111755, 0.0111755, 0.0111755, 0.0111755, 0.0111755, 0.0111755, 4.01e-05}:
{20, 61, 1.5e-06, 1.5e-06, 1.5e-06, 1.5e-06, 0.0005939, 0.0005939, 0.0005939, 0.0005939, 0.0164348, 0.0164348, 0.0164348, 0.0164348, 0.064936, 0.064936, 0.064936, 0.064936, 0.086336, 0.086336, 0.086336, 0.086336, 0.0517999, 0.0517999, 0.0517999, 0.0517999, 0.0141097, 0.0141097, 0.0141097, 0.0141097, 0.0141097, 0.0141097, 0.0141097, 0.0141097, 0.0141097, 0.0141097, 0.0141097, 0.0141097, 0.0141097, 0.0141097, 0.0141097, 0.0141097, 0.0141097, 5.69e-05}:
{20, 61, 3e-07, 3e-07, 3e-07, 3e-07, 0.0002318, 0.0002318, 0.0002318, 0.0002318, 0.0098619, 0.0098619, 0.0098619, 0.0098619, 0.0512556, 0.0512556, 0.0512556, 0.0512556, 0.0861921, 0.0861921, 0.0861921, 0.0861921, 0.0608425, 0.0608425, 0.0608425, 0.0608425, 0.0174841, 0.0174841, 0.0174841, 0.0174841, 0.0174841, 0.0174841, 0.0174841, 0.0174841, 0.0174841, 0.0174841, 0.0174841, 0.0174841, 0.0174841, 0.0174841, 0.0174841, 0.0174841, 0.0174841, 7.99e-05}:
{20, 62, 1e-07, 1e-07, 1e-07, 1e-07, 8.37e-05, 8.37e-05, 8.37e-05, 8.37e-05, 0.0055552, 0.0055552, 0.0055552, 0.0055552, 0.0382277, 0.0382277, 0.0382277, 0.0382277, 0.0820742, 0.0820742, 0.0820742, 0.0820742, 0.0687327, 0.0687327, 0.0687327, 0.0687327, 0.0212646, 0.0212646, 0.0212646, 0.0212646, 0.0212646, 0.0212646, 0.0212646, 0.0212646, 0.0212646, 0.0212646, 0.0212646, 0.0212646, 0.0212646, 0.0212646, 0.0212646, 0.0212646, 0.0212646, 0.0001111, 3.33918e-11}:
{24, 62, 2.8e-05, 2.8e-05, 2.8e-05, 2.8e-05, 0.0029376, 0.0029376, 0.0029376, 0.0029376, 0.0269406, 0.0269406, 0.0269406, 0.0269406, 0.0745456, 0.0745456, 0.0745456, 0.0745456, 0.0746813, 0.0746813, 0.0746813, 0.0746813, 0.0253847, 0.0253847, 0.0253847, 0.0253847, 0.0253847, 0.0253847, 0.0253847, 0.0253847, 0.0253847, 0.0253847, 0.0253847, 0.0253847, 0.0253847, 0.0253847, 0.0253847, 0.0253847, 0.0253847, 0.0001532, 7.28629e-11}:
{24, 62, 8.6e-06, 8.6e-06, 8.6e-06, 8.6e-06, 0.0014583, 0.0014583, 0.0014583, 0.0014583, 0.0179407, 0.0179407, 0.0179407, 0.0179407, 0.064584, 0.064584, 0.064584, 0.064584, 0.0780482, 0.0780482, 0.0780482, 0.0780482, 0.0297439, 0.0297439, 0.0297439, 0.0297439, 0.0297439, 0.0297439, 0.0297439, 0.0297439, 0.0297439, 0.0297439, 0.0297439, 0.0297439, 0.0297439, 0.0297439, 0.0297439, 0.0297439, 0.0297439, 0.0002092, 1.56937e-10}:
{24, 62, 2.5e-06, 2.5e-06, 2.5e-06, 2.5e-06, 0.0006797, 0.0006797, 0.0006797, 0.0006797, 0.0112899, 0.0112899, 0.0112899, 0.0112899, 0.0533737, 0.0533737, 0.0533737, 0.0533737, 0.0784563, 0.0784563, 0.0784563, 0.0784563, 0.0342094, 0.0342094, 0.0342094, 0.0342094, 0.0342094, 0.0342094, 0.0342094, 0.0342094, 0.0342094, 0.0342094, 0.0342094, 0.0342094, 0.0342094, 0.0342094, 0.0342094, 0.0342094, 0.0342094, 0.0002832, 3.33653e-10}:
{24, 62, 7e-07, 7e-07, 7e-07, 7e-07, 0.0002974, 0.0002974, 0.0002974, 0.0002974, 0.0067137, 0.0067137, 0.0067137, 0.0067137, 0.0420763, 0.0420763, 0.0420763, 0.0420763, 0.0758607, 0.0758607, 0.0758607, 0.0758607, 0.0386213, 0.0386213, 0.0386213, 0.0386213, 0.0386213, 0.0386213, 0.0386213, 0.0386213, 0.0386213, 0.0386213, 0.0386213, 0.0386213, 0.0386213, 0.0386213, 0.0386213, 0.0386213, 0.0386213, 0.0003798, 7.00192e-10}:
{24, 62, 2e-07, 2e-07, 2e-07, 2e-07, 0.0001222, 0.0001222, 0.0001222, 0.0001222, 0.0037728, 0.0037728, 0.0037728, 0.0037728, 0.0316422, 0.0316422, 0.0316422, 0.0316422, 0.0705569, 0.0705569, 0.0705569, 0.0705569, 0.0428007, 0.0428007, 0.0428007, 0.0428007, 0.0428007, 0.0428007, 0.0428007, 0.0428007, 0.0428007, 0.0428007, 0.0428007, 0.0428007, 0.0428007, 0.0428007, 0.0428007, 0.0428007, 0.0428007, 0.0005048, 1.45041e-09}:
{28, 62, 4.71e-05, 4.71e-05, 4.71e-05, 4.71e-05, 0.0020036, 0.0020036, 0.0020036, 0.0020036, 0.0226998, 0.0226998, 0.0226998, 0.0226998, 0.0631254, 0.0631254, 0.0631254, 0.0631254, 0.0465614, 0.0465614, 0.0465614, 0.0465614, 0.0465614, 0.0465614, 0.0465614, 0.0465614, 0.0465614, 0.0465614, 0.0465614, 0.0465614, 0.0465614, 0.0465614, 0.0465614, 0.0465614, 0.0465614, 0.0006648, 2.96564e-09}:
{28, 63, 1.71e-05, 1.71e-05, 1.71e-05, 1.71e-05, 0.0010056, 0.0010056, 0.0010056, 0.0010056, 0.015535, 0.015535, 0.015535, 0.015535, 0.0543274, 0.0543274, 0.0543274, 0.0543274, 0.0497234, 0.0497234, 0.0497234, 0.0497234, 0.0497234, 0.0497234, 0.0497234, 0.0497234, 0.0497234, 0.0497234, 0.0497234, 0.0497234, 0.0497234, 0.0497234, 0.0497234, 0.0497234, 0.0497234, 0.0008676, 5.98547e-09, 1.86587e-11}:
{28, 63, 5.8e-06, 5.8e-06, 5.8e-06, 5.8e-06, 0.0004769, 0.0004769, 0.0004769, 0.0004769, 0.0101425, 0.0101425, 0.0101425, 0.0101425, 0.0449772, 0.0449772, 0.0449772, 0.0449772, 0.052127, 0.052127, 0.052127, 0.052127, 0.052127, 0.052127, 0.052127, 0.052127, 0.052127, 0.052127, 0.052127, 0.052127, 0.052127, 0.052127, 0.052127, 0.052127, 0.052127, 0.001122, 1.19242e-08, 3.73128e-11}:
{28, 63, 1.9e-06, 1.9e-06, 1.9e-06, 1.9e-06, 0.0002138, 0.0002138, 0.0002138, 0.0002138, 0.0063172, 0.0063172, 0.0063172, 0.0063172, 0.0358205, 0.0358205, 0.0358205, 0.0358205, 0.0536464, 0.0536464, 0.0536464, 0.0536464, 0.0536464, 0.0536464, 0.0536464, 0.0536464, 0.0536464, 0.0536464, 0.0536464, 0.0536464, 0.0536464, 0.0536464, 0.0536464, 0.0536464, 0.0536464, 0.0014381, 2.34484e-08, 7.38706e-11}:
{28, 63, 6e-07, 6e-07, 6e-07, 6e-07, 9.06e-05, 9.06e-05, 9.06e-05, 9.06e-05, 0.0037537, 0.0037537, 0.0037537, 0.0037537, 0.0274437, 0.0274437, 0.0274437, 0.0274437, 0.0542, 0.0542, 0.0542, 0.0542, 0.0542, 0.0542, 0.0542, 0.0542, 0.0542, 0.0542, 0.0542, 0.0542, 0.0542, 0.0542, 0.0542, 0.0542, 0.0542, 0.0018265, 4.55144e-08, 1.44785e-10}:
{28, 63, 2e-07, 2e-07, 2e-07, 2e-07, 3.63e-05, 3.63e-05, 3.63e-05, 3.63e-05, 0.002128, 0.002128, 0.002128, 0.002128, 0.0202271, 0.0202271, 0.0202271, 0.0202271, 0.0537584, 0.0537584, 0.0537584, 0.0537584, 0.0537584, 0.0537584, 0.0537584, 0.0537584, 0.0537584, 0.0537584, 0.0537584, 0.0537584, 0.0537584, 0.0537584, 0.0537584, 0.0537584, 0.0537584, 0.0022992, 8.72042e-08, 2.8094e-10}:
{32, 63, 1.37e-05, 1.37e-05, 1.37e-05, 1.37e-05, 0.0011509, 0.0011509, 0.0011509, 0.0011509, 0.014342, 0.014342, 0.014342, 0.014342, 0.0523465, 0.0523465, 0.0523465, 0.0523465, 0.0523465, 0.0523465, 0.0523465, 0.0523465, 0.0523465, 0.0523465, 0.0523465, 0.0523465, 0.0523465, 0.0523465, 0.0523465, 0.0523465, 0.0523465, 0.0028682, 1.64922e-07, 5.39686e-10}:
{32, 63, 4.9e-06, 4.9e-06, 4.9e-06, 4.9e-06, 0.0005939, 0.0005939, 0.0005939, 0.0005939, 0.009783, 0.009783, 0.009783, 0.009783, 0.0500414, 0.0500414, 0.0500414, 0.0500414, 0.0500414, 0.0500414, 0.0500414, 0.0500414, 0.0500414, 0.0500414, 0.0500414, 0.0500414, 0.0500414, 0.0500414, 0.0500414, 0.0500414, 0.0500414, 0.0035461, 3.07872e-07, 1.02638e-09}:
{32, 63, 1.7e-06, 1.7e-06, 1.7e-06, 1.7e-06, 0.0002924, 0.0002924, 0.0002924, 0.0002924, 0.00642, 0.00642, 0.00642, 0.00642, 0.0469653, 0.0469653, 0.0469653, 0.0469653, 0.0469653, 0.0469653, 0.0469653, 0.0469653, 0.0469653, 0.0469653, 0.0469653, 0.0469653, 0.0469653, 0.0469653, 0.0469653, 0.0469653, 0.0469653, 0.0043451, 5.67303e-07, 1.93246e-09}:
{32, 64, 5e-07, 5e-07, 5e-07, 5e-07, 0.0001373, 0.0001373, 0.0001373, 0.0001373, 0.0040532, 0.0040532, 0.0040532, 0.0040532, 0.0432748, 0.0432748, 0.0432748, 0.0432748, 0.0432748, 0.0432748, 0.0432748, 0.0432748, 0.0432748, 0.0432748, 0.0432748, 0.0432748, 0.0432748, 0.0432748, 0.0432748, 0.0432748, 0.0432748, 0.0052766, 1.03184e-06, 3.60208e-09, 2.16393e-11}:
{32, 64, 2e-07, 2e-07, 2e-07, 2e-07, 6.15e-05, 6.15e-05, 6.15e-05, 6.15e-05, 0.0024619, 0.0024619, 0.0024619, 0.0024619, 0.039148, 0.039148, 0.039148, 0.039148, 0.039148, 0.039148, 0.039148, 0.039148, 0.039148, 0.039148, 0.039148, 0.039148, 0.039148, 0.039148, 0.039148, 0.039148, 0.039148, 0.0063508, 1.85252e-06, 6.64711e-09, 4.00347e-11}:
{36, 64, 2.63e-05, 2.63e-05, 2.63e-05, 2.63e-05, 0.0014386, 0.0014386, 0.0014386, 0.0014386, 0.03477, 0.03477, 0.03477, 0.03477, 0.03477, 0.03477, 0.03477, 0.03477, 0.03477, 0.03477, 0.03477, 0.03477, 0.03477, 0.03477, 0.03477, 0.03477, 0.03477, 0.0075757, 3.28294e-06, 1.21437e-08, 7.34786e-11}:
{36, 64, 1.07e-05, 1.07e-05, 1.07e-05, 1.07e-05, 0.0008088, 0.0008088, 0.0008088, 0.0008088, 0.0303196, 0.0303196, 0.0303196, 0.0303196, 0.0303196, 0.0303196, 0.0303196, 0.0303196, 0.0303196, 0.0303196, 0.0303196, 0.0303196, 0.0303196, 0.0303196, 0.0303196, 0.0303196, 0.0303196, 0.0089566, 5.74272e-06, 2.19638e-08, 1.33787e-10}:
{36, 64, 4.2e-06, 4.2e-06, 4.2e-06, 4.2e-06, 0.0004375, 0.0004375, 0.0004375, 0.0004375, 0.0259581, 0.0259581, 0.0259581, 0.0259581, 0.0259581, 0.0259581, 0.0259581, 0.0259581, 0.0259581, 0.0259581, 0.0259581, 0.0259581, 0.0259581, 0.0259581, 0.0259581, 0.0259581, 0.0259581, 0.0104953, 9.9157e-06, 3.93279e-08, 2.41657e-10}:
{36, 64, 1.6e-06, 1.6e-06, 1.6e-06, 1.6e-06, 0.0002277, 0.0002277, 0.0002277, 0.0002277, 0.02182, 0.02182, 0.02182, 0.02182, 0.02182, 0.02182, 0.02182, 0.02182, 0.02182, 0.02182, 0.02182, 0.02182, 0.02182, 0.02182, 0.02182, 0.02182, 0.02182, 0.0121892, 1.68998e-05, 6.97161e-08, 4.33025e-10}:
{36, 65, 8e-07, 8e-07, 8e-07, 8e-07, 0.0002138, 0.0002138, 0.0002138, 0.0002138, 0.0781918, 0.0781918, 0.0781918, 0.0781918, 0.0781918, 0.0781918, 0.0781918, 0.0781918, 0.0781918, 0.0781918, 0.0781918, 0.0781918, 0.0781918, 0.0781918, 0.0781918, 0.0781918, 0.0781918, 0.465898, 0.000929178, 6.03381e-06, 4.4625e-08, 4.65626e-10}:
{44, 68, 0.0001692, 0.0001692, 0.0001692, 0.0001692, 0.0001692, 0.0001692, 0.0001692, 0.0001692, 0.0001692, 0.0001692, 0.0001692, 0.0001692, 0.0001692, 0.0001692, 0.0001692, 0.0001692, 0.0001692, 0.462374, 0.137038, 0.00373465, 5.73782e-05, 8.39009e-07, 1.45746e-08, 3.28034e-10, 9.80472e-12}:
{62, 70, 0.724026, 0.176703, 0.00954074, 0.000285759, 7.3515e-06, 2.00495e-07, 6.3977e-09, 2.49061e-10, 1.19785e-11}:
{62, 72, 0.137038, 0.639112, 0.205155, 0.0183967, 0.000930117, 3.81688e-05, 1.54028e-06, 6.75758e-08, 3.38967e-09, 1.98839e-10, 1.37366e-11}:
{62, 74, 0.000929178, 0.176703, 0.570493, 0.223863, 0.0295176, 0.00226327, 0.000136823, 7.74274e-06, 4.51869e-07, 2.86967e-08, 2.04008e-09, 1.64511e-10, 1.51119e-11}:
{62, 76, 2.25699e-07, 0.00373465, 0.205155, 0.514908, 0.234967, 0.0418007, 0.00448443, 0.000374641, 2.8377e-05, 2.13428e-06, 1.68234e-07, 1.43389e-08, 1.34426e-09, 1.39765e-10, 1.61594e-11}:
{63, 78, 6.03381e-06, 0.00954074, 0.223863, 0.469155, 0.240465, 0.0542302, 0.00765516, 0.000839498, 8.18016e-05, 7.70329e-06, 7.38858e-07, 7.45545e-08, 8.06919e-09, 9.47046e-10, 1.21183e-10, 1.69362e-11}:
{63, 80, 7.45194e-10, 5.73782e-05, 0.0183967, 0.234967, 0.430865, 0.24197, 0.0660558, 0.0116996, 0.0016157, 0.000195857, 2.25079e-05, 2.57803e-06, 3.03982e-07, 3.76652e-08, 4.96658e-09, 7.0205e-10, 1.0679e-10, 1.75245e-11}:
{64, 82, 4.4625e-08, 0.000285759, 0.0295176, 0.240465, 0.398354, 0.240705, 0.0768112, 0.0164455, 0.00276502, 0.000405354, 5.5581e-05, 7.47224e-06, 1.01656e-06, 1.4292e-07, 2.10506e-08, 3.27673e-09, 5.42479e-10, 9.63575e-11, 1.86789e-11}:
{65, 85, 8.39009e-07, 0.000930117, 0.0418007, 0.24197, 0.370404, 0.237561, 0.0862631, 0.0216748, 0.00431581, 0.00074712, 0.000119851, 1.86188e-05, 2.88765e-06, 4.56566e-07, 7.46543e-08, 1.27603e-08, 2.3079e-09, 4.50518e-10, 9.75523e-11, 2.40547e-11, 6.8666e-12}:
{65, 85, 4.65626e-10, 7.3515e-06, 0.00226327, 0.0542302, 0.240705, 0.346119, 0.23318, 0.0943433, 0.0271655, 0.0062615, 0.00125434, 0.000231417, 4.09652e-05, 7.16285e-06, 1.26291e-06, 2.28078e-07, 4.2875e-08, 8.58373e-09, 1.8857e-09, 4.67597e-10, 1.33267e-10}:
{66, 85, 1.45746e-08, 3.81688e-05, 0.00448443, 0.0660558, 0.237561, 0.324823, 0.228015, 0.101088, 0.0327184, 0.00856601, 0.00195192, 0.000408039, 8.12851e-05, 1.58633e-05, 3.09773e-06, 6.17793e-07, 1.29194e-07, 2.92706e-08, 7.40748e-09, 2.13605e-09}:
{67, 85, 2.00495e-07, 0.000136823, 0.00765516, 0.0768112, 0.23318, 0.305996, 0.222387, 0.106593, 0.0381704, 0.0111725, 0.00285369, 0.000667237, 0.000147951, 3.19702e-05, 6.90456e-06, 1.53608e-06, 3.6485e-07, 9.56303e-08, 2.82749e-08}:
{67, 85, 3.28034e-10, 1.54028e-06, 0.000374641, 0.0116996, 0.0862631, 0.228015, 0.289231, 0.216517, 0.110984, 0.0433977, 0.0140129, 0.0039618, 0.00102458, 0.00025072, 5.98524e-05, 1.44273e-05, 3.65191e-06, 1.00611e-06, 3.09099e-07}:
{68, 85, 6.3977e-09, 7.74274e-06, 0.000839498, 0.0164455, 0.0943433, 0.222387, 0.274208, 0.210563, 0.114395, 0.0483134, 0.0170156, 0.00526837, 0.00149408, 0.000402422, 0.000107044, 2.93527e-05, 8.62627e-06, 2.7906e-06}:
{68, 85, 9.80472e-12, 6.75758e-08, 2.8377e-05, 0.0016157, 0.0216748, 0.101088, 0.216517, 0.260669, 0.20463, 0.116956, 0.0528623, 0.0201146, 0.00676547, 0.00209862, 0.000627392, 0.000189452, 6.02734e-05, 2.08066e-05}:
{69, 85, 2.49061e-10, 4.51869e-07, 8.18016e-05, 0.00276502, 0.0271655, 0.106593, 0.210563, 0.248403, 0.198791, 0.118792, 0.0570228, 0.023279, 0.00848869, 0.00290483, 0.000981919, 0.000343206, 0.000128118}:
{70, 85, 3.38967e-09, 2.13428e-06, 0.000195857, 0.00431581, 0.0327184, 0.110984, 0.20463, 0.237241, 0.193096, 0.12003, 0.0608654, 0.0266318, 0.0106244, 0.00408671, 0.00159261, 0.000651512}:
{70, 85, 1.19785e-11, 2.86967e-08, 7.70329e-06, 0.000405354, 0.0062615, 0.0381704, 0.114395, 0.198791, 0.22704, 0.187601, 0.120925, 0.0648057, 0.0306967, 0.0136583, 0.00602269, 0.00273615}:
{71, 85, 1.98839e-10, 1.68234e-07, 2.25079e-05, 0.00074712, 0.00856601, 0.0433977, 0.116956, 0.193096, 0.217712, 0.18256, 0.122315, 0.0700618, 0.0366557, 0.0185608, 0.00948989}:
{72, 85, 2.04008e-09, 7.38858e-07, 5.5581e-05, 0.00125434, 0.0111725, 0.0483134, 0.118792, 0.187601, 0.209429, 0.179061, 0.126321, 0.0789968, 0.0466155, 0.0271823}:
{72, 85, 1.37366e-11, 1.43389e-08, 2.57803e-06, 0.000119851, 0.00195192, 0.0140129, 0.0528623, 0.12003, 0.18256, 0.203317, 0.179916, 0.13671, 0.095409, 0.0643009}:
{73, 85, 1.64511e-10, 7.45545e-08, 7.47224e-06, 0.000231417, 0.00285369, 0.0170156, 0.0570228, 0.120925, 0.179061, 0.202427, 0.189984, 0.159138, 0.125618}:
{74, 85, 1.34426e-09, 3.03982e-07, 1.86188e-05, 0.000408039, 0.0039618, 0.0201146, 0.0608654, 0.122315, 0.179916, 0.212009, 0.216314, 0.202671}:
{74, 85, 1.51119e-11, 8.06919e-09, 1.01656e-06, 4.09652e-05, 0.000667237, 0.00526837, 0.023279, 0.0648057, 0.126321, 0.189984, 0.23962, 0.270044};
>