energy(#asignal)<
@energy = {0, 5, 0.31758729999999996, 0.31758729999999996, 0.014792999999999999, 0.014792999999999999, 0.0000661, 0.0000661}:
{0, 7, 0.3920091, 0.3920091, 0.11057149999999999, 0.11057149999999999, 0.0019038999999999998, 0.0019038999999999998, 3.5e-6, 3.5e-6}:
{0, 9, 0.1673314, 0.1673314, 0.3204275, 0.3204275, 0.0237952, 0.0237952, 0.00015989999999999998, 0.00015989999999999998, 1.e-7, 1.e-7}:
{0, 9, 0.0244786, 0.0244786, 0.3629481, 0.3629481, 0.1301735, 0.1301735, 0.0033545999999999997, 0.0033545999999999997, 9.2e-6, 9.2e-6}:
{0, 11, 0.001207, 0.001207, 0.1608734, 0.1608734, 0.3139442, 0.3139442, 0.0326296, 0.0326296, 0.0002941, 0.0002941, 6.e-7, 6.e-7}:
{0, 13, 0.000019699999999999998, 0.000019699999999999998, 0.027729, 0.027729, 0.3352642, 0.3352642, 0.14807889999999999, 0.14807889999999999, 0.0046793, 0.0046793, 0.0000249, 0.0000249, 1.e-7, 1.e-7}:
{0, 13, 1.e-7, 1.e-7, 0.0018379, 0.0018379, 0.1585937, 0.1585937, 0.3151773, 0.3151773, 0.037232299999999996, 0.037232299999999996, 0.0005612999999999999, 0.0005612999999999999, 2.8999999999999998e-6, 2.8999999999999998e-6}:
{2, 15, 0.0000463, 0.0000463, 0.0331064, 0.0331064, 0.315573, 0.315573, 0.1488291, 0.1488291, 0.0067617, 0.0067617, 0.0000784, 0.0000784, 2.e-7, 2.e-7}:
{2, 15, 4.e-7, 4.e-7, 0.0030291, 0.0030291, 0.148638, 0.148638, 0.29995289999999997, 0.29995289999999997, 0.0437467, 0.0437467, 0.0012014, 0.0012014, 6.5999999999999995e-6, 6.5999999999999995e-6}:
{4, 17, 0.00012049999999999999, 0.00012049999999999999, 0.0328356, 0.0328356, 0.30542739999999996, 0.30542739999999996, 0.1524871, 0.1524871, 0.010614, 0.010614, 0.00013769999999999999, 0.00013769999999999999, 1.e-6, 1.e-6}:
{4, 19, 2.1e-6, 2.1e-6, 0.0033843, 0.0033843, 0.1571362, 0.1571362, 0.287059, 0.287059, 0.054213399999999995, 0.054213399999999995, 0.001731, 0.001731, 0.0000233, 0.0000233, 1.e-7, 1.e-7}:
{6, 19, 0.0001617, 0.0001617, 0.040766899999999995, 0.040766899999999995, 0.2922433, 0.2922433, 0.16040849999999998, 0.16040849999999998, 0.013061999999999999, 0.013061999999999999, 0.00033509999999999996, 0.00033509999999999996, 3.2e-6, 3.2e-6}:
{6, 21, 3.6e-6, 3.6e-6, 0.0053143999999999995, 0.0053143999999999995, 0.160905, 0.160905, 0.27534949999999997, 0.27534949999999997, 0.059277399999999994, 0.059277399999999994, 0.0030764, 0.0030764, 0.0000529, 0.0000529, 5.e-7, 5.e-7}:
{8, 21, 0.00034659999999999997, 0.00034659999999999997, 0.047851, 0.047851, 0.2744232, 0.2744232, 0.1620239, 0.1620239, 0.0180636, 0.0180636, 0.0005884999999999999, 0.0005884999999999999, 8.599999999999999e-6, 8.599999999999999e-6}:
{8, 23, 0.0000113, 0.0000113, 0.0076679, 0.0076679, 0.15879379999999998, 0.15879379999999998, 0.2670304, 0.2670304, 0.0679038, 0.0679038, 0.0043755999999999995, 0.0043755999999999995, 0.00011229999999999999, 0.00011229999999999999, 1.e-6, 1.e-6}:
{8, 25, 2.e-7, 2.e-7, 0.0006600999999999999, 0.0006600999999999999, 0.053305599999999995, 0.053305599999999995, 0.26551389999999997, 0.26551389999999997, 0.163572, 0.163572, 0.021751299999999998, 0.021751299999999998, 0.0010088, 0.0010088, 0.0000164, 0.0000164, 3.e-7, 3.e-7}:
{10, 27, 0.0000304, 0.0000304, 0.0103655, 0.0103655, 0.1592775, 0.1592775, 0.2526603, 0.2526603, 0.07234539999999999, 0.07234539999999999, 0.0062623999999999996, 0.0062623999999999996, 0.0001815, 0.0001815, 4.8e-6, 4.8e-6, 1.e-7, 1.e-7}:
{10, 27, 7.e-7, 7.e-7, 0.0011653, 0.0011653, 0.0576102, 0.0576102, 0.25033839999999996, 0.25033839999999996, 0.16109769999999998, 0.16109769999999998, 0.0268723, 0.0268723, 0.0014161, 0.0014161, 0.0000516, 0.0000516, 9.e-7, 9.e-7}:
{12, 29, 0.0000756, 0.0000756, 0.0125498, 0.0125498, 0.1591024, 0.1591024, 0.2402773, 0.2402773, 0.079756, 0.079756, 0.0078111, 0.0078111, 0.0004126, 0.0004126, 0.000010199999999999999, 0.000010199999999999999, 1.e-7, 1.e-7}:
{12, 29, 2.8e-6, 2.8e-6, 0.0016439999999999998, 0.0016439999999999998, 0.0648378, 0.0648378, 0.24009339999999998, 0.24009339999999998, 0.1637987, 0.1637987, 0.030466399999999998, 0.030466399999999998, 0.0024487, 0.0024487, 0.0000929, 0.0000929, 1.9e-6, 1.9e-6}:
{12, 31, 1.e-7, 1.e-7, 0.0001293, 0.0001293, 0.0169312, 0.0169312, 0.1607278, 0.1607278, 0.2328528, 0.2328528, 0.084065, 0.084065, 0.0107942, 0.0107942, 0.0006399, 0.0006399, 0.000019299999999999998, 0.000019299999999999998, 4.e-7, 4.e-7}:
{14, 33, 6.1e-6, 6.1e-6, 0.0028304, 0.0028304, 0.0720682, 0.0720682, 0.2291634, 0.2291634, 0.1641505, 0.1641505, 0.035351299999999995, 0.035351299999999995, 0.0033404999999999997, 0.0033404999999999997, 0.00015209999999999998, 0.00015209999999999998, 4.e-6, 4.e-6, 1.e-7, 1.e-7}:
{14, 33, 2.e-7, 2.e-7, 0.0003026, 0.0003026, 0.0216343, 0.0216343, 0.1561349, 0.1561349, 0.2268847, 0.2268847, 0.0860403, 0.0860403, 0.013216799999999999, 0.013216799999999999, 0.000922, 0.000922, 0.0000351, 0.0000351, 1.1e-6, 1.1e-6}:
{16, 35, 0.0000207, 0.0000207, 0.0043453, 0.0043453, 0.07363309999999999, 0.07363309999999999, 0.22200029999999998, 0.22200029999999998, 0.1556552, 0.1556552, 0.0396435, 0.0396435, 0.0043121, 0.0043121, 0.0002418, 0.0002418, 9.9e-6, 9.9e-6, 4.e-7, 4.e-7}:
{16, 37, 9.e-7, 9.e-7, 0.0005834999999999999, 0.0005834999999999999, 0.0240284, 0.0240284, 0.1537739, 0.1537739, 0.2093389, 0.2093389, 0.0901633, 0.0901633, 0.015558899999999999, 0.015558899999999999, 0.0013047999999999998, 0.0013047999999999998, 0.0000708, 0.0000708, 3.1e-6, 3.1e-6, 2.e-7, 2.e-7}:
{18, 39, 0.0000523, 0.0000523, 0.0054233, 0.0054233, 0.0753932, 0.0753932, 0.2093107, 0.2093107, 0.1555106, 0.1555106, 0.0433198, 0.0433198, 0.0055173999999999996, 0.0055173999999999996, 0.0004072, 0.0004072, 0.0000226, 0.0000226, 1.8e-6, 1.8e-6, 1.e-7, 1.e-7}:
{18, 39, 3.1e-6, 3.1e-6, 0.0008460999999999999, 0.0008460999999999999, 0.0261572, 0.0261572, 0.1555927, 0.1555927, 0.2034257, 0.2034257, 0.093084, 0.093084, 0.018281199999999997, 0.018281199999999997, 0.0018811, 0.0018811, 0.0001333, 0.0001333, 0.0000119, 0.0000119, 4.e-7, 4.e-7}:
{18, 41, 1.e-7, 1.e-7, 0.0000912, 0.0000912, 0.0064195, 0.0064195, 0.0859834, 0.0859834, 0.20183089999999998, 0.20183089999999998, 0.1543803, 0.1543803, 0.0474693, 0.0474693, 0.0069759999999999996, 0.0069759999999999996, 0.0006473, 0.0006473, 0.000067, 0.000067, 3.2999999999999997e-6, 3.2999999999999997e-6, 1.e-7, 1.e-7}:
{20, 43, 6.799999999999999e-6, 6.799999999999999e-6, 0.001114, 0.001114, 0.035319199999999995, 0.035319199999999995, 0.1518813, 0.1518813, 0.19763799999999998, 0.19763799999999998, 0.09660769999999999, 0.09660769999999999, 0.0207726, 0.0207726, 0.0025838, 0.0025838, 0.0003179, 0.0003179, 0.0000207, 0.0000207, 5.e-7, 5.e-7, 1.e-7, 1.e-7}:
{20, 43, 3.e-7, 3.e-7, 0.00013659999999999999, 0.00013659999999999999, 0.010781899999999999, 0.010781899999999999, 0.0866826, 0.0866826, 0.1953112, 0.1953112, 0.15411249999999999, 0.15411249999999999, 0.0496702, 0.0496702, 0.0084777, 0.0084777, 0.0012688999999999999, 0.0012688999999999999, 0.00010949999999999999, 0.00010949999999999999, 3.9e-6, 3.9e-6, 7.e-7, 7.e-7}:
{22, 43, 0.000011799999999999999, 0.000011799999999999999, 0.0024454999999999998, 0.0024454999999999998, 0.0375167, 0.0375167, 0.1489914, 0.1489914, 0.1927148, 0.1927148, 0.0953796, 0.0953796, 0.022868899999999998, 0.022868899999999998, 0.0042613, 0.0042613, 0.00048719999999999997, 0.00048719999999999997, 0.000023199999999999998, 0.000023199999999999998, 3.9e-6, 3.9e-6}:
{22, 47, 7.e-7, 7.e-7, 0.000412, 0.000412, 0.0123117, 0.0123117, 0.0877313, 0.0877313, 0.18891, 0.18891, 0.14709429999999998, 0.14709429999999998, 0.0507194, 0.0507194, 0.0120381, 0.0120381, 0.0018287, 0.0018287, 0.0001175, 0.0001175, 0.0000202, 0.0000202, 3.e-7, 3.e-7, 2.e-7, 2.e-7}:
{24, 47, 0.0000515, 0.0000515, 0.0030628, 0.0030628, 0.039872399999999995, 0.039872399999999995, 0.1451626, 0.1451626, 0.18219439999999998, 0.18219439999999998, 0.0924879, 0.0924879, 0.0286089, 0.0286089, 0.0057894999999999995, 0.0057894999999999995, 0.0005055999999999999, 0.0005055999999999999, 0.0000908, 0.0000908, 1.8e-6, 1.8e-6, 9.e-7, 9.e-7}:
{24, 47, 4.8e-6, 4.8e-6, 0.0005775, 0.0005775, 0.013985099999999999, 0.013985099999999999, 0.0874379, 0.0874379, 0.181252, 0.181252, 0.13867369999999998, 0.13867369999999998, 0.0571989, 0.0571989, 0.01546, 0.01546, 0.0018453999999999999, 0.0018453999999999999, 0.0003547, 0.0003547, 0.0000103, 0.0000103, 4.5e-6, 4.5e-6}:
{24, 49, 3.e-7, 3.e-7, 0.0000825, 0.0000825, 0.0037849999999999997, 0.0037849999999999997, 0.041282, 0.041282, 0.1448238, 0.1448238, 0.17096699999999998, 0.17096699999999998, 0.09621299999999999, 0.09621299999999999, 0.0348223, 0.0348223, 0.005714299999999999, 0.005714299999999999, 0.0012064999999999999, 0.0012064999999999999, 0.000051, 0.000051, 0.0000195, 0.0000195, 1.e-7, 1.e-7}:
{26, 51, 8.9e-6, 8.9e-6, 0.0007903, 0.0007903, 0.015275599999999999, 0.015275599999999999, 0.0929392, 0.0929392, 0.1733182, 0.1733182, 0.13616, 0.13616, 0.0661609, 0.0661609, 0.0150125, 0.0150125, 0.0035729, 0.0035729, 0.0002186, 0.0002186, 0.0000762, 0.0000762, 7.e-7, 7.e-7, 1.e-7, 1.e-7}:
{26, 51, 7.e-7, 7.e-7, 0.0001273, 0.0001273, 0.004429499999999999, 0.004429499999999999, 0.0479008, 0.0479008, 0.14447369999999998, 0.14447369999999998, 0.1621224, 0.1621224, 0.10603589999999999, 0.10603589999999999, 0.0334637, 0.0334637, 0.0092108, 0.0092108, 0.0008097, 0.0008097, 0.0002649, 0.0002649, 4.2e-6, 4.2e-6, 7.e-7, 7.e-7}:
{28, 53, 0.000015799999999999998, 0.000015799999999999998, 0.0010064, 0.0010064, 0.0198266, 0.0198266, 0.099024, 0.099024, 0.1624121, 0.1624121, 0.1433582, 0.1433582, 0.06329, 0.06329, 0.0206721, 0.0206721, 0.0025921, 0.0025921, 0.0008223999999999999, 0.0008223999999999999, 0.000020799999999999997, 0.000020799999999999997, 3.6e-6, 3.6e-6, 1.e-7, 1.e-7}:
{28, 53, 1.5e-6, 1.5e-6, 0.0001791, 0.0001791, 0.0065899, 0.0065899, 0.0558068, 0.0558068, 0.1368914, 0.1368914, 0.1634997, 0.1634997, 0.1015657, 0.1015657, 0.0403916, 0.0403916, 0.0071709, 0.0071709, 0.0022789, 0.0022789, 0.00008999999999999999, 0.00008999999999999999, 0.0000162, 0.0000162, 8.e-7, 8.e-7}:
{28, 55, 1.e-7, 1.e-7, 0.000024999999999999998, 0.000024999999999999998, 0.0017587, 0.0017587, 0.025859, 0.025859, 0.0970766, 0.0970766, 0.1573041, 0.1573041, 0.13829819999999998, 0.13829819999999998, 0.06871089999999999, 0.06871089999999999, 0.017143099999999998, 0.017143099999999998, 0.005637, 0.005637, 0.00034199999999999996, 0.00034199999999999996, 0.00006489999999999999, 0.00006489999999999999, 3.6999999999999997e-6, 3.6999999999999997e-6, 1.e-7, 1.e-7}:
{30, 60, 2.7e-6, 2.7e-6, 0.0003769, 0.0003769, 0.0098513, 0.0098513, 0.0579198, 0.0579198, 0.127671, 0.127671, 0.1597896, 0.1597896, 0.1017641, 0.1017641, 0.0354171, 0.0354171, 0.012446299999999999, 0.012446299999999999, 0.0011375, 0.0011375, 0.00023129999999999998, 0.00023129999999999998, 0.0000166, 0.0000166, 3.e-7, 3.e-7, 2.e-7, 2.e-7, 2.e-7, 2.e-7, 1.e-7}:
{30, 60, 2.e-7, 2.e-7, 0.0000648, 0.0000648, 0.0030854, 0.0030854, 0.029074, 0.029074, 0.08741199999999999, 0.08741199999999999, 0.1566553, 0.1566553, 0.1312214, 0.1312214, 0.0632339, 0.0632339, 0.0245299, 0.0245299, 0.0033120999999999997, 0.0033120999999999997, 0.0007339, 0.0007339, 0.00006599999999999999, 0.00006599999999999999, 1.6999999999999998e-6, 1.6999999999999998e-6, 1.e-6, 1.e-6, 7.e-7, 7.e-7, 3.e-7}:
{32, 60, 9.e-6, 9.e-6, 0.0007944, 0.0007944, 0.012278299999999999, 0.012278299999999999, 0.050485999999999996, 0.050485999999999996, 0.1303182, 0.1303182, 0.1473195, 0.1473195, 0.0975682, 0.0975682, 0.043153699999999996, 0.043153699999999996, 0.0084443, 0.0084443, 0.0020751999999999997, 0.0020751999999999997, 0.00023319999999999998, 0.00023319999999999998, 8.1e-6, 8.1e-6, 4.2e-6, 4.2e-6, 2.4e-6, 2.4e-6, 9.e-7}:
{32, 60, 1.e-6, 1.e-6, 0.0001681, 0.0001681, 0.0043622, 0.0043622, 0.024596999999999997, 0.024596999999999997, 0.0919868, 0.0919868, 0.14400069999999998, 0.14400069999999998, 0.1301043, 0.1301043, 0.0677662, 0.0677662, 0.018850699999999998, 0.018850699999999998, 0.0052285, 0.0052285, 0.0007354, 0.0007354, 0.0000349, 0.0000349, 0.0000169, 0.0000169, 8.1e-6, 8.1e-6, 2.4e-6}:
{32, 60, 1.e-7, 1.e-7, 0.000029199999999999998, 0.000029199999999999998, 0.0013038, 0.0013038, 0.0101087, 0.0101087, 0.0550935, 0.0550935, 0.12255179999999999, 0.12255179999999999, 0.1499352, 0.1499352, 0.0949904, 0.0949904, 0.036846899999999995, 0.036846899999999995, 0.011738199999999999, 0.011738199999999999, 0.0020688, 0.0020688, 0.0001333, 0.0001333, 0.000061, 0.000061, 0.000025399999999999997, 0.000025399999999999997, 6.3e-6}:
{34, 60, 4.2e-6, 4.2e-6, 0.0003278, 0.0003278, 0.0035042, 0.0035042, 0.027997599999999997, 0.027997599999999997, 0.0908085, 0.0908085, 0.1493293, 0.1493293, 0.1188558, 0.1188558, 0.0630656, 0.0630656, 0.023482199999999998, 0.023482199999999998, 0.0051909999999999994, 0.0051909999999999994, 0.0004524, 0.0004524, 0.00019989999999999998, 0.00019989999999999998, 0.0000741, 0.0000741, 0.0000156}:
{34, 60, 5.e-7, 5.e-7, 0.00006929999999999999, 0.00006929999999999999, 0.0010245999999999999, 0.0010245999999999999, 0.0120719, 0.0120719, 0.058584699999999997, 0.058584699999999997, 0.1285333, 0.1285333, 0.13275019999999998, 0.13275019999999998, 0.0945159, 0.0945159, 0.041859299999999995, 0.041859299999999995, 0.011618499999999999, 0.011618499999999999, 0.0013641, 0.0013641, 0.000592, 0.000592, 0.0002006, 0.0002006, 0.000037}:
{36, 60, 0.000012299999999999999, 0.000012299999999999999, 0.00025269999999999996, 0.00025269999999999996, 0.0044161999999999995, 0.0044161999999999995, 0.0329072, 0.0329072, 0.0956124, 0.0956124, 0.13235, 0.13235, 0.1240338, 0.1240338, 0.0664913, 0.0664913, 0.023196099999999997, 0.023196099999999997, 0.0036536, 0.0036536, 0.0015867, 0.0015867, 0.0005049, 0.0005049, 0.0000841}:
{36, 60, 1.8e-6, 1.8e-6, 0.0000526, 0.0000526, 0.0013706999999999999, 0.0013706999999999999, 0.0160932, 0.0160932, 0.0614662, 0.0614662, 0.1177839, 0.1177839, 0.1425282, 0.1425282, 0.0941154, 0.0941154, 0.041309599999999995, 0.041309599999999995, 0.0086942, 0.0086942, 0.0038475, 0.0038475, 0.0011813, 0.0011813, 0.00018229999999999999}:
{36, 60, 2.e-7, 2.e-7, 9.2e-6, 9.2e-6, 0.0003609, 0.0003609, 0.0068522999999999995, 0.0068522999999999995, 0.034148899999999996, 0.034148899999999996, 0.0935664, 0.0935664, 0.1434127, 0.1434127, 0.1187085, 0.1187085, 0.06562359999999999, 0.06562359999999999, 0.0183812, 0.0183812, 0.008441599999999999, 0.008441599999999999, 0.0025683, 0.0025683, 0.00037759999999999996}:
{38, 60, 1.4e-6, 1.4e-6, 0.0000806, 0.0000806, 0.0025402, 0.0025402, 0.0163956, 0.0163956, 0.0663474, 0.0663474, 0.1263572, 0.1263572, 0.1334222, 0.1334222, 0.0929918, 0.0929918, 0.0345266, 0.0345266, 0.0167577, 0.0167577, 0.005189699999999999, 0.005189699999999999, 0.0007471}:
{38, 60, 2.e-7, 2.e-7, 0.0000153, 0.0000153, 0.0008198, 0.0008198, 0.0068027, 0.0068027, 0.041994699999999996, 0.041994699999999996, 0.09748459999999999, 0.09748459999999999, 0.1336291, 0.1336291, 0.11754529999999999, 0.11754529999999999, 0.0576196, 0.0576196, 0.0300985, 0.0300985, 0.009746, 0.009746, 0.0014118}:
{40, 60, 2.4999999999999998e-6, 2.4999999999999998e-6, 0.0002304, 0.0002304, 0.0024391, 0.0024391, 0.0237263, 0.0237263, 0.0658557, 0.0658557, 0.11926149999999999, 0.11926149999999999, 0.13253879999999998, 0.13253879999999998, 0.0854326, 0.0854326, 0.048912699999999996, 0.048912699999999996, 0.0170098, 0.0170098, 0.0025483}:
{40, 60, 3.e-7, 3.e-7, 0.0000563, 0.0000563, 0.0007557, 0.0007557, 0.0119653, 0.0119653, 0.0389555, 0.0389555, 0.0948473, 0.0948473, 0.1333084, 0.1333084, 0.1125423, 0.1125423, 0.07191879999999999, 0.07191879999999999, 0.0275905, 0.0275905, 0.0043936}:
{42, 60, 0.000012, 0.000012, 0.00020229999999999998, 0.00020229999999999998, 0.0053861, 0.0053861, 0.020177, 0.020177, 0.0672161, 0.0672161, 0.1196047, 0.1196047, 0.13171829999999998, 0.13171829999999998, 0.0956771, 0.0956771, 0.041592199999999996, 0.041592199999999996, 0.0072355}:
{42, 61, 2.2e-6, 2.2e-6, 0.0000468, 0.0000468, 0.0021641, 0.0021641, 0.0091506, 0.0091506, 0.0424467, 0.0424467, 0.0957225, 0.0957225, 0.13696629999999999, 0.13696629999999999, 0.1151639, 0.1151639, 0.058271199999999995, 0.058271199999999995, 0.0113814, 1.e-7}:
{42, 61, 4.e-7, 4.e-7, 9.4e-6, 9.4e-6, 0.0007760999999999999, 0.0007760999999999999, 0.0036336, 0.0036336, 0.0238855, 0.0238855, 0.0683365, 0.0683365, 0.1265369, 0.1265369, 0.1254201, 0.1254201, 0.0758729, 0.0758729, 0.017100399999999998, 2.e-7}:
{42, 61, 1.e-7, 1.e-7, 1.6e-6, 1.6e-6, 0.00024839999999999997, 0.00024839999999999997, 0.0012634, 0.0012634, 0.0119768, 0.0119768, 0.043517299999999995, 0.043517299999999995, 0.10386139999999999, 0.10386139999999999, 0.1235829, 0.1235829, 0.0918142, 0.0918142, 0.0245411, 6.e-7}:
{44, 61, 2.e-7, 2.e-7, 0.00007099999999999999, 0.00007099999999999999, 0.00038459999999999997, 0.00038459999999999997, 0.0053513, 0.0053513, 0.0247194, 0.0247194, 0.0757394, 0.0757394, 0.11017629999999999, 0.11017629999999999, 0.10325799999999999, 0.10325799999999999, 0.0336405, 1.5e-6}:
{46, 61, 0.0000181, 0.0000181, 0.0001025, 0.0001025, 0.0021305, 0.0021305, 0.012525, 0.012525, 0.049069999999999996, 0.049069999999999996, 0.0888698, 0.0888698, 0.1079266, 0.1079266, 0.0440463, 3.6999999999999997e-6}:
{46, 61, 5.0999999999999995e-6, 5.0999999999999995e-6, 0.0000298, 0.0000298, 0.0010835999999999999, 0.0010835999999999999, 0.0091266, 0.0091266, 0.053262699999999996, 0.053262699999999996, 0.15867119999999998, 0.15867119999999998, 0.4571587, 0.4571587, 0.8437688, 0.125667}:
{58, 61, 4.2999999999999995e-6, 4.2999999999999995e-6, 0.008478399999999999, 0.8743268};
>