0.125	2.97839e-15	6.69626e-14	0	1.68766e-16	4.16593e-14	0
0.375	1.64555e-14	1.09711e-12	0	4.45572e-16	1.08358e-13	0
0.625	2.92182e-14	3.41445e-12	0	7.24007e-16	1.17756e-13	0
0.875	3.81872e-14	4.913e-12	0	6.4781e-16	1.05483e-13	0
1.125	3.64316e-14	5.18979e-12	0	4.20745e-16	9.87388e-14	0
1.375	4.02138e-14	4.62257e-12	0	4.77853e-16	8.19172e-14	0
1.625	3.04237e-14	4.07324e-12	0	2.48001e-16	6.67675e-14	0
1.875	2.51466e-14	3.54611e-12	0	2.98254e-16	5.12798e-14	0
2.125	1.93439e-14	3.04661e-12	0	1.09014e-16	4.04853e-14	0
2.375	1.38183e-14	2.45417e-12	0	9.91973e-17	3.09536e-14	0
2.625	1.16174e-14	1.92742e-12	0	1.58347e-16	2.38072e-14	0
2.875	1.00497e-14	1.47429e-12	0	7.31645e-17	1.9696e-14	0
3.125	9.20101e-15	1.08028e-12	0	1.93203e-16	1.52953e-14	0
3.375	7.12824e-15	7.00275e-13	0	1.578e-17	1.05176e-14	0
3.625	5.74513e-15	3.43056e-13	0	4.34564e-17	5.90942e-15	0
3.875	2.03346e-15	1.63128e-13	0	2.09645e-17	6.16175e-15	0
4.125	4.80366e-15	6.86925e-14	0	0	4.60253e-15	0
4.375	1.95007e-15	3.0422e-14	0	0	1.598e-15	0
4.625	1.51869e-15	1.86706e-14	0	0	2.11848e-15	0
4.875	2.58081e-15	1.16199e-14	0	0	1.16565e-15	0
5.125	3.8035e-16	1.04789e-14	0	0	7.23137e-16	0
5.375	3.43711e-16	1.08376e-14	0	0	7.7176e-16	0
5.625	8.43581e-16	9.28331e-15	0	0	9.73707e-16	0
5.875	1.00767e-15	8.47844e-15	0	0	1.48043e-16	0
6.125	1.24063e-16	8.56919e-15	0	0	1.08284e-15	0
6.375	1.53547e-16	7.40429e-15	0	0	4.40903e-16	0
6.625	1.02669e-16	6.65373e-15	0	0	0	0
6.875	3.06367e-17	6.818e-15	0	0	0	0
7.125	7.63912e-17	4.65383e-15	0	0	2.40484e-17	0
7.375	9.9525e-17	4.80275e-15	0	0	0	0
7.625	0	4.22278e-15	0	0	0	0
7.875	0	3.74436e-15	0	0	0	0
8.125	0	2.9733e-15	0	0	0	0
8.375	0	2.46e-15	0	0	0	0
8.625	0	2.39527e-15	0	0	0	0
8.875	0	1.73671e-15	0	0	3.17154e-17	0
9.125	0	1.76295e-15	0	0	0	0
9.375	0	1.3266e-15	0	0	0	0
9.625	0	9.82094e-16	0	0	0	0
9.875	0	1.09786e-15	0	0	0	0
10.125	0	5.37844e-16	0	0	0	0
10.375	0	4.71279e-16	0	0	0	0
10.625	0	3.15926e-16	0	0	0	0
10.875	0	2.05593e-16	0	0	0	0
11.125	0	4.25917e-17	0	0	0	0
11.375	0	0	0	0	0	0
11.625	0	0	0	0	0	0
11.875	0	0	0	0	0	0
12.125	0	0	0	0	0	0
12.375	0	0	0	0	0	0
12.625	0	0	0	0	0	0
12.875	0	0	0	0	0	0
13.125	0	0	0	0	0	0
13.375	0	0	0	0	0	0
13.625	0	0	0	0	0	0
13.875	0	0	0	0	0	0
14.125	0	0	0	0	0	0
14.375	0	0	0	0	0	0
14.625	0	0	0	0	0	0
14.875	0	0	0	0	0	0
15.125	0	0	0	0	0	0
15.375	0	0	0	0	0	0
15.625	0	0	0	0	0	0
15.875	0	0	0	0	0	0
16.125	0	0	0	0	0	0
16.375	0	0	0	0	0	0
16.625	0	0	0	0	0	0
16.875	0	0	0	0	0	0
17.125	0	0	0	0	0	0
17.375	0	0	0	0	0	0
17.625	0	0	0	0	0	0
17.875	0	0	0	0	0	0
18.125	0	0	0	0	0	0
18.375	0	0	0	0	0	0
18.625	0	0	0	0	0	0
18.875	0	0	0	0	0	0
19.125	0	0	0	0	0	0
19.375	0	0	0	0	0	0
19.625	0	0	0	0	0	0
19.875	0	0	0	0	0	0
20.125	0	0	0	0	0	0
20.375	0	0	0	0	0	0
20.625	0	0	0	0	0	0
20.875	0	0	0	0	0	0
21.125	0	0	0	0	0	0
21.375	0	0	0	0	0	0
21.625	0	0	0	0	0	0
21.875	0	0	0	0	0	0
22.125	0	0	0	0	0	0
22.375	0	0	0	0	0	0
22.625	0	0	0	0	0	0
22.875	0	0	0	0	0	0
23.125	0	0	0	0	0	0
23.375	0	0	0	0	0	0
23.625	0	0	0	0	0	0
23.875	0	0	0	0	0	0
24.125	0	0	0	0	0	0
24.375	0	0	0	0	0	0
24.625	0	0	0	0	0	0
24.875	0	0	0	0	0	0
25.125	0	0	0	0	0	0
25.375	0	0	0	0	0	0
25.625	0	0	0	0	0	0
25.875	0	0	0	0	0	0
26.125	0	0	0	0	0	0
26.375	0	0	0	0	0	0
26.625	0	0	0	0	0	0
26.875	0	0	0	0	0	0
27.125	0	0	0	0	0	0
27.375	0	0	0	0	0	0
27.625	0	0	0	0	0	0
27.875	0	0	0	0	0	0
28.125	0	0	0	0	0	0
28.375	0	0	0	0	0	0
28.625	0	0	0	0	0	0
28.875	0	0	0	0	0	0
29.125	0	0	0	0	0	0
29.375	0	0	0	0	0	0
29.625	0	0	0	0	0	0
29.875	0	0	0	0	0	0
30.125	0	0	0	0	0	0
30.375	0	0	0	0	0	0
30.625	0	0	0	0	0	0
30.875	0	0	0	0	0	0
31.125	0	0	0	0	0	0
31.375	0	0	0	0	0	0
31.625	0	0	0	0	0	0
31.875	0	0	0	0	0	0
32.125	0	0	0	0	0	0
32.375	0	0	0	0	0	0
32.625	0	0	0	0	0	0
32.875	0	0	0	0	0	0
33.125	0	0	0	0	0	0
33.375	0	0	0	0	0	0
33.625	0	0	0	0	0	0
33.875	0	0	0	0	0	0
34.125	0	0	0	0	0	0
34.375	0	0	0	0	0	0
34.625	0	0	0	0	0	0
34.875	0	0	0	0	0	0
35.125	0	0	0	0	0	0
35.375	0	0	0	0	0	0
35.625	0	0	0	0	0	0
35.875	0	0	0	0	0	0
36.125	0	0	0	0	0	0
36.375	0	0	0	0	0	0
36.625	0	0	0	0	0	0
36.875	0	0	0	0	0	0
37.125	0	0	0	0	0	0
37.375	0	0	0	0	0	0
37.625	0	0	0	0	0	0
37.875	0	0	0	0	0	0
38.125	0	0	0	0	0	0
38.375	0	0	0	0	0	0
38.625	0	0	0	0	0	0
38.875	0	0	0	0	0	0
39.125	0	0	0	0	0	0
39.375	0	0	0	0	0	0
39.625	0	0	0	0	0	0
39.875	0	0	0	0	0	0
40.125	0	0	0	0	0	0
40.375	0	0	0	0	0	0
40.625	0	0	0	0	0	0
40.875	0	0	0	0	0	0
41.125	0	0	0	0	0	0
41.375	0	0	0	0	0	0
41.625	0	0	0	0	0	0
41.875	0	0	0	0	0	0
42.125	0	0	0	0	0	0
42.375	0	0	0	0	0	0
42.625	0	0	0	0	0	0
42.875	0	0	0	0	0	0
43.125	0	0	0	0	0	0
43.375	0	0	0	0	0	0
43.625	0	0	0	0	0	0
43.875	0	0	0	0	0	0
44.125	0	0	0	0	0	0
44.375	0	0	0	0	0	0
44.625	0	0	0	0	0	0
44.875	0	0	0	0	0	0
45.125	0	0	0	0	0	0
45.375	0	0	0	0	0	0
45.625	0	0	0	0	0	0
45.875	0	0	0	0	0	0
46.125	0	0	0	0	0	0
46.375	0	0	0	0	0	0
46.625	0	0	0	0	0	0
46.875	0	0	0	0	0	0
47.125	0	0	0	0	0	0
47.375	0	0	0	0	0	0
47.625	0	0	0	0	0	0
47.875	0	0	0	0	0	0
48.125	0	0	0	0	0	0
48.375	0	0	0	0	0	0
48.625	0	0	0	0	0	0
48.875	0	0	0	0	0	0
49.125	0	0	0	0	0	0
49.375	0	0	0	0	0	0
49.625	0	0	0	0	0	0
49.875	0	0	0	0	0	0
50.125	0	0	0	0	0	0
50.375	0	0	0	0	0	0
50.625	0	0	0	0	0	0
50.875	0	0	0	0	0	0
51.125	0	0	0	0	0	0
51.375	0	0	0	0	0	0
51.625	0	0	0	0	0	0
51.875	0	0	0	0	0	0
52.125	0	0	0	0	0	0
52.375	0	0	0	0	0	0
52.625	0	0	0	0	0	0
52.875	0	0	0	0	0	0
53.125	0	0	0	0	0	0
53.375	0	0	0	0	0	0
53.625	0	0	0	0	0	0
53.875	0	0	0	0	0	0
54.125	0	0	0	0	0	0
54.375	0	0	0	0	0	0
54.625	0	0	0	0	0	0
54.875	0	0	0	0	0	0
55.125	0	0	0	0	0	0
55.375	0	0	0	0	0	0
55.625	0	0	0	0	0	0
55.875	0	0	0	0	0	0
56.125	0	0	0	0	0	0
56.375	0	0	0	0	0	0
56.625	0	0	0	0	0	0
56.875	0	0	0	0	0	0
57.125	0	0	0	0	0	0
57.375	0	0	0	0	0	0
57.625	0	0	0	0	0	0
57.875	0	0	0	0	0	0
58.125	0	0	0	0	0	0
58.375	0	0	0	0	0	0
58.625	0	0	0	0	0	0
58.875	0	0	0	0	0	0
59.125	0	0	0	0	0	0
59.375	0	0	0	0	0	0
59.625	0	0	0	0	0	0
59.875	0	0	0	0	0	0
60.125	0	0	0	0	0	0
60.375	0	0	0	0	0	0
60.625	0	0	0	0	0	0
60.875	0	0	0	0	0	0
61.125	0	0	0	0	0	0
61.375	0	0	0	0	0	0
61.625	0	0	0	0	0	0
61.875	0	0	0	0	0	0
62.125	0	0	0	0	0	0
62.375	0	0	0	0	0	0
62.625	0	0	0	0	0	0
62.875	0	0	0	0	0	0
63.125	0	0	0	0	0	0
63.375	0	0	0	0	0	0
63.625	0	0	0	0	0	0
63.875	0	0	0	0	0	0
64.125	0	0	0	0	0	0
64.375	0	0	0	0	0	0
64.625	0	0	0	0	0	0
64.875	0	0	0	0	0	0
65.125	0	0	0	0	0	0
65.375	0	0	0	0	0	0
65.625	0	0	0	0	0	0
65.875	0	0	0	0	0	0
66.125	0	0	0	0	0	0
66.375	0	0	0	0	0	0
66.625	0	0	0	0	0	0
66.875	0	0	0	0	0	0
67.125	0	0	0	0	0	0
67.375	0	0	0	0	0	0
67.625	0	0	0	0	0	0
67.875	0	0	0	0	0	0
68.125	0	0	0	0	0	0
68.375	0	0	0	0	0	0
68.625	0	0	0	0	0	0
68.875	0	0	0	0	0	0
69.125	0	0	0	0	0	0
69.375	0	0	0	0	0	0
69.625	0	0	0	0	0	0
69.875	0	0	0	0	0	0
70.125	0	0	0	0	0	0
70.375	0	0	0	0	0	0
70.625	0	0	0	0	0	0
70.875	0	0	0	0	0	0
71.125	0	0	0	0	0	0
71.375	0	0	0	0	0	0
71.625	0	0	0	0	0	0
71.875	0	0	0	0	0	0
72.125	0	0	0	0	0	0
72.375	0	0	0	0	0	0
72.625	0	0	0	0	0	0
72.875	0	0	0	0	0	0
73.125	0	0	0	0	0	0
73.375	0	0	0	0	0	0
73.625	0	0	0	0	0	0
73.875	0	0	0	0	0	0
74.125	0	0	0	0	0	0
74.375	0	0	0	0	0	0
74.625	0	0	0	0	0	0
74.875	0	0	0	0	0	0
75.125	0	0	0	0	0	0
75.375	0	0	0	0	0	0
75.625	0	0	0	0	0	0
75.875	0	0	0	0	0	0
76.125	0	0	0	0	0	0
76.375	0	0	0	0	0	0
76.625	0	0	0	0	0	0
76.875	0	0	0	0	0	0
77.125	0	0	0	0	0	0
77.375	0	0	0	0	0	0
77.625	0	0	0	0	0	0
77.875	0	0	0	0	0	0
78.125	0	0	0	0	0	0
78.375	0	0	0	0	0	0
78.625	0	0	0	0	0	0
78.875	0	0	0	0	0	0
79.125	0	0	0	0	0	0
79.375	0	0	0	0	0	0
79.625	0	0	0	0	0	0
79.875	0	0	0	0	0	0
80.125	0	0	0	0	0	0
80.375	0	0	0	0	0	0
80.625	0	0	0	0	0	0
80.875	0	0	0	0	0	0
81.125	0	0	0	0	0	0
81.375	0	0	0	0	0	0
81.625	0	0	0	0	0	0
81.875	0	0	0	0	0	0
82.125	0	0	0	0	0	0
82.375	0	0	0	0	0	0
82.625	0	0	0	0	0	0
82.875	0	0	0	0	0	0
83.125	0	0	0	0	0	0
83.375	0	0	0	0	0	0
83.625	0	0	0	0	0	0
83.875	0	0	0	0	0	0
84.125	0	0	0	0	0	0
84.375	0	0	0	0	0	0
84.625	0	0	0	0	0	0
84.875	0	0	0	0	0	0
85.125	0	0	0	0	0	0
85.375	0	0	0	0	0	0
85.625	0	0	0	0	0	0
85.875	0	0	0	0	0	0
86.125	0	0	0	0	0	0
86.375	0	0	0	0	0	0
86.625	0	0	0	0	0	0
86.875	0	0	0	0	0	0
87.125	0	0	0	0	0	0
87.375	0	0	0	0	0	0
87.625	0	0	0	0	0	0
87.875	0	0	0	0	0	0
88.125	0	0	0	0	0	0
88.375	0	0	0	0	0	0
88.625	0	0	0	0	0	0
88.875	0	0	0	0	0	0
89.125	0	0	0	0	0	0
89.375	0	0	0	0	0	0
89.625	0	0	0	0	0	0
89.875	0	0	0	0	0	0
90.125	0	0	0	0	0	0
90.375	0	0	0	0	0	0
90.625	0	0	0	0	0	0
90.875	0	0	0	0	0	0
91.125	0	0	0	0	0	0
91.375	0	0	0	0	0	0
91.625	0	0	0	0	0	0
91.875	0	0	0	0	0	0
92.125	0	0	0	0	0	0
92.375	0	0	0	0	0	0
92.625	0	0	0	0	0	0
92.875	0	0	0	0	0	0
93.125	0	0	0	0	0	0
93.375	0	0	0	0	0	0
93.625	0	0	0	0	0	0
93.875	0	0	0	0	0	0
94.125	0	0	0	0	0	0
94.375	0	0	0	0	0	0
94.625	0	0	0	0	0	0
94.875	0	0	0	0	0	0
95.125	0	0	0	0	0	0
95.375	0	0	0	0	0	0
95.625	0	0	0	0	0	0
95.875	0	0	0	0	0	0
96.125	0	0	0	0	0	0
96.375	0	0	0	0	0	0
96.625	0	0	0	0	0	0
96.875	0	0	0	0	0	0
97.125	0	0	0	0	0	0
97.375	0	0	0	0	0	0
97.625	0	0	0	0	0	0
97.875	0	0	0	0	0	0
98.125	0	0	0	0	0	0
98.375	0	0	0	0	0	0
98.625	0	0	0	0	0	0
98.875	0	0	0	0	0	0
99.125	0	0	0	0	0	0
99.375	0	0	0	0	0	0
99.625	0	0	0	0	0	0
99.875	0	0	0	0	0	0
100.125	0	0	0	0	0	0
100.375	0	0	0	0	0	0
100.625	0	0	0	0	0	0
100.875	0	0	0	0	0	0
101.125	0	0	0	0	0	0
101.375	0	0	0	0	0	0
101.625	0	0	0	0	0	0
101.875	0	0	0	0	0	0
102.125	0	0	0	0	0	0
102.375	0	0	0	0	0	0
102.625	0	0	0	0	0	0
102.875	0	0	0	0	0	0
103.125	0	0	0	0	0	0
103.375	0	0	0	0	0	0
103.625	0	0	0	0	0	0
103.875	0	0	0	0	0	0
104.125	0	0	0	0	0	0
104.375	0	0	0	0	0	0
104.625	0	0	0	0	0	0
104.875	0	0	0	0	0	0
105.125	0	0	0	0	0	0
105.375	0	0	0	0	0	0
105.625	0	0	0	0	0	0
105.875	0	0	0	0	0	0
106.125	0	0	0	0	0	0
106.375	0	0	0	0	0	0
106.625	0	0	0	0	0	0
106.875	0	0	0	0	0	0
107.125	0	0	0	0	0	0
107.375	0	0	0	0	0	0
107.625	0	0	0	0	0	0
107.875	0	0	0	0	0	0
108.125	0	0	0	0	0	0
108.375	0	0	0	0	0	0
108.625	0	0	0	0	0	0
108.875	0	0	0	0	0	0
109.125	0	0	0	0	0	0
109.375	0	0	0	0	0	0
109.625	0	0	0	0	0	0
109.875	0	0	0	0	0	0
110.125	0	0	0	0	0	0
110.375	0	0	0	0	0	0
110.625	0	0	0	0	0	0
110.875	0	0	0	0	0	0
111.125	0	0	0	0	0	0
111.375	0	0	0	0	0	0
111.625	0	0	0	0	0	0
111.875	0	0	0	0	0	0
112.125	0	0	0	0	0	0
112.375	0	0	0	0	0	0
112.625	0	0	0	0	0	0
112.875	0	0	0	0	0	0
113.125	0	0	0	0	0	0
113.375	0	0	0	0	0	0
113.625	0	0	0	0	0	0
113.875	0	0	0	0	0	0
114.125	0	0	0	0	0	0
114.375	0	0	0	0	0	0
114.625	0	0	0	0	0	0
114.875	0	0	0	0	0	0
115.125	0	0	0	0	0	0
115.375	0	0	0	0	0	0
115.625	0	0	0	0	0	0
115.875	0	0	0	0	0	0
116.125	0	0	0	0	0	0
116.375	0	0	0	0	0	0
116.625	0	0	0	0	0	0
116.875	0	0	0	0	0	0
117.125	0	0	0	0	0	0
117.375	0	0	0	0	0	0
117.625	0	0	0	0	0	0
117.875	0	0	0	0	0	0
118.125	0	0	0	0	0	0
118.375	0	0	0	0	0	0
118.625	0	0	0	0	0	0
118.875	0	0	0	0	0	0
119.125	0	0	0	0	0	0
119.375	0	0	0	0	0	0
119.625	0	0	0	0	0	0
119.875	0	0	0	0	0	0
120.125	0	0	0	0	0	0
120.375	0	0	0	0	0	0
120.625	0	0	0	0	0	0
120.875	0	0	0	0	0	0
121.125	0	0	0	0	0	0
121.375	0	0	0	0	0	0
121.625	0	0	0	0	0	0
121.875	0	0	0	0	0	0
122.125	0	0	0	0	0	0
122.375	0	0	0	0	0	0
122.625	0	0	0	0	0	0
122.875	0	0	0	0	0	0
123.125	0	0	0	0	0	0
123.375	0	0	0	0	0	0
123.625	0	0	0	0	0	0
123.875	0	0	0	0	0	0
124.125	0	0	0	0	0	0
124.375	0	0	0	0	0	0
124.625	0	0	0	0	0	0
124.875	0	0	0	0	0	0
125.125	0	0	0	0	0	0
