0.125	1.63366e-14	3.58291e-13	0	1.15206e-15	2.75805e-13	0
0.375	9.09193e-14	5.26575e-12	0	5.40277e-15	7.70817e-13	0
0.625	1.84556e-13	1.60326e-11	0	8.10092e-15	9.05071e-13	0
0.875	2.32983e-13	2.56375e-11	0	8.58193e-15	9.45811e-13	0
1.125	2.35829e-13	2.85507e-11	0	8.13797e-15	9.55857e-13	0
1.375	2.49116e-13	2.99432e-11	0	6.43852e-15	8.84837e-13	0
1.625	2.16719e-13	3.10212e-11	0	5.7066e-15	8.449e-13	0
1.875	2.11192e-13	3.31961e-11	0	4.45418e-15	7.8171e-13	0
2.125	1.86563e-13	3.54445e-11	0	6.06941e-15	7.3841e-13	0
2.375	1.57551e-13	3.53187e-11	0	4.42878e-15	6.59701e-13	0
2.625	1.45146e-13	3.22614e-11	0	4.35578e-15	6.21276e-13	0
2.875	1.26565e-13	2.92793e-11	0	4.62997e-15	5.6494e-13	0
3.125	1.20477e-13	2.59568e-11	0	5.38164e-15	5.41812e-13	0
3.375	1.05386e-13	2.15124e-11	0	3.23025e-15	4.73572e-13	0
3.625	8.79737e-14	1.54291e-11	0	4.07674e-15	4.32381e-13	0
3.875	9.02083e-14	1.00085e-11	0	3.28619e-15	3.76279e-13	0
4.125	7.67823e-14	6.26892e-12	0	3.20384e-15	3.60196e-13	0
4.375	6.67452e-14	3.83865e-12	0	2.63741e-15	3.3668e-13	0
4.625	6.28433e-14	2.4974e-12	0	2.28335e-15	3.45018e-13	0
4.875	5.17144e-14	1.71808e-12	0	2.33275e-15	3.45506e-13	0
5.125	4.67152e-14	1.26682e-12	0	3.59938e-15	3.49279e-13	0
5.375	4.36657e-14	1.01046e-12	0	3.36952e-15	3.27342e-13	0
5.625	3.66548e-14	7.89503e-13	0	1.64564e-15	3.1458e-13	0
5.875	3.70446e-14	7.17052e-13	0	2.31255e-15	2.57348e-13	0
6.125	2.88725e-14	6.12904e-13	0	3.46973e-15	2.54832e-13	0
6.375	2.24484e-14	5.52269e-13	0	2.59963e-15	2.1959e-13	0
6.625	2.12882e-14	5.10713e-13	0	9.24954e-16	1.97311e-13	0
6.875	2.23118e-14	4.81795e-13	0	1.10643e-15	1.7648e-13	0
7.125	1.65427e-14	4.88123e-13	0	1.13312e-15	1.59127e-13	0
7.375	1.9545e-14	4.52443e-13	0	1.45725e-15	1.50482e-13	0
7.625	1.67253e-14	4.2255e-13	0	1.25874e-15	1.36867e-13	0
7.875	1.42491e-14	4.16093e-13	0	1.24732e-15	1.28087e-13	0
8.125	1.48694e-14	4.09909e-13	0	1.68761e-15	1.22263e-13	0
8.375	1.37693e-14	3.80246e-13	0	1.08322e-15	1.16677e-13	0
8.625	1.05948e-14	3.68946e-13	0	1.48524e-15	9.01726e-14	0
8.875	8.61069e-15	3.49742e-13	0	7.11373e-16	8.6009e-14	0
9.125	1.10746e-14	3.25315e-13	0	6.63896e-16	8.19881e-14	0
9.375	8.95818e-15	3.27489e-13	0	8.9699e-16	9.14595e-14	0
9.625	7.59531e-15	3.26751e-13	0	7.13576e-16	7.51871e-14	0
9.875	6.48656e-15	2.90941e-13	0	5.33364e-16	7.68883e-14	0
10.125	6.23382e-15	2.77585e-13	0	6.29661e-16	5.94325e-14	0
10.375	5.26894e-15	2.71263e-13	0	4.68502e-16	5.35333e-14	0
10.625	5.50874e-15	2.72157e-13	0	6.96615e-16	3.94579e-14	0
10.875	3.82934e-15	2.53627e-13	0	5.33861e-16	4.07598e-14	0
11.125	3.98097e-15	2.24977e-13	0	6.00425e-16	5.07453e-14	0
11.375	5.08811e-15	2.17184e-13	0	4.19532e-16	5.09951e-14	0
11.625	4.15587e-15	2.22518e-13	0	5.26338e-16	5.31819e-14	0
11.875	3.80863e-15	1.98502e-13	0	4.58076e-16	4.50186e-14	0
12.125	3.82783e-15	1.89931e-13	0	4.96529e-16	3.53797e-14	0
12.375	2.97422e-15	1.87453e-13	0	2.997e-16	3.48886e-14	0
12.625	3.70846e-15	1.59067e-13	0	4.22081e-16	3.11627e-14	0
12.875	3.20746e-15	1.63917e-13	0	5.73962e-16	3.40421e-14	0
13.125	3.34718e-15	1.54366e-13	0	3.02261e-16	3.06163e-14	0
13.375	1.80759e-15	1.36989e-13	0	4.86849e-16	2.38163e-14	0
13.625	2.36213e-15	1.2838e-13	0	3.82142e-16	2.14908e-14	0
13.875	2.19899e-15	1.26422e-13	0	2.30494e-16	3.6699e-14	0
14.125	2.49473e-15	1.20875e-13	0	6.24798e-17	2.40178e-14	0
14.375	1.88201e-15	9.74327e-14	0	4.69164e-16	1.85082e-14	0
14.625	2.43835e-15	1.03099e-13	0	7.70738e-17	2.25604e-14	0
14.875	2.5222e-15	1.08866e-13	0	1.89251e-16	4.02729e-14	0
15.125	1.96618e-15	8.72923e-14	0	2.84453e-16	1.27084e-14	0
15.375	1.42537e-15	8.61791e-14	0	6.27832e-17	2.04964e-14	0
15.625	1.43415e-15	9.42618e-14	0	1.89702e-16	1.47547e-14	0
15.875	1.34387e-15	9.87404e-14	0	2.47951e-16	2.12996e-14	0
16.125	1.0655e-15	6.48084e-14	0	3.06426e-16	1.18813e-14	0
16.375	1.20783e-15	7.2857e-14	0	1.51116e-16	2.0194e-14	0
16.625	1.12181e-15	7.92658e-14	0	5.45979e-17	1.4736e-14	0
16.875	1.41899e-15	5.59311e-14	0	3.50229e-16	2.27292e-14	0
17.125	1.60025e-15	5.64226e-14	0	1.50733e-16	2.02773e-14	0
17.375	1.57897e-15	6.554e-14	0	7.81764e-17	1.24423e-14	0
17.625	1.24017e-15	5.81194e-14	0	1.7856e-16	8.22329e-15	0
17.875	1.13921e-15	6.11231e-14	0	4.69787e-16	1.26326e-14	0
18.125	1.32878e-15	5.53197e-14	0	9.80831e-17	1.24419e-14	0
18.375	5.99649e-16	4.8407e-14	0	6.7797e-17	7.28362e-15	0
18.625	9.1517e-16	4.93344e-14	0	7.98595e-17	6.96282e-15	0
18.875	4.77854e-16	4.74915e-14	0	1.32237e-16	1.03384e-14	0
19.125	8.02506e-16	4.46041e-14	0	0	6.91275e-15	0
19.375	1.1938e-15	3.71737e-14	0	0	3.25066e-15	0
19.625	6.34898e-16	4.93929e-14	0	2.25298e-16	4.79306e-15	0
19.875	1.14884e-15	3.58806e-14	0	1.16681e-16	1.38723e-14	0
20.125	7.53309e-16	2.57885e-14	0	0	7.32165e-15	0
20.375	6.69943e-16	3.44855e-14	0	0	3.948e-15	0
20.625	9.57267e-16	2.71924e-14	0	8.01644e-17	7.29066e-15	0
20.875	6.61793e-16	2.96945e-14	0	1.25748e-16	1.61076e-14	0
21.125	1.1873e-15	3.26999e-14	0	0	3.05461e-15	0
21.375	1.07116e-15	2.46831e-14	0	0	3.82756e-15	0
21.625	6.51801e-16	2.81399e-14	0	0	6.92649e-15	0
21.875	6.16748e-16	2.14248e-14	0	0	6.58209e-15	0
22.125	1.12168e-15	2.48346e-14	0	1.45673e-16	6.91062e-15	0
22.375	7.27298e-16	2.57472e-14	0	0	2.78875e-15	0
22.625	6.90723e-16	1.97236e-14	0	0	2.29043e-15	0
22.875	1.00885e-16	1.78884e-14	0	0	2.22004e-15	0
23.125	8.1464e-16	1.64556e-14	0	0	2.63505e-15	0
23.375	1.08801e-15	1.92367e-14	0	0	7.41386e-15	0
23.625	4.10054e-16	1.70659e-14	0	0	2.56408e-15	0
23.875	7.28922e-16	1.99117e-14	0	0	2.14577e-15	0
24.125	1.0581e-16	1.76869e-14	0	1.22432e-16	2.1551e-15	0
24.375	9.90254e-17	2.04765e-14	0	0	2.24894e-15	0
24.625	3.42631e-16	1.71958e-14	0	1.4095e-16	2.37207e-15	0
24.875	3.57298e-16	1.59823e-14	0	0	6.83861e-15	0
25.125	1.62076e-16	1.45956e-14	0	0	1.88434e-15	0
25.375	7.01599e-16	1.46486e-14	0	0	7.74136e-15	0
25.625	5.86343e-16	1.52137e-14	0	0	1.22365e-15	0
25.875	1.39338e-16	1.41652e-14	0	3.08784e-16	1.3372e-15	0
26.125	2.92843e-16	1.34118e-14	0	3.59442e-16	1.74928e-15	0
26.375	1.38761e-16	1.22304e-14	0	0	1.48267e-15	0
26.625	4.06211e-16	1.29429e-14	0	0	2.17854e-15	0
26.875	5.74037e-16	1.07603e-14	0	0	1.2142e-15	0
27.125	3.76966e-16	1.27712e-14	0	0	1.43176e-15	0
27.375	0	1.38086e-14	0	0	9.38261e-16	0
27.625	1.90972e-16	1.33421e-14	0	0	1.27066e-15	0
27.875	1.89428e-16	1.44265e-14	0	0	8.61264e-16	0
28.125	2.44909e-16	1.12813e-14	0	0	1.75255e-15	0
28.375	1.96825e-16	1.27181e-14	0	0	1.0024e-15	0
28.625	1.36593e-16	1.09039e-14	0	2.18211e-16	1.81644e-15	0
28.875	2.8981e-16	9.12792e-15	0	0	1.04317e-15	0
29.125	0	8.69821e-15	0	0	7.06648e-16	0
29.375	1.69558e-16	8.84097e-15	0	0	9.59488e-16	0
29.625	0	9.12702e-15	0	2.33964e-16	1.34046e-15	0
29.875	0	9.65906e-15	0	0	1.11562e-15	0
30.125	0	1.01916e-14	0	0	1.25782e-15	0
30.375	1.91416e-16	8.1874e-15	0	0	6.39693e-16	0
30.625	2.44467e-16	6.7577e-15	0	0	7.80887e-16	0
30.875	0	8.76262e-15	0	0	7.96218e-16	0
31.125	0	9.93267e-15	0	0	1.07206e-15	0
31.375	0	6.00331e-15	0	0	6.83315e-16	0
31.625	2.03572e-16	9.5607e-15	0	0	1.24618e-15	0
31.875	2.68785e-16	8.03637e-15	0	0	7.04526e-16	0
32.125	0	6.86701e-15	0	0	8.60443e-16	0
32.375	4.34683e-16	7.41088e-15	0	0	4.37353e-16	0
32.625	0	7.0771e-15	0	0	8.84989e-16	0
32.875	2.03259e-16	7.03858e-15	0	0	1.19993e-15	0
33.125	6.00553e-16	5.78042e-15	0	0	1.36881e-15	0
33.375	0	6.17404e-15	0	0	7.69333e-16	0
33.625	0	6.26589e-15	0	0	4.69237e-16	0
33.875	2.24321e-16	5.09291e-15	0	0	1.59703e-16	0
34.125	0	5.33093e-15	0	0	8.06792e-16	0
34.375	0	5.56711e-15	0	0	4.91301e-16	0
34.625	0	4.32263e-15	0	0	3.31282e-16	0
34.875	0	7.24495e-15	0	0	1.69653e-16	0
35.125	0	3.24774e-15	0	0	3.40934e-16	0
35.375	0	6.1684e-15	0	0	5.21411e-16	0
35.625	0	5.98294e-15	0	0	3.51002e-16	0
35.875	0	3.92057e-15	0	0	7.13849e-16	0
36.125	0	3.61622e-15	0	0	5.42728e-16	0
36.375	0	5.13039e-15	0	2.94836e-16	1.8226e-16	0
36.625	0	3.91025e-15	0	0	3.70605e-16	0
36.875	0	5.09458e-15	0	0	5.65601e-16	0
37.125	0	4.39747e-15	0	0	5.74611e-16	0
37.375	0	2.1306e-15	0	0	5.82457e-16	0
37.625	0	3.33824e-15	0	0	0	0
37.875	0	4.57521e-15	0	0	1.99376e-16	0
38.125	0	4.43661e-15	0	0	8.0695e-16	0
38.375	0	4.48879e-15	0	0	4.06704e-16	0
38.625	0	4.13869e-15	0	0	2.06457e-16	0
38.875	0	2.93291e-15	0	0	0	0
39.125	0	3.81751e-15	0	0	2.11186e-16	0
39.375	0	4.29769e-15	0	0	6.46477e-16	0
39.625	0	3.69908e-15	0	0	2.17833e-16	0
39.875	0	3.74652e-15	0	0	0	0
40.125	0	3.12309e-15	0	0	0	0
40.375	0	4.24119e-15	0	0	8.99993e-16	0
40.625	0	2.75976e-15	0	0	0	0
40.875	0	1.62298e-15	0	0	0	0
41.125	0	1.87717e-15	0	0	0	0
41.375	0	2.37485e-15	0	0	2.37109e-16	0
41.625	0	3.35821e-15	0	0	0	0
41.875	0	2.43685e-15	0	0	0	0
42.125	0	1.23088e-15	0	0	0	0
42.375	0	2.98341e-15	0	0	7.45803e-16	0
42.625	3.20068e-16	1.50802e-15	0	0	5.03472e-16	0
42.875	0	1.52678e-15	0	0	5.10763e-16	0
43.125	0	2.05964e-15	0	0	2.58824e-16	0
43.375	0	2.60462e-15	0	0	2.59932e-16	0
43.625	0	1.58202e-15	0	0	0	0
43.875	0	1.59798e-15	0	0	0	0
44.125	0	2.69788e-15	0	0	0	0
44.375	0	2.453e-15	0	0	0	0
44.625	0	1.655e-15	0	0	0	0
44.875	0	2.23218e-15	0	0	0	0
45.125	0	1.41236e-15	0	0	0	0
45.375	0	1.99783e-15	0	0	2.86654e-16	0
45.625	0	8.62806e-16	0	0	0	0
45.875	0	5.84415e-16	0	0	0	0
46.125	0	3.83749e-15	0	0	2.94712e-16	0
46.375	0	1.19276e-15	0	0	0	0
46.625	0	1.80707e-15	0	0	3.00813e-16	0
46.875	0	3.05092e-16	0	0	0	0
47.125	0	1.22947e-15	0	0	0	0
47.375	0	1.24518e-15	0	0	3.09581e-16	0
47.625	0	6.307e-16	0	0	0	0
47.875	0	1.27107e-15	0	0	0	0
48.125	0	1.28129e-15	0	0	0	0
48.375	0	2.26784e-15	0	0	3.24595e-16	0
48.625	0	9.82958e-16	0	0	0	0
48.875	0	9.95926e-16	0	0	0	0
49.125	0	1.336e-15	0	0	0	0
49.375	0	1.01256e-15	0	0	0	0
49.625	0	6.79582e-16	0	0	3.40834e-16	0
49.875	0	6.91082e-16	0	0	0	0
50.125	0	1.0484e-15	0	0	0	0
50.375	0	0	0	0	0	0
50.625	0	7.09177e-16	0	0	3.53806e-16	0
50.875	0	7.2018e-16	0	0	0	0
51.125	0	7.21865e-16	0	0	0	0
51.375	0	7.31626e-16	0	0	0	0
51.625	0	1.11025e-15	0	0	0	0
51.875	0	2.60678e-15	0	0	0	0
52.125	0	7.53061e-16	0	0	0	0
52.375	0	7.6113e-16	0	0	0	0
52.625	0	3.83509e-16	0	0	0	0
52.875	0	7.76321e-16	0	0	0	0
53.125	0	3.91899e-16	0	0	0	0
53.375	0	7.89136e-16	0	0	0	0
53.625	0	7.97141e-16	0	0	0	0
53.875	0	4.03684e-16	0	0	0	0
54.125	0	0	0	0	0	0
54.375	0	0	0	0	0	0
54.625	0	4.13484e-16	0	0	0	0
54.875	0	8.34329e-16	0	0	0	0
55.125	0	4.2106e-16	0	0	0	0
55.375	0	4.24085e-16	0	0	0	0
55.625	0	4.28157e-16	0	0	0	0
55.875	0	4.34306e-16	0	0	0	0
56.125	0	4.37504e-16	0	0	0	0
56.375	0	4.41546e-16	0	0	0	0
56.625	0	0	0	0	0	0
56.875	0	0	0	0	0	0
57.125	0	4.53341e-16	0	0	0	0
57.375	0	0	0	0	0	0
57.625	0	4.6044e-16	0	0	0	0
57.875	0	0	0	0	0	0
58.125	0	4.69982e-16	0	0	0	0
58.375	0	0	0	0	0	0
58.625	0	0	0	0	0	0
58.875	0	0	0	0	0	0
59.125	0	0	0	0	0	0
59.375	0	0	0	0	0	0
59.625	0	0	0	0	0	0
59.875	0	4.98082e-16	0	0	0	0
60.125	0	5.00748e-16	0	0	0	0
60.375	0	0	0	0	0	0
60.625	0	0	0	0	0	0
60.875	0	0	0	0	0	0
61.125	0	0	0	0	0	0
61.375	0	5.23985e-16	0	0	0	0
61.625	0	0	0	0	0	0
61.875	0	0	0	0	0	0
62.125	0	0	0	0	0	0
62.375	0	5.38955e-16	0	0	0	0
62.625	0	0	0	0	0	0
62.875	0	0	0	0	0	0
63.125	0	0	0	0	0	0
63.375	0	0	0	0	0	0
63.625	0	0	0	0	0	0
63.875	0	0	0	0	0	0
64.125	0	0	0	0	0	0
64.375	0	0	0	0	0	0
64.625	0	0	0	0	0	0
64.875	0	0	0	0	0	0
65.125	0	5.89985e-16	0	0	0	0
65.375	0	0	0	0	0	0
65.625	0	0	0	0	0	0
65.875	0	0	0	0	0	0
66.125	0	0	0	0	0	0
66.375	0	0	0	0	0	0
66.625	0	0	0	0	0	0
66.875	0	0	0	0	0	0
67.125	0	0	0	0	0	0
67.375	0	0	0	0	0	0
67.625	0	0	0	0	0	0
67.875	0	0	0	0	0	0
68.125	0	0	0	0	0	0
68.375	0	0	0	0	0	0
68.625	0	0	0	0	0	0
68.875	0	0	0	0	0	0
69.125	0	0	0	0	0	0
69.375	0	0	0	0	0	0
69.625	0	0	0	0	0	0
69.875	0	0	0	0	0	0
70.125	0	0	0	0	0	0
70.375	0	0	0	0	0	0
70.625	0	0	0	0	0	0
70.875	0	0	0	0	0	0
71.125	0	0	0	0	0	0
71.375	0	0	0	0	0	0
71.625	0	0	0	0	0	0
71.875	0	0	0	0	0	0
72.125	0	0	0	0	0	0
72.375	0	0	0	0	0	0
72.625	0	0	0	0	0	0
72.875	0	0	0	0	0	0
73.125	0	0	0	0	0	0
73.375	0	0	0	0	0	0
73.625	0	0	0	0	0	0
73.875	0	0	0	0	0	0
74.125	0	0	0	0	0	0
74.375	0	0	0	0	0	0
74.625	0	0	0	0	0	0
74.875	0	0	0	0	0	0
75.125	0	0	0	0	0	0
75.375	0	0	0	0	0	0
75.625	0	0	0	0	0	0
75.875	0	0	0	0	0	0
76.125	0	0	0	0	0	0
76.375	0	0	0	0	0	0
76.625	0	0	0	0	0	0
76.875	0	0	0	0	0	0
77.125	0	0	0	0	0	0
77.375	0	0	0	0	0	0
77.625	0	0	0	0	0	0
77.875	0	0	0	0	0	0
78.125	0	0	0	0	0	0
78.375	0	0	0	0	0	0
78.625	0	0	0	0	0	0
78.875	0	0	0	0	0	0
79.125	0	0	0	0	0	0
79.375	0	0	0	0	0	0
79.625	0	0	0	0	0	0
79.875	0	0	0	0	0	0
80.125	0	0	0	0	0	0
80.375	0	0	0	0	0	0
80.625	0	0	0	0	0	0
80.875	0	0	0	0	0	0
81.125	0	0	0	0	0	0
81.375	0	0	0	0	0	0
81.625	0	0	0	0	0	0
81.875	0	0	0	0	0	0
82.125	0	0	0	0	0	0
82.375	0	0	0	0	0	0
82.625	0	0	0	0	0	0
82.875	0	0	0	0	0	0
83.125	0	0	0	0	0	0
83.375	0	0	0	0	0	0
83.625	0	0	0	0	0	0
83.875	0	0	0	0	0	0
84.125	0	0	0	0	0	0
84.375	0	0	0	0	0	0
84.625	0	0	0	0	0	0
84.875	0	0	0	0	0	0
85.125	0	0	0	0	0	0
85.375	0	0	0	0	0	0
85.625	0	0	0	0	0	0
85.875	0	0	0	0	0	0
86.125	0	0	0	0	0	0
86.375	0	0	0	0	0	0
86.625	0	0	0	0	0	0
86.875	0	0	0	0	0	0
87.125	0	0	0	0	0	0
87.375	0	0	0	0	0	0
87.625	0	0	0	0	0	0
87.875	0	0	0	0	0	0
88.125	0	0	0	0	0	0
88.375	0	0	0	0	0	0
88.625	0	0	0	0	0	0
88.875	0	0	0	0	0	0
89.125	0	0	0	0	0	0
89.375	0	0	0	0	0	0
89.625	0	0	0	0	0	0
89.875	0	0	0	0	0	0
90.125	0	0	0	0	0	0
90.375	0	0	0	0	0	0
90.625	0	0	0	0	0	0
90.875	0	0	0	0	0	0
91.125	0	0	0	0	0	0
91.375	0	0	0	0	0	0
91.625	0	0	0	0	0	0
91.875	0	0	0	0	0	0
92.125	0	0	0	0	0	0
92.375	0	0	0	0	0	0
92.625	0	0	0	0	0	0
92.875	0	0	0	0	0	0
93.125	0	0	0	0	0	0
93.375	0	0	0	0	0	0
93.625	0	0	0	0	0	0
93.875	0	0	0	0	0	0
94.125	0	0	0	0	0	0
94.375	0	0	0	0	0	0
94.625	0	0	0	0	0	0
94.875	0	0	0	0	0	0
95.125	0	0	0	0	0	0
95.375	0	0	0	0	0	0
95.625	0	0	0	0	0	0
95.875	0	0	0	0	0	0
96.125	0	0	0	0	0	0
96.375	0	0	0	0	0	0
96.625	0	0	0	0	0	0
96.875	0	0	0	0	0	0
97.125	0	0	0	0	0	0
97.375	0	0	0	0	0	0
97.625	0	0	0	0	0	0
97.875	0	0	0	0	0	0
98.125	0	0	0	0	0	0
98.375	0	0	0	0	0	0
98.625	0	0	0	0	0	0
98.875	0	0	0	0	0	0
99.125	0	0	0	0	0	0
99.375	0	0	0	0	0	0
99.625	0	0	0	0	0	0
99.875	0	0	0	0	0	0
100.125	0	0	0	0	0	0
100.375	0	0	0	0	0	0
100.625	0	0	0	0	0	0
100.875	0	0	0	0	0	0
101.125	0	0	0	0	0	0
101.375	0	0	0	0	0	0
101.625	0	0	0	0	0	0
101.875	0	0	0	0	0	0
102.125	0	0	0	0	0	0
102.375	0	0	0	0	0	0
102.625	0	0	0	0	0	0
102.875	0	0	0	0	0	0
103.125	0	0	0	0	0	0
103.375	0	0	0	0	0	0
103.625	0	0	0	0	0	0
103.875	0	0	0	0	0	0
104.125	0	0	0	0	0	0
104.375	0	0	0	0	0	0
104.625	0	0	0	0	0	0
104.875	0	0	0	0	0	0
105.125	0	0	0	0	0	0
105.375	0	0	0	0	0	0
105.625	0	0	0	0	0	0
105.875	0	0	0	0	0	0
106.125	0	0	0	0	0	0
106.375	0	0	0	0	0	0
106.625	0	0	0	0	0	0
106.875	0	0	0	0	0	0
107.125	0	0	0	0	0	0
107.375	0	0	0	0	0	0
107.625	0	0	0	0	0	0
107.875	0	0	0	0	0	0
108.125	0	0	0	0	0	0
108.375	0	0	0	0	0	0
108.625	0	0	0	0	0	0
108.875	0	0	0	0	0	0
109.125	0	0	0	0	0	0
109.375	0	0	0	0	0	0
109.625	0	0	0	0	0	0
109.875	0	0	0	0	0	0
110.125	0	0	0	0	0	0
110.375	0	0	0	0	0	0
110.625	0	0	0	0	0	0
110.875	0	0	0	0	0	0
111.125	0	0	0	0	0	0
111.375	0	0	0	0	0	0
111.625	0	0	0	0	0	0
111.875	0	0	0	0	0	0
112.125	0	0	0	0	0	0
112.375	0	0	0	0	0	0
112.625	0	0	0	0	0	0
112.875	0	0	0	0	0	0
113.125	0	0	0	0	0	0
113.375	0	0	0	0	0	0
113.625	0	0	0	0	0	0
113.875	0	0	0	0	0	0
114.125	0	0	0	0	0	0
114.375	0	0	0	0	0	0
114.625	0	0	0	0	0	0
114.875	0	0	0	0	0	0
115.125	0	0	0	0	0	0
115.375	0	0	0	0	0	0
115.625	0	0	0	0	0	0
115.875	0	0	0	0	0	0
116.125	0	0	0	0	0	0
116.375	0	0	0	0	0	0
116.625	0	0	0	0	0	0
116.875	0	0	0	0	0	0
117.125	0	0	0	0	0	0
117.375	0	0	0	0	0	0
117.625	0	0	0	0	0	0
117.875	0	0	0	0	0	0
118.125	0	0	0	0	0	0
118.375	0	0	0	0	0	0
118.625	0	0	0	0	0	0
118.875	0	0	0	0	0	0
119.125	0	0	0	0	0	0
119.375	0	0	0	0	0	0
119.625	0	0	0	0	0	0
119.875	0	0	0	0	0	0
120.125	0	0	0	0	0	0
120.375	0	0	0	0	0	0
120.625	0	0	0	0	0	0
120.875	0	0	0	0	0	0
121.125	0	0	0	0	0	0
121.375	0	0	0	0	0	0
121.625	0	0	0	0	0	0
121.875	0	0	0	0	0	0
122.125	0	0	0	0	0	0
122.375	0	0	0	0	0	0
122.625	0	0	0	0	0	0
122.875	0	0	0	0	0	0
123.125	0	0	0	0	0	0
123.375	0	0	0	0	0	0
123.625	0	0	0	0	0	0
123.875	0	0	0	0	0	0
124.125	0	0	0	0	0	0
124.375	0	0	0	0	0	0
124.625	0	0	0	0	0	0
124.875	0	0	0	0	0	0
125.125	0	0	0	0	0	0
