0.125	1.71896e-14	4.9107e-13	0	2.25837e-15	4.03073e-13	0
0.375	8.45554e-14	5.89906e-12	0	5.80249e-15	1.23292e-12	0
0.625	1.58145e-13	1.46383e-11	0	1.14442e-14	1.52611e-12	0
0.875	2.09593e-13	2.30218e-11	0	1.64342e-14	1.639e-12	0
1.125	2.36984e-13	3.19588e-11	0	1.54833e-14	1.72551e-12	0
1.375	2.57433e-13	3.81787e-11	0	1.41616e-14	1.66995e-12	0
1.625	2.46175e-13	4.04792e-11	0	9.36669e-15	1.67294e-12	0
1.875	2.72542e-13	4.27983e-11	0	7.39302e-15	1.6556e-12	0
2.125	2.14909e-13	4.42314e-11	0	1.21399e-14	1.64334e-12	0
2.375	2.69121e-13	4.59084e-11	0	1.34877e-14	1.58089e-12	0
2.625	2.08837e-13	5.06893e-11	0	1.29396e-14	1.52842e-12	0
2.875	1.944e-13	5.20789e-11	0	8.81866e-15	1.44268e-12	0
3.125	1.8453e-13	5.01767e-11	0	2.16465e-14	1.30238e-12	0
3.375	1.80141e-13	4.54517e-11	0	1.41981e-14	1.23898e-12	0
3.625	1.61526e-13	4.02095e-11	0	8.36172e-15	1.16133e-12	0
3.875	1.61906e-13	3.60318e-11	0	2.9656e-15	1.26522e-12	0
4.125	1.53463e-13	3.1698e-11	0	5.92537e-15	1.16252e-12	0
4.375	1.539e-13	2.62034e-11	0	1.97064e-14	1.19484e-12	0
4.625	1.26063e-13	2.12909e-11	0	7.18531e-15	1.26505e-12	0
4.875	1.25661e-13	1.574e-11	0	6.88406e-15	1.20834e-12	0
5.125	8.2972e-14	1.14199e-11	0	5.13079e-15	1.41251e-12	0
5.375	7.63254e-14	8.42587e-12	0	5.18696e-15	1.31329e-12	0
5.625	9.60621e-14	6.17507e-12	0	4.71132e-15	1.19186e-12	0
5.875	8.19234e-14	4.16364e-12	0	3.94972e-15	1.28536e-12	0
6.125	7.47499e-14	3.02255e-12	0	1.01388e-14	1.06675e-12	0
6.375	5.75025e-14	2.42158e-12	0	4.17514e-15	9.39688e-13	0
6.625	6.72008e-14	1.89881e-12	0	1.45398e-14	9.18579e-13	0
6.875	4.61169e-14	1.78338e-12	0	1.257e-14	8.51958e-13	0
7.125	3.67543e-14	1.484e-12	0	9.1638e-15	8.5653e-13	0
7.375	5.94518e-14	1.42703e-12	0	4.30117e-15	8.55621e-13	0
7.625	8.26628e-14	1.56984e-12	0	8.41419e-15	6.97972e-13	0
7.875	4.23001e-14	1.39733e-12	0	1.06554e-15	6.65452e-13	0
8.125	4.98048e-14	1.29289e-12	0	4.49683e-15	6.60702e-13	0
8.375	4.52281e-14	1.20993e-12	0	3.99889e-15	7.17497e-13	0
8.625	5.03294e-14	1.31408e-12	0	9.02189e-16	4.87524e-13	0
8.875	3.75045e-14	1.37211e-12	0	1.83571e-15	5.47237e-13	0
9.125	2.94238e-14	9.36028e-13	0	1.86022e-15	4.92583e-13	0
9.375	2.67902e-14	1.16982e-12	0	3.50061e-15	4.81073e-13	0
9.625	2.61229e-14	9.16559e-13	0	4.49083e-15	5.77097e-13	0
9.875	2.51926e-14	1.05068e-12	0	1.29815e-15	4.26583e-13	0
10.125	2.9798e-14	1.00304e-12	0	3.52883e-15	3.65549e-13	0
10.375	2.43822e-14	9.26416e-13	0	3.07891e-15	3.76419e-13	0
10.625	3.53461e-14	7.60041e-13	0	3.16729e-15	4.6776e-13	0
10.875	1.89526e-14	9.83861e-13	0	2.87752e-15	2.83012e-13	0
11.125	1.83912e-14	8.05643e-13	0	4.44261e-15	3.4562e-13	0
11.375	1.92111e-14	8.51076e-13	0	1.30515e-15	3.80684e-13	0
11.625	1.97971e-14	7.699e-13	0	3.00409e-15	3.16519e-13	0
11.875	1.13303e-14	5.84116e-13	0	2.69292e-15	1.62448e-13	0
12.125	1.19931e-14	7.15146e-13	0	1.251e-15	2.68693e-13	0
12.375	1.22281e-14	6.04234e-13	0	2.87903e-15	2.65139e-13	0
12.625	1.72292e-14	6.97814e-13	0	3.14861e-15	1.90011e-13	0
12.875	1.63036e-14	7.21403e-13	0	6.37045e-16	2.47283e-13	0
13.125	1.39695e-14	6.73564e-13	0	4.7059e-16	2.42743e-13	0
13.375	1.01962e-14	5.70116e-13	0	9.33781e-16	1.36217e-13	0
13.625	1.31605e-14	4.66564e-13	0	1.55838e-15	1.33765e-13	0
13.875	1.27735e-14	5.06413e-13	0	5.38648e-16	1.91951e-13	0
14.125	1.04974e-14	3.83489e-13	0	6.83733e-16	1.54458e-13	0
14.375	4.87593e-15	5.6832e-13	0	0	1.87745e-13	0
14.625	3.66625e-15	5.18497e-13	0	3.30165e-15	1.49783e-13	0
14.875	8.99976e-15	4.4941e-13	0	2.51907e-15	4.55262e-14	0
15.125	6.03634e-15	4.14579e-13	0	1.32542e-15	1.4766e-13	0
15.375	6.92402e-15	3.43241e-13	0	2.15559e-14	1.54948e-13	0
15.625	2.54377e-15	4.81517e-13	0	3.61618e-15	5.51053e-14	0
15.875	6.43267e-15	2.9593e-13	0	8.58743e-16	1.18628e-13	0
16.125	6.94767e-15	3.44102e-13	0	7.58611e-16	2.99786e-14	0
16.375	6.97217e-15	2.28023e-13	0	1.98558e-15	1.34717e-13	0
16.625	6.85344e-15	3.21542e-13	0	4.51021e-15	7.73943e-14	0
16.875	7.2413e-15	4.30734e-13	0	0	1.8731e-14	0
17.125	1.37655e-15	4.53374e-13	0	6.76109e-16	7.77458e-14	0
17.375	4.52966e-15	3.33678e-13	0	2.21777e-15	8.12965e-14	0
17.625	8.34648e-15	2.51085e-13	0	0	5.48675e-14	0
17.875	1.41309e-14	3.80578e-13	0	0	5.93872e-14	0
18.125	6.19357e-15	1.94981e-13	0	0	8.63067e-14	0
18.375	3.56505e-15	4.30944e-13	0	0	1.18363e-13	0
18.625	3.98062e-15	2.86498e-13	0	0	2.20311e-14	0
18.875	9.46532e-15	1.77643e-13	0	8.65572e-16	5.22206e-14	0
19.125	7.82433e-15	2.41839e-13	0	0	8.95755e-14	0
19.375	9.87121e-15	2.62565e-13	0	1.34243e-15	1.26013e-13	0
19.625	2.61733e-15	2.15999e-13	0	0	6.58183e-14	0
19.875	2.78206e-15	2.3799e-13	0	0	1.81326e-14	0
20.125	9.21419e-15	1.93175e-13	0	1.49486e-15	9.18661e-14	0
20.375	2.17719e-15	1.40318e-13	0	1.2888e-15	2.04173e-14	0
20.625	9.66797e-16	1.69425e-13	0	0	2.0937e-14	0
20.875	5.81254e-15	3.32314e-13	0	0	1.47916e-13	0
21.125	6.55786e-15	1.68629e-13	0	0	5.97432e-14	0
21.375	1.02129e-14	1.55809e-13	0	1.99422e-15	1.63396e-14	0
21.625	5.37307e-15	1.015e-13	0	0	2.45632e-14	0
21.875	6.27122e-15	1.38303e-13	0	0	1.34959e-14	0
22.125	8.9749e-15	1.11382e-13	0	0	2.30414e-14	0
22.375	5.66172e-15	2.99636e-13	0	0	1.5264e-14	0
22.625	1.44743e-15	1.65043e-13	0	0	1.55998e-14	0
22.875	2.31888e-15	8.75807e-14	0	0	1.32474e-14	0
23.125	5.38269e-15	1.75873e-13	0	0	1.30752e-14	0
23.375	4.27824e-15	9.79156e-14	0	0	1.53479e-14	0
23.625	1.22276e-15	1.83476e-13	0	0	1.59477e-14	0
23.875	2.34006e-15	1.26282e-13	0	3.43647e-15	1.39054e-14	0
24.125	0	1.42335e-13	0	0	7.09897e-14	0
24.375	0	1.44746e-13	0	0	2.05638e-14	0
24.625	0	1.26829e-13	0	0	6.91291e-14	0
24.875	5.04326e-15	1.4312e-13	0	0	1.28621e-13	0
25.125	9.06639e-15	7.76644e-14	0	0	7.18232e-14	0
25.375	0	1.50121e-13	0	0	6.1543e-15	0
25.625	4.76066e-15	8.30312e-14	0	0	1.33435e-14	0
25.875	4.81443e-15	1.34945e-13	0	0	8.14228e-14	0
26.125	0	7.7785e-14	0	0	1.36865e-14	0
26.375	1.63322e-15	2.12085e-13	0	0	7.46146e-15	0
26.625	1.71378e-15	7.84887e-14	0	0	1.29766e-14	0
26.875	0	1.45378e-13	0	0	7.74605e-14	0
27.125	0	8.02225e-14	0	0	1.11613e-14	0
27.375	2.15579e-15	1.31458e-13	0	0	1.81772e-14	0
27.625	1.81827e-15	1.26198e-13	0	0	1.27868e-14	0
27.875	3.76571e-15	7.04643e-14	0	1.9429e-15	1.29299e-14	0
28.125	0	7.53701e-14	0	0	9.55264e-15	0
28.375	2.23157e-15	6.9251e-14	0	0	1.50652e-14	0
28.625	1.78265e-15	4.32337e-14	0	0	9.47594e-14	0
28.875	5.63749e-15	7.17437e-14	0	0	8.89963e-14	0
29.125	0	5.63686e-14	0	0	1.28028e-14	0
29.375	0	5.47184e-14	0	0	9.11485e-15	0
29.625	2.09892e-15	5.83501e-14	0	0	9.29235e-15	0
29.875	3.23183e-15	7.13784e-14	0	0	1.34728e-14	0
30.125	0	1.3001e-13	0	0	1.095e-14	0
30.375	0	6.27026e-14	0	0	5.53153e-15	0
30.625	1.9371e-15	5.79782e-14	0	0	1.27438e-14	0
30.875	2.45822e-15	5.18155e-14	0	0	7.17292e-15	0
31.125	0	5.99425e-14	0	0	1.16767e-14	0
31.375	4.1056e-15	6.08969e-14	0	0	1.33597e-14	0
31.625	0	5.27864e-14	0	0	7.52911e-15	0
31.875	0	4.13892e-14	0	0	6.13143e-15	0
32.125	0	5.34111e-14	0	0	9.34917e-15	0
32.375	2.61704e-15	4.42533e-14	0	0	6.32653e-15	0
32.625	2.1181e-15	4.90166e-14	0	0	4.82612e-15	0
32.875	2.27705e-15	4.40738e-14	0	0	9.81663e-15	0
33.125	0	3.48011e-14	0	0	4.97237e-15	0
33.375	0	2.3481e-14	0	0	1.67883e-15	0
33.625	0	3.23617e-14	0	0	8.53386e-15	0
33.875	0	4.15598e-14	0	0	1.74419e-15	0
34.125	0	3.8653e-14	0	0	5.25789e-15	0
34.375	0	3.92486e-14	0	0	3.5586e-15	0
34.625	0	5.96206e-14	0	0	5.41918e-15	0
34.875	0	2.20054e-14	0	0	5.49157e-15	0
35.125	0	4.09736e-14	0	0	1.30478e-14	0
35.375	2.33865e-15	3.77094e-14	0	0	7.54735e-15	0
35.625	0	5.17243e-14	0	0	7.66898e-15	0
35.875	0	3.50292e-14	0	0	3.87575e-15	0
36.125	2.92232e-15	3.54404e-14	0	0	0	0
36.375	0	4.19672e-14	0	0	5.97969e-15	0
36.625	0	4.25162e-14	0	0	2.01539e-15	0
36.875	0	4.51506e-14	0	0	4.08986e-15	0
37.125	0	2.91185e-14	0	0	4.16819e-15	0
37.375	0	3.58102e-14	0	0	6.33257e-15	0
37.625	0	3.63595e-14	0	0	8.51837e-15	0
37.875	0	2.38146e-14	0	0	2.16222e-15	0
38.125	0	3.95145e-14	0	0	8.7719e-15	0
38.375	0	2.4443e-14	0	0	6.6404e-15	0
38.625	3.7326e-15	2.7047e-14	0	0	4.52188e-15	0
38.875	0	3.72611e-14	0	0	4.5615e-15	0
39.125	0	4.62384e-14	0	0	1.15542e-14	0
39.375	0	2.34125e-14	0	0	1.40435e-14	0
39.625	0	2.60562e-14	0	0	1.1848e-14	0
39.875	0	2.64283e-14	0	0	4.79652e-15	0
40.125	0	2.1858e-14	0	0	7.30804e-15	0
40.375	0	2.70634e-14	0	0	4.89628e-15	0
40.625	0	3.74628e-14	0	0	7.46786e-15	0
40.875	0	2.77579e-14	0	0	2.53104e-15	0
41.125	0	1.27573e-14	0	0	0	0
41.375	0	2.32205e-14	0	0	5.18299e-15	0
41.625	3.18611e-15	7.82128e-15	0	0	2.6203e-15	0
41.875	0	1.59225e-14	0	0	2.63476e-15	0
42.125	0	2.67706e-14	0	0	5.35034e-15	0
42.375	0	2.43779e-14	0	0	2.70664e-15	0
42.625	0	1.64744e-14	0	0	8.23133e-15	0
42.875	0	1.66696e-14	0	0	0	0
43.125	0	1.96062e-14	0	0	5.63742e-15	0
43.375	0	1.98819e-14	0	0	2.84344e-15	0
43.625	0	1.14904e-14	0	0	0	0
43.875	0	2.03252e-14	0	0	0	0
44.125	0	1.46618e-14	0	0	2.92435e-15	0
44.375	0	1.78287e-14	0	0	2.97081e-15	0
44.625	0	6.01757e-15	0	0	0	0
44.875	0	1.52181e-14	0	0	0	0
45.125	0	1.84304e-14	0	0	3.06438e-15	0
45.375	0	6.20231e-15	0	0	0	0
45.625	0	2.51484e-14	0	0	3.1483e-15	0
45.875	0	1.90524e-14	0	0	3.19215e-15	0
46.125	0	6.41165e-15	0	0	0	0
46.375	0	1.95166e-14	0	0	0	0
46.625	0	1.31322e-14	0	0	0	0
46.875	0	6.61362e-15	0	0	0	0
47.125	5.20504e-15	2.35027e-14	0	0	0	0
47.375	0	1.69675e-14	0	0	0	0
47.625	0	1.37007e-14	0	0	0	0
47.875	0	2.07444e-14	0	0	3.47128e-15	0
48.125	0	2.44565e-14	0	0	0	0
48.375	0	3.52664e-15	0	0	0	0
48.625	0	1.43018e-14	0	0	0	0
48.875	0	1.80378e-14	0	0	0	0
49.125	0	1.45503e-14	0	0	3.62489e-15	0
49.375	0	7.35181e-15	0	0	0	0
49.625	0	1.11517e-14	0	0	0	0
49.875	0	1.50163e-14	0	0	0	0
50.125	0	1.89513e-14	0	0	3.78451e-15	0
50.375	0	7.63783e-15	0	0	0	0
50.625	0	1.93783e-14	0	0	0	0
50.875	0	3.9171e-15	0	0	3.91086e-15	0
51.125	0	3.96226e-15	0	0	0	0
51.375	0	1.19437e-14	0	0	0	0
51.625	0	2.01225e-14	0	0	4.008e-15	0
51.875	5.36775e-15	2.03437e-14	0	0	0	0
52.125	0	2.04819e-14	0	0	0	0
52.375	0	2.07218e-14	0	0	4.12468e-15	0
52.625	0	1.25429e-14	0	0	0	0
52.875	0	0	0	0	0	0
53.125	0	8.49132e-15	0	0	0	0
53.375	0	2.1476e-14	0	0	0	0
53.625	0	8.67903e-15	0	0	0	0
53.875	0	1.31553e-14	0	0	0	0
54.125	0	8.85171e-15	0	0	0	0
54.375	0	8.92374e-15	0	0	0	0
54.625	0	8.98623e-15	0	0	0	0
54.875	0	9.08621e-15	0	0	0	0
55.125	0	9.17172e-15	0	0	0	0
55.375	0	9.28878e-15	0	0	0	0
55.625	0	0	0	0	0	0
55.875	0	1.4136e-14	0	0	0	0
56.125	0	9.50088e-15	0	0	0	0
56.375	0	0	0	0	4.80977e-15	0
56.625	0	9.65953e-15	0	0	0	0
56.875	0	9.79323e-15	0	0	4.90123e-15	0
57.125	0	0	0	0	0	0
57.375	0	9.92873e-15	0	0	0	0
57.625	0	0	0	0	0	0
57.875	0	0	0	0	0	0
58.125	0	1.52644e-14	0	0	0	0
58.375	0	0	0	0	0	0
58.625	0	0	0	0	0	0
58.875	0	5.22039e-15	0	0	0	0
59.125	0	2.11528e-14	0	0	0	0
59.375	0	1.59856e-14	0	0	0	0
59.625	0	5.34562e-15	0	0	0	0
59.875	0	5.39518e-15	0	0	0	0
60.125	0	0	0	0	0	0
60.375	0	0	0	0	0	0
60.625	0	5.5705e-15	0	0	0	0
60.875	0	1.119e-14	0	0	0	0
61.125	0	5.62248e-15	0	0	0	0
61.375	0	0	0	0	0	0
61.625	0	5.72566e-15	0	0	0	0
61.875	0	5.76145e-15	0	0	0	0
62.125	0	0	0	0	0	0
62.375	0	0	0	0	0	0
62.625	0	5.90856e-15	0	0	0	0
62.875	0	1.1934e-14	0	0	0	0
63.125	0	0	0	0	0	0
63.375	0	6.05708e-15	0	0	0	0
63.625	0	6.11745e-15	0	0	0	0
63.875	0	0	0	0	0	0
64.125	0	6.20903e-15	0	0	0	0
64.375	0	0	0	0	0	0
64.625	0	0	0	0	0	0
64.875	0	1.26637e-14	0	0	0	0
65.125	0	0	0	0	0	0
65.375	0	1.28854e-14	0	0	0	0
65.625	0	0	0	0	0	0
65.875	0	0	0	0	0	0
66.125	0	0	0	0	0	0
66.375	0	2.66143e-14	0	0	0	0
66.625	0	6.68813e-15	0	0	0	0
66.875	0	1.34969e-14	0	0	0	0
67.125	0	0	0	0	0	0
67.375	0	0	0	0	0	0
67.625	0	1.38142e-14	0	0	0	0
67.875	0	0	0	0	0	0
68.125	0	0	0	0	0	0
68.375	0	0	0	0	0	0
68.625	0	0	0	0	0	0
68.875	0	7.17744e-15	0	0	0	0
69.125	0	0	0	0	0	0
69.375	0	0	0	0	0	0
69.625	0	0	0	0	0	0
69.875	0	0	0	0	0	0
70.125	0	0	0	0	0	0
70.375	0	0	0	0	0	0
70.625	0	7.53263e-15	0	0	0	0
70.875	0	0	0	0	0	0
71.125	0	7.61392e-15	0	0	0	0
71.375	0	0	0	0	0	0
71.625	0	0	0	0	0	0
71.875	0	0	0	0	0	0
72.125	0	7.86229e-15	0	0	0	0
72.375	0	0	0	0	0	0
72.625	0	0	0	0	0	0
72.875	0	8.03893e-15	0	0	0	0
73.125	0	0	0	0	0	0
73.375	0	0	0	0	0	0
73.625	0	8.20225e-15	0	0	0	0
73.875	0	0	0	0	0	0
74.125	0	8.30015e-15	0	0	0	0
74.375	0	0	0	0	0	0
74.625	0	0	0	0	0	0
74.875	0	0	0	0	0	0
75.125	0	0	0	0	0	0
75.375	0	0	0	0	0	0
75.625	0	8.63165e-15	0	0	0	0
75.875	0	0	0	0	0	0
76.125	0	0	0	0	0	0
76.375	0	8.80101e-15	0	0	0	0
76.625	0	8.87417e-15	0	0	0	0
76.875	0	0	0	0	0	0
77.125	0	0	0	0	0	0
77.375	0	0	0	0	0	0
77.625	0	0	0	0	0	0
77.875	0	0	0	0	0	0
78.125	0	0	0	0	0	0
78.375	0	0	0	0	0	0
78.625	0	9.34252e-15	0	0	0	0
78.875	0	0	0	0	0	0
79.125	0	0	0	0	0	0
79.375	0	0	0	0	0	0
79.625	0	0	0	0	0	0
79.875	0	0	0	0	0	0
80.125	0	0	0	0	0	0
80.375	0	0	0	0	0	0
80.625	0	0	0	0	0	0
80.875	0	0	0	0	0	0
81.125	0	0	0	0	0	0
81.375	0	0	0	0	0	0
81.625	0	0	0	0	0	0
81.875	0	0	0	0	0	0
82.125	0	0	0	0	0	0
82.375	0	0	0	0	0	0
82.625	0	0	0	0	0	0
82.875	0	0	0	0	0	0
83.125	0	0	0	0	0	0
83.375	0	0	0	0	0	0
83.625	0	0	0	0	0	0
83.875	0	0	0	0	0	0
84.125	0	0	0	0	0	0
84.375	0	0	0	0	0	0
84.625	0	0	0	0	0	0
84.875	0	0	0	0	0	0
85.125	0	0	0	0	0	0
85.375	0	0	0	0	0	0
85.625	0	0	0	0	0	0
85.875	0	0	0	0	0	0
86.125	0	0	0	0	0	0
86.375	0	0	0	0	0	0
86.625	0	0	0	0	0	0
86.875	0	0	0	0	0	0
87.125	0	0	0	0	0	0
87.375	0	0	0	0	0	0
87.625	0	0	0	0	0	0
87.875	0	0	0	0	0	0
88.125	0	0	0	0	0	0
88.375	0	0	0	0	0	0
88.625	0	0	0	0	0	0
88.875	0	0	0	0	0	0
89.125	0	0	0	0	0	0
89.375	0	0	0	0	0	0
89.625	0	0	0	0	0	0
89.875	0	0	0	0	0	0
90.125	0	0	0	0	0	0
90.375	0	0	0	0	0	0
90.625	0	0	0	0	0	0
90.875	0	0	0	0	0	0
91.125	0	0	0	0	0	0
91.375	0	0	0	0	0	0
91.625	0	0	0	0	0	0
91.875	0	0	0	0	0	0
92.125	0	0	0	0	0	0
92.375	0	0	0	0	0	0
92.625	0	0	0	0	0	0
92.875	0	0	0	0	0	0
93.125	0	0	0	0	0	0
93.375	0	0	0	0	0	0
93.625	0	0	0	0	0	0
93.875	0	0	0	0	0	0
94.125	0	0	0	0	0	0
94.375	0	0	0	0	0	0
94.625	0	0	0	0	0	0
94.875	0	0	0	0	0	0
95.125	0	0	0	0	0	0
95.375	0	0	0	0	0	0
95.625	0	0	0	0	0	0
95.875	0	0	0	0	0	0
96.125	0	0	0	0	0	0
96.375	0	0	0	0	0	0
96.625	0	1.41065e-14	0	0	0	0
96.875	0	0	0	0	0	0
97.125	0	0	0	0	0	0
97.375	0	0	0	0	0	0
97.625	0	0	0	0	0	0
97.875	0	0	0	0	0	0
98.125	0	0	0	0	0	0
98.375	0	0	0	0	0	0
98.625	0	0	0	0	0	0
98.875	0	0	0	0	0	0
99.125	0	0	0	0	0	0
99.375	0	0	0	0	0	0
99.625	0	0	0	0	0	0
99.875	0	0	0	0	0	0
100.125	0	0	0	0	0	0
100.375	0	0	0	0	0	0
100.625	0	0	0	0	0	0
100.875	0	0	0	0	0	0
101.125	0	0	0	0	0	0
101.375	0	0	0	0	0	0
101.625	0	0	0	0	0	0
101.875	0	0	0	0	0	0
102.125	0	0	0	0	0	0
102.375	0	0	0	0	0	0
102.625	0	0	0	0	0	0
102.875	0	0	0	0	0	0
103.125	0	0	0	0	0	0
103.375	0	0	0	0	0	0
103.625	0	0	0	0	0	0
103.875	0	0	0	0	0	0
104.125	0	0	0	0	0	0
104.375	0	0	0	0	0	0
104.625	0	0	0	0	0	0
104.875	0	0	0	0	0	0
105.125	0	0	0	0	0	0
105.375	0	0	0	0	0	0
105.625	0	0	0	0	0	0
105.875	0	0	0	0	0	0
106.125	0	0	0	0	0	0
106.375	0	0	0	0	0	0
106.625	0	0	0	0	0	0
106.875	0	0	0	0	0	0
107.125	0	0	0	0	0	0
107.375	0	0	0	0	0	0
107.625	0	0	0	0	0	0
107.875	0	0	0	0	0	0
108.125	0	0	0	0	0	0
108.375	0	0	0	0	0	0
108.625	0	0	0	0	0	0
108.875	0	0	0	0	0	0
109.125	0	0	0	0	0	0
109.375	0	0	0	0	0	0
109.625	0	0	0	0	0	0
109.875	0	0	0	0	0	0
110.125	0	0	0	0	0	0
110.375	0	0	0	0	0	0
110.625	0	0	0	0	0	0
110.875	0	0	0	0	0	0
111.125	0	0	0	0	0	0
111.375	0	0	0	0	0	0
111.625	0	0	0	0	0	0
111.875	0	0	0	0	0	0
112.125	0	0	0	0	0	0
112.375	0	0	0	0	0	0
112.625	0	0	0	0	0	0
112.875	0	0	0	0	0	0
113.125	0	0	0	0	0	0
113.375	0	0	0	0	0	0
113.625	0	0	0	0	0	0
113.875	0	0	0	0	0	0
114.125	0	0	0	0	0	0
114.375	0	0	0	0	0	0
114.625	0	0	0	0	0	0
114.875	0	0	0	0	0	0
115.125	0	0	0	0	0	0
115.375	0	0	0	0	0	0
115.625	0	0	0	0	0	0
115.875	0	0	0	0	0	0
116.125	0	0	0	0	0	0
116.375	0	0	0	0	0	0
116.625	0	0	0	0	0	0
116.875	0	0	0	0	0	0
117.125	0	0	0	0	0	0
117.375	0	0	0	0	0	0
117.625	0	0	0	0	0	0
117.875	0	0	0	0	0	0
118.125	0	0	0	0	0	0
118.375	0	0	0	0	0	0
118.625	0	0	0	0	0	0
118.875	0	0	0	0	0	0
119.125	0	0	0	0	0	0
119.375	0	0	0	0	0	0
119.625	0	0	0	0	0	0
119.875	0	0	0	0	0	0
120.125	0	0	0	0	0	0
120.375	0	0	0	0	0	0
120.625	0	0	0	0	0	0
120.875	0	0	0	0	0	0
121.125	0	0	0	0	0	0
121.375	0	0	0	0	0	0
121.625	0	0	0	0	0	0
121.875	0	0	0	0	0	0
122.125	0	0	0	0	0	0
122.375	0	0	0	0	0	0
122.625	0	0	0	0	0	0
122.875	0	0	0	0	0	0
123.125	0	0	0	0	0	0
123.375	0	0	0	0	0	0
123.625	0	0	0	0	0	0
123.875	0	0	0	0	0	0
124.125	0	0	0	0	0	0
124.375	0	0	0	0	0	0
124.625	0	0	0	0	0	0
124.875	0	0	0	0	0	0
125.125	0	0	0	0	0	0
