0.125	1.52808e-15	2.75726e-13	0	1.52229e-14	3.37096e-13	0
0.375	6.36255e-15	7.50178e-13	0	7.74023e-14	5.09139e-12	0
0.625	9.54815e-15	8.90434e-13	0	1.6197e-13	1.54055e-11	0
0.875	1.04724e-14	9.56858e-13	0	2.09847e-13	2.42062e-11	0
1.125	9.25493e-15	9.54671e-13	0	2.05319e-13	2.62903e-11	0
1.375	9.68565e-15	9.25861e-13	0	2.04333e-13	2.7076e-11	0
1.625	7.44241e-15	8.73615e-13	0	1.80526e-13	2.78346e-11	0
1.875	7.24061e-15	8.36759e-13	0	1.68762e-13	2.93487e-11	0
2.125	6.29843e-15	8.05697e-13	0	1.41287e-13	3.08811e-11	0
2.375	7.65335e-15	7.53393e-13	0	1.26305e-13	3.02782e-11	0
2.625	6.59732e-15	7.26864e-13	0	1.08833e-13	2.73608e-11	0
2.875	6.26165e-15	6.55424e-13	0	1.05379e-13	2.43855e-11	0
3.125	5.7518e-15	6.30437e-13	0	8.56121e-14	2.1403e-11	0
3.375	5.39351e-15	5.46645e-13	0	8.98947e-14	1.72289e-11	0
3.625	5.29266e-15	5.05254e-13	0	7.33752e-14	1.20731e-11	0
3.875	5.06392e-15	4.71374e-13	0	6.98677e-14	7.60015e-12	0
4.125	4.00708e-15	4.57702e-13	0	6.0366e-14	4.67726e-12	0
4.375	5.34547e-15	4.52539e-13	0	4.35583e-14	2.86529e-12	0
4.625	3.8991e-15	4.65574e-13	0	4.86896e-14	1.72887e-12	0
4.875	4.79638e-15	4.88995e-13	0	3.61548e-14	1.17454e-12	0
5.125	3.91756e-15	4.86927e-13	0	3.36691e-14	8.82963e-13	0
5.375	4.45856e-15	4.69207e-13	0	2.65866e-14	6.82689e-13	0
5.625	5.24481e-15	4.17896e-13	0	2.49441e-14	5.43394e-13	0
5.875	4.52018e-15	3.81261e-13	0	1.648e-14	4.28331e-13	0
6.125	3.4852e-15	3.49351e-13	0	1.93378e-14	3.94358e-13	0
6.375	3.0885e-15	3.35629e-13	0	1.59933e-14	3.5207e-13	0
6.625	3.70397e-15	3.01092e-13	0	1.47148e-14	3.0363e-13	0
6.875	2.83046e-15	2.7906e-13	0	1.12402e-14	3.05044e-13	0
7.125	3.82948e-15	2.7348e-13	0	9.45827e-15	2.86039e-13	0
7.375	4.18647e-15	2.31646e-13	0	1.05542e-14	2.52566e-13	0
7.625	2.66343e-15	2.15845e-13	0	8.06999e-15	2.59132e-13	0
7.875	2.36785e-15	2.4138e-13	0	8.98228e-15	2.3921e-13	0
8.125	3.0387e-15	1.94427e-13	0	6.2355e-15	2.4293e-13	0
8.375	2.24414e-15	1.77625e-13	0	5.818e-15	2.22e-13	0
8.625	1.92624e-15	1.80994e-13	0	6.02811e-15	2.26244e-13	0
8.875	3.47062e-15	1.67677e-13	0	4.85434e-15	2.29572e-13	0
9.125	1.92695e-15	1.46927e-13	0	4.30192e-15	1.91658e-13	0
9.375	3.20176e-15	1.48177e-13	0	3.37683e-15	1.90339e-13	0
9.625	1.95531e-15	1.22656e-13	0	3.27492e-15	1.84235e-13	0
9.875	1.6583e-15	1.12986e-13	0	3.89024e-15	1.49771e-13	0
10.125	1.69903e-15	1.31821e-13	0	2.65249e-15	1.57308e-13	0
10.375	1.89747e-15	9.97944e-14	0	3.23821e-15	1.44895e-13	0
10.625	2.49497e-15	1.00646e-13	0	4.24925e-15	1.3369e-13	0
10.875	1.59324e-15	1.21042e-13	0	2.29507e-15	1.36785e-13	0
11.125	2.10561e-15	9.65857e-14	0	1.54633e-15	1.35592e-13	0
11.375	1.65871e-15	9.48658e-14	0	1.38193e-15	1.17265e-13	0
11.625	1.30017e-15	8.69997e-14	0	2.56141e-15	1.14514e-13	0
11.875	1.63324e-15	7.2766e-14	0	1.80932e-15	1.11166e-13	0
12.125	1.50098e-15	8.06187e-14	0	1.49379e-15	9.45177e-14	0
12.375	1.54206e-15	7.35343e-14	0	9.14631e-16	9.59266e-14	0
12.625	1.46137e-15	5.39001e-14	0	9.49699e-16	7.80479e-14	0
12.875	1.61544e-15	6.17938e-14	0	1.17346e-15	8.50971e-14	0
13.125	9.85824e-16	6.48865e-14	0	9.48207e-16	8.0773e-14	0
13.375	9.06483e-16	6.24733e-14	0	6.06948e-16	6.08992e-14	0
13.625	1.39484e-15	6.41858e-14	0	8.31282e-16	7.46274e-14	0
13.875	7.46066e-16	5.47571e-14	0	6.79236e-16	6.10897e-14	0
14.125	7.21854e-16	3.57615e-14	0	4.52054e-16	5.69826e-14	0
14.375	4.06384e-16	3.83059e-14	0	8.57589e-16	4.92639e-14	0
14.625	7.64639e-16	4.16471e-14	0	4.85779e-16	4.40051e-14	0
14.875	1.42587e-15	3.15123e-14	0	4.49486e-16	5.12172e-14	0
15.125	6.19012e-16	3.98791e-14	0	3.28047e-16	4.7242e-14	0
15.375	1.58403e-15	6.20247e-14	0	6.21286e-16	3.09194e-14	0
15.625	7.973e-16	3.2865e-14	0	6.66503e-16	3.24033e-14	0
15.875	1.03476e-15	3.81418e-14	0	3.69925e-16	3.37767e-14	0
16.125	1.01665e-15	3.42832e-14	0	3.55365e-16	2.81824e-14	0
16.375	1.30091e-15	4.62681e-14	0	4.32271e-16	2.51304e-14	0
16.625	8.52747e-16	3.68584e-14	0	3.06688e-16	2.76899e-14	0
16.875	3.85763e-16	3.40624e-14	0	8.12735e-16	2.50082e-14	0
17.125	1.0824e-15	2.37576e-14	0	6.57516e-16	2.54865e-14	0
17.375	9.08189e-16	4.45926e-14	0	4.74437e-16	2.66612e-14	0
17.625	9.61313e-16	2.41897e-14	0	0	2.10356e-14	0
17.875	6.47399e-16	3.77946e-14	0	1.33992e-16	2.14915e-14	0
18.125	8.64516e-16	3.07429e-14	0	1.36212e-16	1.56658e-14	0
18.375	7.97342e-16	3.33763e-14	0	8.09965e-17	1.38001e-14	0
18.625	8.68631e-16	2.64433e-14	0	1.54648e-16	1.82223e-14	0
18.875	1.21829e-15	2.80907e-14	0	1.72642e-16	1.00568e-14	0
19.125	2.16208e-16	3.55269e-14	0	8.22879e-17	1.3206e-14	0
19.375	3.49653e-16	2.71917e-14	0	2.66094e-16	1.3817e-14	0
19.625	4.1055e-16	2.50726e-14	0	7.63859e-17	1.5518e-14	0
19.875	5.9592e-16	3.00747e-14	0	9.87951e-17	1.43449e-14	0
20.125	1.08517e-15	2.41139e-14	0	0	2.23924e-14	0
20.375	3.70649e-16	1.46343e-14	0	8.31712e-17	1.26798e-14	0
20.625	2.55646e-16	2.8948e-14	0	3.42517e-16	1.07503e-14	0
20.875	1.16469e-15	2.08452e-14	0	8.41956e-17	8.27676e-15	0
21.125	6.30152e-16	2.05414e-14	0	9.89256e-17	1.09747e-14	0
21.375	2.99964e-16	1.40524e-14	0	1.79821e-16	1.17496e-14	0
21.625	6.00815e-16	1.50711e-14	0	2.327e-16	1.0027e-14	0
21.875	5.05001e-16	1.15436e-14	0	0	5.69775e-15	0
22.125	7.05832e-16	1.13173e-14	0	8.47606e-17	5.29724e-15	0
22.375	5.83191e-16	3.37954e-14	0	0	5.13598e-15	0
22.625	4.27758e-16	1.01192e-14	0	0	9.38652e-15	0
22.875	3.2494e-16	9.96444e-15	0	0	4.52888e-15	0
23.125	3.75299e-16	1.53593e-14	0	0	4.61198e-15	0
23.375	9.17294e-17	1.17963e-14	0	1.40296e-16	3.98515e-15	0
23.625	2.14912e-16	1.15767e-14	0	0	4.41767e-15	0
23.875	3.55862e-16	1.38446e-14	0	1.34908e-16	4.37998e-15	0
24.125	7.11137e-16	9.18943e-15	0	0	4.24693e-15	0
24.375	3.79348e-16	1.56565e-14	0	1.90251e-16	2.99925e-15	0
24.625	1.88691e-16	1.0284e-14	0	0	3.83638e-15	0
24.875	1.67445e-16	9.19342e-15	0	2.30258e-16	3.58835e-15	0
25.125	1.51216e-16	9.1739e-15	0	0	9.89659e-15	0
25.375	1.51307e-16	6.36395e-15	0	0	2.59855e-15	0
25.625	0	8.93436e-15	0	0	1.94596e-15	0
25.875	1.35597e-16	1.67344e-14	0	0	2.43709e-15	0
26.125	3.75378e-16	8.49522e-15	0	0	9.60772e-15	0
26.375	0	8.02412e-15	0	0	3.13302e-15	0
26.625	0	8.09032e-15	0	0	1.88915e-15	0
26.875	6.76e-16	7.8594e-15	0	0	2.3159e-15	0
27.125	0	6.98045e-15	0	0	2.45699e-15	0
27.375	0	7.61539e-15	0	0	1.77801e-15	0
27.625	0	7.38738e-15	0	0	2.11685e-15	0
27.875	1.43476e-16	6.89939e-15	0	4.47588e-16	2.26255e-15	0
28.125	1.69544e-16	7.67206e-15	0	0	1.86295e-15	0
28.375	1.69883e-16	8.57322e-15	0	0	1.56012e-15	0
28.625	0	6.23059e-15	0	0	2.04613e-15	0
28.875	0	8.5583e-15	0	0	1.50692e-15	0
29.125	5.71621e-16	6.35138e-15	0	0	1.64528e-15	0
29.375	0	5.50253e-15	0	0	1.79702e-15	0
29.625	2.0288e-16	4.86854e-15	0	0	7.30338e-16	0
29.875	0	5.56235e-15	0	0	1.48401e-15	0
30.125	5.01262e-16	4.65448e-15	0	0	1.38028e-15	0
30.375	2.4857e-16	5.12126e-15	0	0	1.66226e-15	0
30.625	0	4.67602e-15	0	0	1.17002e-15	0
30.875	0	6.43165e-15	0	0	1.05721e-15	0
31.125	0	5.63847e-15	0	0	2.01556e-15	0
31.375	2.46035e-16	7.09967e-15	0	0	1.77583e-15	0
31.625	2.36572e-16	5.13718e-15	0	0	6.93455e-16	0
31.875	2.60519e-16	4.92637e-15	0	0	9.83819e-16	0
32.125	0	4.86392e-15	0	0	1.28719e-15	0
32.375	6.60949e-16	6.1036e-15	0	0	5.80321e-16	0
32.625	0	5.16066e-15	0	0	7.37583e-16	0
32.875	0	3.95933e-15	0	0	8.9822e-16	0
33.125	0	4.71536e-15	0	0	6.07942e-16	0
33.375	2.81102e-16	3.85912e-15	0	0	6.16986e-16	0
33.625	0	4.22631e-15	0	0	6.25846e-16	0
33.875	0	3.34495e-15	0	0	3.19415e-16	0
34.125	0	3.86936e-15	0	0	9.70557e-16	0
34.375	0	4.58472e-15	0	0	9.82627e-16	0
34.625	0	5.31982e-15	0	0	4.98892e-16	0
34.875	0	4.03732e-15	0	0	6.73105e-16	0
35.125	0	4.62315e-15	0	0	1.02654e-15	0
35.375	2.63745e-16	3.64785e-15	0	0	8.6976e-16	0
35.625	5.47735e-16	4.75221e-15	0	0	7.02709e-16	0
35.875	2.77893e-16	4.81417e-15	0	0	5.34945e-16	0
36.125	0	4.34385e-15	0	0	5.44036e-16	0
36.375	0	3.85426e-15	0	0	1.82881e-16	0
36.625	0	4.27665e-15	0	0	7.45959e-16	0
36.875	0	4.89504e-15	0	0	0	0
37.125	3.18669e-16	3.63127e-15	0	0	1.91256e-16	0
37.375	0	2.51801e-15	0	0	7.76528e-16	0
37.625	0	2.3584e-15	0	0	3.93407e-16	0
37.875	0	3.5815e-15	0	0	5.95852e-16	0
38.125	0	4.23332e-15	0	0	2.02551e-16	0
38.375	2.66613e-16	3.6745e-15	0	0	2.03112e-16	0
38.625	0	5.57906e-15	0	0	0	0
38.875	0	1.25514e-15	0	0	2.08232e-16	0
39.125	0	3.18002e-15	0	0	0	0
39.375	0	4.07483e-15	0	0	4.28741e-16	0
39.625	0	2.61012e-15	0	0	0	0
39.875	0	3.08726e-15	0	0	2.19109e-16	0
40.125	0	3.78828e-15	0	0	2.23509e-16	0
40.375	0	3.38499e-15	0	0	4.5244e-16	0
40.625	0	2.97065e-15	0	0	2.27934e-16	0
40.875	0	2.31331e-15	0	0	0	0
41.125	0	2.58044e-15	0	0	0	0
41.375	0	3.79892e-15	0	0	2.37822e-16	0
41.625	0	2.16015e-15	0	0	0	0
41.875	0	2.43204e-15	0	0	2.43848e-16	0
42.125	0	1.72091e-15	0	0	4.90863e-16	0
42.375	0	2.48974e-15	0	0	2.48157e-16	0
42.625	0	1.50945e-15	0	0	0	0
42.875	0	3.31482e-15	0	0	0	0
43.125	0	1.8032e-15	0	0	5.16136e-16	0
43.375	0	2.3448e-15	0	0	2.60016e-16	0
43.625	0	2.10834e-15	0	0	0	0
43.875	0	2.40371e-15	0	0	2.65386e-16	0
44.125	0	8.07661e-16	0	0	0	0
44.375	0	1.63963e-15	0	0	0	0
44.625	0	1.93462e-15	0	0	0	0
44.875	0	1.11638e-15	0	0	0	0
45.125	0	1.69491e-15	0	0	0	0
45.375	0	1.71452e-15	0	0	2.86486e-16	0
45.625	0	2.01533e-15	0	0	0	0
45.875	0	1.45855e-15	0	0	0	0
46.125	0	3.24007e-15	0	0	2.9362e-16	0
46.375	0	2.08223e-15	0	0	2.99175e-16	0
46.625	0	2.71171e-15	0	0	3.00991e-16	0
46.875	0	1.21703e-15	0	0	3.0449e-16	0
47.125	0	1.23207e-15	0	0	0	0
47.375	0	9.3604e-16	0	0	3.11265e-16	0
47.625	0	6.29427e-16	0	0	3.1559e-16	0
47.875	0	1.90726e-15	0	0	0	0
48.125	0	1.6042e-15	0	0	0	0
48.375	0	9.71428e-16	0	0	0	0
48.625	0	6.57578e-16	0	0	0	0
48.875	0	1.32491e-15	0	0	0	0
49.125	0	1.67233e-15	0	0	0	0
49.375	0	1.01449e-15	0	0	0	0
49.625	0	6.82931e-16	0	0	0	0
49.875	0	3.45931e-16	0	0	3.44789e-16	0
50.125	0	3.49448e-16	0	0	0	0
50.375	0	1.75677e-15	0	0	0	0
50.625	0	0	0	0	0	0
50.875	0	1.077e-15	0	0	0	0
51.125	0	1.08762e-15	0	0	0	0
51.375	0	7.30552e-16	0	0	0	0
51.625	0	1.10727e-15	0	0	0	0
51.875	0	1.12057e-15	0	0	0	0
52.125	0	7.51874e-16	0	0	0	0
52.375	0	7.61079e-16	0	0	0	0
52.625	0	1.15002e-15	0	0	0	0
52.875	0	3.86306e-16	0	0	0	0
53.125	0	1.17416e-15	0	0	0	0
53.375	0	0	0	0	0	0
53.625	0	3.97152e-16	0	0	0	0
53.875	0	4.0167e-16	0	0	0	0
54.125	0	4.04725e-16	0	0	0	0
54.375	0	8.19334e-16	0	0	0	0
54.625	0	0	0	0	0	0
54.875	0	4.18929e-16	0	0	0	0
55.125	0	1.26094e-15	0	0	0	0
55.375	0	4.25538e-16	0	0	0	0
55.625	0	0	0	0	0	0
55.875	0	8.66823e-16	0	0	0	0
56.125	0	4.36408e-16	0	0	0	0
56.375	0	8.79245e-16	0	0	0	0
56.625	0	4.46301e-16	0	0	0	0
56.875	0	0	0	0	0	0
57.125	0	0	0	0	0	0
57.375	0	0	0	0	0	0
57.625	0	4.6103e-16	0	0	0	0
57.875	0	0	0	0	0	0
58.125	0	9.33931e-16	0	0	0	0
58.375	0	1.88737e-15	0	0	0	0
58.625	0	0	0	0	0	0
58.875	0	0	0	0	0	0
59.125	0	0	0	0	0	0
59.375	0	0	0	0	0	0
59.625	0	0	0	0	0	0
59.875	0	4.95133e-16	0	0	0	0
60.125	0	4.98974e-16	0	0	0	0
60.375	0	0	0	0	0	0
60.625	0	0	0	0	0	0
60.875	0	0	0	0	0	0
61.125	0	0	0	0	0	0
61.375	0	0	0	0	0	0
61.625	0	0	0	0	0	0
61.875	0	0	0	0	0	0
62.125	0	0	0	0	0	0
62.375	0	0	0	0	0	0
62.625	0	0	0	0	0	0
62.875	0	0	0	0	0	0
63.125	0	0	0	0	0	0
63.375	0	0	0	0	0	0
63.625	0	0	0	0	0	0
63.875	0	0	0	0	0	0
64.125	0	0	0	0	0	0
64.375	0	0	0	0	0	0
64.625	0	0	0	0	0	0
64.875	0	0	0	0	0	0
65.125	0	0	0	0	0	0
65.375	0	0	0	0	0	0
65.625	0	0	0	0	0	0
65.875	0	0	0	0	0	0
66.125	0	0	0	0	0	0
66.375	0	0	0	0	0	0
66.625	0	0	0	0	0	0
66.875	0	0	0	0	0	0
67.125	0	0	0	0	0	0
67.375	0	0	0	0	0	0
67.625	0	0	0	0	0	0
67.875	0	0	0	0	0	0
68.125	0	0	0	0	0	0
68.375	0	0	0	0	0	0
68.625	0	0	0	0	0	0
68.875	0	0	0	0	0	0
69.125	0	0	0	0	0	0
69.375	0	0	0	0	0	0
69.625	0	0	0	0	0	0
69.875	0	0	0	0	0	0
70.125	0	0	0	0	0	0
70.375	0	6.84637e-16	0	0	0	0
70.625	0	0	0	0	0	0
70.875	0	0	0	0	0	0
71.125	0	0	0	0	0	0
71.375	0	0	0	0	0	0
71.625	0	0	0	0	0	0
71.875	0	0	0	0	0	0
72.125	0	0	0	0	0	0
72.375	0	0	0	0	0	0
72.625	0	0	0	0	0	0
72.875	0	0	0	0	0	0
73.125	0	0	0	0	0	0
73.375	0	0	0	0	0	0
73.625	0	0	0	0	0	0
73.875	0	0	0	0	0	0
74.125	0	0	0	0	0	0
74.375	0	7.64228e-16	0	0	0	0
74.625	0	0	0	0	0	0
74.875	0	0	0	0	0	0
75.125	0	0	0	0	0	0
75.375	0	0	0	0	0	0
75.625	0	0	0	0	0	0
75.875	0	0	0	0	0	0
76.125	0	0	0	0	0	0
76.375	0	0	0	0	0	0
76.625	0	0	0	0	0	0
76.875	0	0	0	0	0	0
77.125	0	0	0	0	0	0
77.375	0	0	0	0	0	0
77.625	0	0	0	0	0	0
77.875	0	0	0	0	0	0
78.125	0	0	0	0	0	0
78.375	0	0	0	0	0	0
78.625	0	0	0	0	0	0
78.875	0	0	0	0	0	0
79.125	0	0	0	0	0	0
79.375	0	0	0	0	0	0
79.625	0	0	0	0	0	0
79.875	0	0	0	0	0	0
80.125	0	0	0	0	0	0
80.375	0	0	0	0	0	0
80.625	0	0	0	0	0	0
80.875	0	0	0	0	0	0
81.125	0	0	0	0	0	0
81.375	0	0	0	0	0	0
81.625	0	0	0	0	0	0
81.875	0	0	0	0	0	0
82.125	0	0	0	0	0	0
82.375	0	0	0	0	0	0
82.625	0	0	0	0	0	0
82.875	0	0	0	0	0	0
83.125	0	0	0	0	0	0
83.375	0	0	0	0	0	0
83.625	0	0	0	0	0	0
83.875	0	0	0	0	0	0
84.125	0	0	0	0	0	0
84.375	0	0	0	0	0	0
84.625	0	0	0	0	0	0
84.875	0	0	0	0	0	0
85.125	0	0	0	0	0	0
85.375	0	0	0	0	0	0
85.625	0	0	0	0	0	0
85.875	0	0	0	0	0	0
86.125	0	0	0	0	0	0
86.375	0	0	0	0	0	0
86.625	0	0	0	0	0	0
86.875	0	0	0	0	0	0
87.125	0	0	0	0	0	0
87.375	0	0	0	0	0	0
87.625	0	0	0	0	0	0
87.875	0	0	0	0	0	0
88.125	0	0	0	0	0	0
88.375	0	0	0	0	0	0
88.625	0	0	0	0	0	0
88.875	0	0	0	0	0	0
89.125	0	0	0	0	0	0
89.375	0	0	0	0	0	0
89.625	0	0	0	0	0	0
89.875	0	0	0	0	0	0
90.125	0	0	0	0	0	0
90.375	0	0	0	0	0	0
90.625	0	0	0	0	0	0
90.875	0	0	0	0	0	0
91.125	0	0	0	0	0	0
91.375	0	0	0	0	0	0
91.625	0	0	0	0	0	0
91.875	0	0	0	0	0	0
92.125	0	0	0	0	0	0
92.375	0	0	0	0	0	0
92.625	0	0	0	0	0	0
92.875	0	0	0	0	0	0
93.125	0	0	0	0	0	0
93.375	0	0	0	0	0	0
93.625	0	0	0	0	0	0
93.875	0	0	0	0	0	0
94.125	0	0	0	0	0	0
94.375	0	0	0	0	0	0
94.625	0	0	0	0	0	0
94.875	0	0	0	0	0	0
95.125	0	0	0	0	0	0
95.375	0	0	0	0	0	0
95.625	0	0	0	0	0	0
95.875	0	0	0	0	0	0
96.125	0	0	0	0	0	0
96.375	0	0	0	0	0	0
96.625	0	0	0	0	0	0
96.875	0	0	0	0	0	0
97.125	0	0	0	0	0	0
97.375	0	0	0	0	0	0
97.625	0	0	0	0	0	0
97.875	0	0	0	0	0	0
98.125	0	0	0	0	0	0
98.375	0	0	0	0	0	0
98.625	0	0	0	0	0	0
98.875	0	0	0	0	0	0
99.125	0	0	0	0	0	0
99.375	0	0	0	0	0	0
99.625	0	0	0	0	0	0
99.875	0	0	0	0	0	0
100.125	0	0	0	0	0	0
100.375	0	0	0	0	0	0
100.625	0	0	0	0	0	0
100.875	0	0	0	0	0	0
101.125	0	0	0	0	0	0
101.375	0	0	0	0	0	0
101.625	0	0	0	0	0	0
101.875	0	0	0	0	0	0
102.125	0	0	0	0	0	0
102.375	0	0	0	0	0	0
102.625	0	0	0	0	0	0
102.875	0	0	0	0	0	0
103.125	0	0	0	0	0	0
103.375	0	0	0	0	0	0
103.625	0	0	0	0	0	0
103.875	0	0	0	0	0	0
104.125	0	0	0	0	0	0
104.375	0	0	0	0	0	0
104.625	0	0	0	0	0	0
104.875	0	0	0	0	0	0
105.125	0	0	0	0	0	0
105.375	0	0	0	0	0	0
105.625	0	0	0	0	0	0
105.875	0	0	0	0	0	0
106.125	0	0	0	0	0	0
106.375	0	0	0	0	0	0
106.625	0	0	0	0	0	0
106.875	0	0	0	0	0	0
107.125	0	0	0	0	0	0
107.375	0	0	0	0	0	0
107.625	0	0	0	0	0	0
107.875	0	0	0	0	0	0
108.125	0	0	0	0	0	0
108.375	0	0	0	0	0	0
108.625	0	0	0	0	0	0
108.875	0	0	0	0	0	0
109.125	0	0	0	0	0	0
109.375	0	0	0	0	0	0
109.625	0	0	0	0	0	0
109.875	0	0	0	0	0	0
110.125	0	0	0	0	0	0
110.375	0	0	0	0	0	0
110.625	0	0	0	0	0	0
110.875	0	0	0	0	0	0
111.125	0	0	0	0	0	0
111.375	0	0	0	0	0	0
111.625	0	0	0	0	0	0
111.875	0	0	0	0	0	0
112.125	0	0	0	0	0	0
112.375	0	0	0	0	0	0
112.625	0	0	0	0	0	0
112.875	0	0	0	0	0	0
113.125	0	0	0	0	0	0
113.375	0	0	0	0	0	0
113.625	0	0	0	0	0	0
113.875	0	0	0	0	0	0
114.125	0	0	0	0	0	0
114.375	0	0	0	0	0	0
114.625	0	0	0	0	0	0
114.875	0	0	0	0	0	0
115.125	0	0	0	0	0	0
115.375	0	0	0	0	0	0
115.625	0	0	0	0	0	0
115.875	0	0	0	0	0	0
116.125	0	0	0	0	0	0
116.375	0	0	0	0	0	0
116.625	0	0	0	0	0	0
116.875	0	0	0	0	0	0
117.125	0	0	0	0	0	0
117.375	0	0	0	0	0	0
117.625	0	0	0	0	0	0
117.875	0	0	0	0	0	0
118.125	0	0	0	0	0	0
118.375	0	0	0	0	0	0
118.625	0	0	0	0	0	0
118.875	0	0	0	0	0	0
119.125	0	0	0	0	0	0
119.375	0	0	0	0	0	0
119.625	0	0	0	0	0	0
119.875	0	0	0	0	0	0
120.125	0	0	0	0	0	0
120.375	0	0	0	0	0	0
120.625	0	0	0	0	0	0
120.875	0	0	0	0	0	0
121.125	0	0	0	0	0	0
121.375	0	0	0	0	0	0
121.625	0	0	0	0	0	0
121.875	0	0	0	0	0	0
122.125	0	0	0	0	0	0
122.375	0	0	0	0	0	0
122.625	0	0	0	0	0	0
122.875	0	0	0	0	0	0
123.125	0	0	0	0	0	0
123.375	0	0	0	0	0	0
123.625	0	0	0	0	0	0
123.875	0	0	0	0	0	0
124.125	0	0	0	0	0	0
124.375	0	0	0	0	0	0
124.625	0	0	0	0	0	0
124.875	0	0	0	0	0	0
125.125	0	0	0	0	0	0
