0.125	6.64326e-15	1.41456e-13	0	5.47098e-16	1.02964e-13	0
0.375	3.06394e-14	1.91047e-12	0	1.50302e-15	2.89954e-13	0
0.625	6.20941e-14	5.99143e-12	0	2.78603e-15	3.21873e-13	0
0.875	7.62806e-14	9.3107e-12	0	2.68206e-15	3.19227e-13	0
1.125	9.39719e-14	1.07475e-11	0	1.53893e-15	2.97668e-13	0
1.375	8.16719e-14	1.09596e-11	0	1.17651e-15	2.6985e-13	0
1.625	8.87448e-14	1.11933e-11	0	2.06249e-15	2.33676e-13	0
1.875	6.8269e-14	1.14829e-11	0	1.19926e-15	2.01398e-13	0
2.125	6.48012e-14	1.1649e-11	0	1.24215e-15	1.84935e-13	0
2.375	5.6612e-14	1.09545e-11	0	9.29754e-16	1.6398e-13	0
2.625	4.7652e-14	9.62847e-12	0	6.89133e-16	1.43637e-13	0
2.875	4.23091e-14	8.16151e-12	0	6.00148e-16	1.25274e-13	0
3.125	3.97781e-14	6.89054e-12	0	7.66559e-16	1.04895e-13	0
3.375	3.8128e-14	5.32531e-12	0	4.78447e-16	9.93331e-14	0
3.625	2.91799e-14	3.57128e-12	0	4.88529e-16	8.14828e-14	0
3.875	2.55217e-14	2.16228e-12	0	2.85583e-16	6.91419e-14	0
4.125	1.76588e-14	1.26024e-12	0	4.00238e-16	6.14574e-14	0
4.375	1.85834e-14	6.92695e-13	0	1.34813e-16	5.69132e-14	0
4.625	1.4497e-14	4.08938e-13	0	2.50766e-16	4.64052e-14	0
4.875	1.12693e-14	2.49084e-13	0	2.62925e-16	3.833e-14	0
5.125	1.1153e-14	1.90913e-13	0	9.6491e-16	3.22701e-14	0
5.375	9.71496e-15	1.30904e-13	0	1.62655e-16	2.69402e-14	0
5.625	7.11882e-15	1.11452e-13	0	2.07791e-16	1.37757e-14	0
5.875	6.95984e-15	9.15342e-14	0	1.11095e-16	2.1397e-14	0
6.125	3.4694e-15	1.01387e-13	0	4.39509e-17	1.72105e-14	0
6.375	3.11786e-15	7.4901e-14	0	8.0927e-17	1.09918e-14	0
6.625	9.18922e-15	7.29845e-14	0	7.68345e-17	1.3125e-14	0
6.875	6.33671e-15	6.96924e-14	0	1.54559e-16	8.30927e-15	0
7.125	2.29627e-15	6.67013e-14	0	0	7.41569e-15	0
7.375	4.18146e-15	5.5408e-14	0	0	5.91081e-15	0
7.625	3.59905e-15	5.98243e-14	0	0	1.91501e-15	0
7.875	1.42675e-15	5.75212e-14	0	0	3.40816e-15	0
8.125	3.16981e-15	5.65994e-14	0	4.38535e-17	1.03253e-15	0
8.375	1.36429e-15	4.87104e-14	0	1.30616e-16	1.16937e-15	0
8.625	1.55969e-15	4.93748e-14	0	0	1.79692e-15	0
8.875	1.13429e-15	4.51273e-14	0	7.9531e-17	5.2342e-16	0
9.125	1.00543e-15	4.4023e-14	0	0	5.92615e-16	0
9.375	4.186e-16	4.09134e-14	0	0	9.91533e-16	0
9.625	4.70538e-16	3.7856e-14	0	0	1.93516e-15	0
9.875	7.12868e-16	3.91375e-14	0	0	6.43277e-16	0
10.125	7.03891e-16	3.9168e-14	0	0	1.48424e-15	0
10.375	3.25351e-16	3.59154e-14	0	0	4.95013e-16	0
10.625	4.89993e-16	3.26575e-14	0	0	9.63717e-16	0
10.875	2.40385e-16	3.10344e-14	0	0	4.89128e-17	0
11.125	3.6641e-16	2.81418e-14	0	0	3.33897e-16	0
11.375	1.46113e-16	2.57812e-14	0	0	5.48223e-16	0
11.625	3.04123e-16	2.36153e-14	0	0	2.09998e-16	0
11.875	9.54979e-17	2.12923e-14	0	0	3.33302e-16	0
12.125	2.37618e-16	2.14602e-14	0	0	5.12019e-16	0
12.375	1.22693e-16	1.9173e-14	0	0	1.12035e-16	0
12.625	2.60652e-16	1.5056e-14	0	0	1.78002e-16	0
12.875	8.96867e-17	1.43031e-14	0	0	2.42794e-16	0
13.125	7.8637e-17	1.20154e-14	0	0	1.22102e-16	0
13.375	8.13798e-17	1.02538e-14	0	0	1.87741e-16	0
13.625	0	8.39667e-15	0	0	1.31901e-16	0
13.875	0	8.16799e-15	0	0	1.35558e-16	0
14.125	9.67841e-17	7.30818e-15	0	0	0	0
14.375	0	5.74687e-15	0	0	0	0
14.625	0	5.43566e-15	0	0	6.1971e-17	0
14.875	0	3.96742e-15	0	0	0	0
15.125	9.66444e-17	4.8726e-15	0	0	1.47349e-16	0
15.375	0	2.87154e-15	0	0	6.75688e-17	0
15.625	0	3.55182e-15	0	0	0	0
15.875	0	2.80447e-15	0	0	0	0
16.125	0	2.18164e-15	0	0	0	0
16.375	0	1.60131e-15	0	0	0	0
16.625	1.06797e-16	2.14598e-15	0	0	8.54211e-17	0
16.875	0	1.72979e-15	0	0	0	0
17.125	0	1.28598e-15	0	0	0	0
17.375	0	1.52529e-15	0	0	8.57728e-17	0
17.625	0	1.55983e-15	0	0	7.59727e-17	0
17.875	0	7.25935e-16	0	0	0	0
18.125	0	8.70681e-16	0	0	0	0
18.375	0	5.18144e-16	0	0	0	0
18.625	0	7.98369e-16	0	0	0	0
18.875	0	4.53094e-16	0	0	0	0
19.125	0	1.87818e-16	0	0	0	0
19.375	0	2.87614e-16	0	0	0	0
19.625	0	1.98398e-16	0	0	0	0
19.875	0	2.92032e-16	0	0	0	0
20.125	0	3.86799e-16	0	0	0	0
20.375	0	4.85728e-16	0	0	0	0
20.625	0	0	0	0	0	0
20.875	0	0	0	0	0	0
21.125	0	0	0	0	0	0
21.375	0	1.03353e-16	0	0	0	0
21.625	0	2.27211e-16	0	0	0	0
21.875	0	2.19123e-16	0	0	0	0
22.125	0	0	0	0	0	0
22.375	0	1.16032e-16	0	0	0	0
22.625	0	0	0	0	0	0
22.875	0	0	0	0	0	0
23.125	0	0	0	0	0	0
23.375	0	0	0	0	0	0
23.625	0	0	0	0	0	0
23.875	0	0	0	0	0	0
24.125	0	0	0	0	0	0
24.375	0	0	0	0	0	0
24.625	0	0	0	0	0	0
24.875	0	0	0	0	0	0
25.125	0	0	0	0	0	0
25.375	0	0	0	0	0	0
25.625	0	0	0	0	0	0
25.875	0	0	0	0	0	0
26.125	0	0	0	0	0	0
26.375	0	0	0	0	0	0
26.625	0	0	0	0	0	0
26.875	0	0	0	0	0	0
27.125	0	0	0	0	0	0
27.375	0	0	0	0	0	0
27.625	0	0	0	0	0	0
27.875	0	0	0	0	0	0
28.125	0	0	0	0	0	0
28.375	0	0	0	0	0	0
28.625	0	0	0	0	0	0
28.875	0	0	0	0	0	0
29.125	0	0	0	0	0	0
29.375	0	0	0	0	0	0
29.625	0	0	0	0	0	0
29.875	0	0	0	0	0	0
30.125	0	0	0	0	0	0
30.375	0	0	0	0	0	0
30.625	0	0	0	0	0	0
30.875	0	0	0	0	0	0
31.125	0	0	0	0	0	0
31.375	0	0	0	0	0	0
31.625	0	0	0	0	0	0
31.875	0	0	0	0	0	0
32.125	0	0	0	0	0	0
32.375	0	0	0	0	0	0
32.625	0	0	0	0	0	0
32.875	0	0	0	0	0	0
33.125	0	0	0	0	0	0
33.375	0	0	0	0	0	0
33.625	0	0	0	0	0	0
33.875	0	0	0	0	0	0
34.125	0	0	0	0	0	0
34.375	0	0	0	0	0	0
34.625	0	0	0	0	0	0
34.875	0	0	0	0	0	0
35.125	0	0	0	0	0	0
35.375	0	0	0	0	0	0
35.625	0	0	0	0	0	0
35.875	0	0	0	0	0	0
36.125	0	0	0	0	0	0
36.375	0	0	0	0	0	0
36.625	0	0	0	0	0	0
36.875	0	0	0	0	0	0
37.125	0	0	0	0	0	0
37.375	0	0	0	0	0	0
37.625	0	0	0	0	0	0
37.875	0	0	0	0	0	0
38.125	0	0	0	0	0	0
38.375	0	0	0	0	0	0
38.625	0	0	0	0	0	0
38.875	0	0	0	0	0	0
39.125	0	0	0	0	0	0
39.375	0	0	0	0	0	0
39.625	0	0	0	0	0	0
39.875	0	0	0	0	0	0
40.125	0	0	0	0	0	0
40.375	0	0	0	0	0	0
40.625	0	0	0	0	0	0
40.875	0	0	0	0	0	0
41.125	0	0	0	0	0	0
41.375	0	0	0	0	0	0
41.625	0	0	0	0	0	0
41.875	0	0	0	0	0	0
42.125	0	0	0	0	0	0
42.375	0	0	0	0	0	0
42.625	0	0	0	0	0	0
42.875	0	0	0	0	0	0
43.125	0	0	0	0	0	0
43.375	0	0	0	0	0	0
43.625	0	0	0	0	0	0
43.875	0	0	0	0	0	0
44.125	0	0	0	0	0	0
44.375	0	0	0	0	0	0
44.625	0	0	0	0	0	0
44.875	0	0	0	0	0	0
45.125	0	0	0	0	0	0
45.375	0	0	0	0	0	0
45.625	0	0	0	0	0	0
45.875	0	0	0	0	0	0
46.125	0	0	0	0	0	0
46.375	0	0	0	0	0	0
46.625	0	0	0	0	0	0
46.875	0	0	0	0	0	0
47.125	0	0	0	0	0	0
47.375	0	0	0	0	0	0
47.625	0	0	0	0	0	0
47.875	0	0	0	0	0	0
48.125	0	0	0	0	0	0
48.375	0	0	0	0	0	0
48.625	0	0	0	0	0	0
48.875	0	0	0	0	0	0
49.125	0	0	0	0	0	0
49.375	0	0	0	0	0	0
49.625	0	0	0	0	0	0
49.875	0	0	0	0	0	0
50.125	0	0	0	0	0	0
50.375	0	0	0	0	0	0
50.625	0	0	0	0	0	0
50.875	0	0	0	0	0	0
51.125	0	0	0	0	0	0
51.375	0	0	0	0	0	0
51.625	0	0	0	0	0	0
51.875	0	0	0	0	0	0
52.125	0	0	0	0	0	0
52.375	0	0	0	0	0	0
52.625	0	0	0	0	0	0
52.875	0	0	0	0	0	0
53.125	0	0	0	0	0	0
53.375	0	0	0	0	0	0
53.625	0	0	0	0	0	0
53.875	0	0	0	0	0	0
54.125	0	0	0	0	0	0
54.375	0	0	0	0	0	0
54.625	0	0	0	0	0	0
54.875	0	0	0	0	0	0
55.125	0	0	0	0	0	0
55.375	0	0	0	0	0	0
55.625	0	0	0	0	0	0
55.875	0	0	0	0	0	0
56.125	0	0	0	0	0	0
56.375	0	0	0	0	0	0
56.625	0	0	0	0	0	0
56.875	0	0	0	0	0	0
57.125	0	0	0	0	0	0
57.375	0	0	0	0	0	0
57.625	0	0	0	0	0	0
57.875	0	0	0	0	0	0
58.125	0	0	0	0	0	0
58.375	0	0	0	0	0	0
58.625	0	0	0	0	0	0
58.875	0	0	0	0	0	0
59.125	0	0	0	0	0	0
59.375	0	0	0	0	0	0
59.625	0	0	0	0	0	0
59.875	0	0	0	0	0	0
60.125	0	0	0	0	0	0
60.375	0	0	0	0	0	0
60.625	0	0	0	0	0	0
60.875	0	0	0	0	0	0
61.125	0	0	0	0	0	0
61.375	0	0	0	0	0	0
61.625	0	0	0	0	0	0
61.875	0	0	0	0	0	0
62.125	0	0	0	0	0	0
62.375	0	0	0	0	0	0
62.625	0	0	0	0	0	0
62.875	0	0	0	0	0	0
63.125	0	0	0	0	0	0
63.375	0	0	0	0	0	0
63.625	0	0	0	0	0	0
63.875	0	0	0	0	0	0
64.125	0	0	0	0	0	0
64.375	0	0	0	0	0	0
64.625	0	0	0	0	0	0
64.875	0	0	0	0	0	0
65.125	0	0	0	0	0	0
65.375	0	0	0	0	0	0
65.625	0	0	0	0	0	0
65.875	0	0	0	0	0	0
66.125	0	0	0	0	0	0
66.375	0	0	0	0	0	0
66.625	0	0	0	0	0	0
66.875	0	0	0	0	0	0
67.125	0	0	0	0	0	0
67.375	0	0	0	0	0	0
67.625	0	0	0	0	0	0
67.875	0	0	0	0	0	0
68.125	0	0	0	0	0	0
68.375	0	0	0	0	0	0
68.625	0	0	0	0	0	0
68.875	0	0	0	0	0	0
69.125	0	0	0	0	0	0
69.375	0	0	0	0	0	0
69.625	0	0	0	0	0	0
69.875	0	0	0	0	0	0
70.125	0	0	0	0	0	0
70.375	0	0	0	0	0	0
70.625	0	0	0	0	0	0
70.875	0	0	0	0	0	0
71.125	0	0	0	0	0	0
71.375	0	0	0	0	0	0
71.625	0	0	0	0	0	0
71.875	0	0	0	0	0	0
72.125	0	0	0	0	0	0
72.375	0	0	0	0	0	0
72.625	0	0	0	0	0	0
72.875	0	0	0	0	0	0
73.125	0	0	0	0	0	0
73.375	0	0	0	0	0	0
73.625	0	0	0	0	0	0
73.875	0	0	0	0	0	0
74.125	0	0	0	0	0	0
74.375	0	0	0	0	0	0
74.625	0	0	0	0	0	0
74.875	0	0	0	0	0	0
75.125	0	0	0	0	0	0
75.375	0	0	0	0	0	0
75.625	0	0	0	0	0	0
75.875	0	0	0	0	0	0
76.125	0	0	0	0	0	0
76.375	0	0	0	0	0	0
76.625	0	0	0	0	0	0
76.875	0	0	0	0	0	0
77.125	0	0	0	0	0	0
77.375	0	0	0	0	0	0
77.625	0	0	0	0	0	0
77.875	0	0	0	0	0	0
78.125	0	0	0	0	0	0
78.375	0	0	0	0	0	0
78.625	0	0	0	0	0	0
78.875	0	0	0	0	0	0
79.125	0	0	0	0	0	0
79.375	0	0	0	0	0	0
79.625	0	0	0	0	0	0
79.875	0	0	0	0	0	0
80.125	0	0	0	0	0	0
80.375	0	0	0	0	0	0
80.625	0	0	0	0	0	0
80.875	0	0	0	0	0	0
81.125	0	0	0	0	0	0
81.375	0	0	0	0	0	0
81.625	0	0	0	0	0	0
81.875	0	0	0	0	0	0
82.125	0	0	0	0	0	0
82.375	0	0	0	0	0	0
82.625	0	0	0	0	0	0
82.875	0	0	0	0	0	0
83.125	0	0	0	0	0	0
83.375	0	0	0	0	0	0
83.625	0	0	0	0	0	0
83.875	0	0	0	0	0	0
84.125	0	0	0	0	0	0
84.375	0	0	0	0	0	0
84.625	0	0	0	0	0	0
84.875	0	0	0	0	0	0
85.125	0	0	0	0	0	0
85.375	0	0	0	0	0	0
85.625	0	0	0	0	0	0
85.875	0	0	0	0	0	0
86.125	0	0	0	0	0	0
86.375	0	0	0	0	0	0
86.625	0	0	0	0	0	0
86.875	0	0	0	0	0	0
87.125	0	0	0	0	0	0
87.375	0	0	0	0	0	0
87.625	0	0	0	0	0	0
87.875	0	0	0	0	0	0
88.125	0	0	0	0	0	0
88.375	0	0	0	0	0	0
88.625	0	0	0	0	0	0
88.875	0	0	0	0	0	0
89.125	0	0	0	0	0	0
89.375	0	0	0	0	0	0
89.625	0	0	0	0	0	0
89.875	0	0	0	0	0	0
90.125	0	0	0	0	0	0
90.375	0	0	0	0	0	0
90.625	0	0	0	0	0	0
90.875	0	0	0	0	0	0
91.125	0	0	0	0	0	0
91.375	0	0	0	0	0	0
91.625	0	0	0	0	0	0
91.875	0	0	0	0	0	0
92.125	0	0	0	0	0	0
92.375	0	0	0	0	0	0
92.625	0	0	0	0	0	0
92.875	0	0	0	0	0	0
93.125	0	0	0	0	0	0
93.375	0	0	0	0	0	0
93.625	0	0	0	0	0	0
93.875	0	0	0	0	0	0
94.125	0	0	0	0	0	0
94.375	0	0	0	0	0	0
94.625	0	0	0	0	0	0
94.875	0	0	0	0	0	0
95.125	0	0	0	0	0	0
95.375	0	0	0	0	0	0
95.625	0	0	0	0	0	0
95.875	0	0	0	0	0	0
96.125	0	0	0	0	0	0
96.375	0	0	0	0	0	0
96.625	0	0	0	0	0	0
96.875	0	0	0	0	0	0
97.125	0	0	0	0	0	0
97.375	0	0	0	0	0	0
97.625	0	0	0	0	0	0
97.875	0	0	0	0	0	0
98.125	0	0	0	0	0	0
98.375	0	0	0	0	0	0
98.625	0	0	0	0	0	0
98.875	0	0	0	0	0	0
99.125	0	0	0	0	0	0
99.375	0	0	0	0	0	0
99.625	0	0	0	0	0	0
99.875	0	0	0	0	0	0
100.125	0	0	0	0	0	0
100.375	0	0	0	0	0	0
100.625	0	0	0	0	0	0
100.875	0	0	0	0	0	0
101.125	0	0	0	0	0	0
101.375	0	0	0	0	0	0
101.625	0	0	0	0	0	0
101.875	0	0	0	0	0	0
102.125	0	0	0	0	0	0
102.375	0	0	0	0	0	0
102.625	0	0	0	0	0	0
102.875	0	0	0	0	0	0
103.125	0	0	0	0	0	0
103.375	0	0	0	0	0	0
103.625	0	0	0	0	0	0
103.875	0	0	0	0	0	0
104.125	0	0	0	0	0	0
104.375	0	0	0	0	0	0
104.625	0	0	0	0	0	0
104.875	0	0	0	0	0	0
105.125	0	0	0	0	0	0
105.375	0	0	0	0	0	0
105.625	0	0	0	0	0	0
105.875	0	0	0	0	0	0
106.125	0	0	0	0	0	0
106.375	0	0	0	0	0	0
106.625	0	0	0	0	0	0
106.875	0	0	0	0	0	0
107.125	0	0	0	0	0	0
107.375	0	0	0	0	0	0
107.625	0	0	0	0	0	0
107.875	0	0	0	0	0	0
108.125	0	0	0	0	0	0
108.375	0	0	0	0	0	0
108.625	0	0	0	0	0	0
108.875	0	0	0	0	0	0
109.125	0	0	0	0	0	0
109.375	0	0	0	0	0	0
109.625	0	0	0	0	0	0
109.875	0	0	0	0	0	0
110.125	0	0	0	0	0	0
110.375	0	0	0	0	0	0
110.625	0	0	0	0	0	0
110.875	0	0	0	0	0	0
111.125	0	0	0	0	0	0
111.375	0	0	0	0	0	0
111.625	0	0	0	0	0	0
111.875	0	0	0	0	0	0
112.125	0	0	0	0	0	0
112.375	0	0	0	0	0	0
112.625	0	0	0	0	0	0
112.875	0	0	0	0	0	0
113.125	0	0	0	0	0	0
113.375	0	0	0	0	0	0
113.625	0	0	0	0	0	0
113.875	0	0	0	0	0	0
114.125	0	0	0	0	0	0
114.375	0	0	0	0	0	0
114.625	0	0	0	0	0	0
114.875	0	0	0	0	0	0
115.125	0	0	0	0	0	0
115.375	0	0	0	0	0	0
115.625	0	0	0	0	0	0
115.875	0	0	0	0	0	0
116.125	0	0	0	0	0	0
116.375	0	0	0	0	0	0
116.625	0	0	0	0	0	0
116.875	0	0	0	0	0	0
117.125	0	0	0	0	0	0
117.375	0	0	0	0	0	0
117.625	0	0	0	0	0	0
117.875	0	0	0	0	0	0
118.125	0	0	0	0	0	0
118.375	0	0	0	0	0	0
118.625	0	0	0	0	0	0
118.875	0	0	0	0	0	0
119.125	0	0	0	0	0	0
119.375	0	0	0	0	0	0
119.625	0	0	0	0	0	0
119.875	0	0	0	0	0	0
120.125	0	0	0	0	0	0
120.375	0	0	0	0	0	0
120.625	0	0	0	0	0	0
120.875	0	0	0	0	0	0
121.125	0	0	0	0	0	0
121.375	0	0	0	0	0	0
121.625	0	0	0	0	0	0
121.875	0	0	0	0	0	0
122.125	0	0	0	0	0	0
122.375	0	0	0	0	0	0
122.625	0	0	0	0	0	0
122.875	0	0	0	0	0	0
123.125	0	0	0	0	0	0
123.375	0	0	0	0	0	0
123.625	0	0	0	0	0	0
123.875	0	0	0	0	0	0
124.125	0	0	0	0	0	0
124.375	0	0	0	0	0	0
124.625	0	0	0	0	0	0
124.875	0	0	0	0	0	0
125.125	0	0	0	0	0	0
