energy(#adis)<
@energy = {0, 15, 0.1141905, 0.1141905, 0.1141905, 0.1141905, 0.0032892999999999998, 0.0032892999999999998, 0.0032892999999999998, 0.0032892999999999998, 0.0000287, 0.0000287, 0.0000287, 0.0000287, 1.e-7, 1.e-7, 1.e-7, 1.e-7}:
{0, 15, 0.19563989999999998, 0.19563989999999998, 0.19563989999999998, 0.19563989999999998, 0.0128197, 0.0128197, 0.0128197, 0.0128197, 0.0001786, 0.0001786, 0.0001786, 0.0001786, 7.e-7, 7.e-7, 7.e-7, 7.e-7}:
{0, 15, 0.23341699999999999, 0.23341699999999999, 0.23341699999999999, 0.23341699999999999, 0.0369467, 0.0369467, 0.0369467, 0.0369467, 0.0008617, 0.0008617, 0.0008617, 0.0008617, 5.0999999999999995e-6, 5.0999999999999995e-6, 5.0999999999999995e-6, 5.0999999999999995e-6}:
{0, 19, 0.200268, 0.200268, 0.200268, 0.200268, 0.0812191, 0.0812191, 0.0812191, 0.0812191, 0.0033211, 0.0033211, 0.0033211, 0.0033211, 0.0000298, 0.0000298, 0.0000298, 0.0000298, 2.e-7, 2.e-7, 2.e-7, 2.e-7}:
{0, 19, 0.1255627, 0.1255627, 0.1255627, 0.1255627, 0.1383361, 0.1383361, 0.1383361, 0.1383361, 0.010383, 0.010383, 0.010383, 0.010383, 0.0001457, 0.0001457, 0.0001457, 0.0001457, 1.2999999999999998e-6, 1.2999999999999998e-6, 1.2999999999999998e-6, 1.2999999999999998e-6}:
{0, 23, 0.0580544, 0.0580544, 0.0580544, 0.0580544, 0.1842188, 0.1842188, 0.1842188, 0.1842188, 0.0265683, 0.0265683, 0.0265683, 0.0265683, 0.0006003, 0.0006003, 0.0006003, 0.0006003, 6.9e-6, 6.9e-6, 6.9e-6, 6.9e-6, 2.e-7, 2.e-7, 2.e-7, 2.e-7}:
{0, 23, 0.0199055, 0.0199055, 0.0199055, 0.0199055, 0.19289409999999999, 0.19289409999999999, 0.19289409999999999, 0.19289409999999999, 0.0559569, 0.0559569, 0.0559569, 0.0559569, 0.0020939, 0.0020939, 0.0020939, 0.0020939, 0.000032699999999999995, 0.000032699999999999995, 0.000032699999999999995, 0.000032699999999999995, 1.1e-6, 1.1e-6, 1.1e-6, 1.1e-6}:
{0, 27, 0.0050799999999999994, 0.0050799999999999994, 0.0050799999999999994, 0.0050799999999999994, 0.1594175, 0.1594175, 0.1594175, 0.1594175, 0.0973729, 0.0973729, 0.0973729, 0.0973729, 0.0062064, 0.0062064, 0.0062064, 0.0062064, 0.000135, 0.000135, 0.000135, 0.000135, 4.7e-6, 4.7e-6, 4.7e-6, 4.7e-6, 1.e-7, 1.e-7, 1.e-7, 1.e-7}:
{0, 27, 0.0009672999999999999, 0.0009672999999999999, 0.0009672999999999999, 0.0009672999999999999, 0.1042632, 0.1042632, 0.1042632, 0.1042632, 0.140371, 0.140371, 0.140371, 0.140371, 0.015673199999999998, 0.015673199999999998, 0.015673199999999998, 0.015673199999999998, 0.00048659999999999996, 0.00048659999999999996, 0.00048659999999999996, 0.00048659999999999996, 0.0000188, 0.0000188, 0.0000188, 0.0000188, 3.e-7, 3.e-7, 3.e-7, 3.e-7}:
{0, 31, 0.00013769999999999999, 0.00013769999999999999, 0.00013769999999999999, 0.00013769999999999999, 0.0540664, 0.0540664, 0.0540664, 0.0540664, 0.16796429999999998, 0.16796429999999998, 0.16796429999999998, 0.16796429999999998, 0.0337876, 0.0337876, 0.0337876, 0.0337876, 0.0015348999999999998, 0.0015348999999999998, 0.0015348999999999998, 0.0015348999999999998, 0.0000675, 0.0000675, 0.0000675, 0.0000675, 1.4e-6, 1.4e-6, 1.4e-6, 1.4e-6, 1.e-7, 1.e-7, 1.e-7, 1.e-7}:
{0, 31, 0.0000147, 0.0000147, 0.0000147, 0.0000147, 0.0222603, 0.0222603, 0.0222603, 0.0222603, 0.167067, 0.167067, 0.167067, 0.167067, 0.062270099999999995, 0.062270099999999995, 0.062270099999999995, 0.062270099999999995, 0.0042438, 0.0042438, 0.0042438, 0.0042438, 0.00021909999999999999, 0.00021909999999999999, 0.00021909999999999999, 0.00021909999999999999, 5.3e-6, 5.3e-6, 5.3e-6, 5.3e-6, 4.e-7, 4.e-7, 4.e-7, 4.e-7}:
{0, 35, 1.2e-6, 1.2e-6, 1.2e-6, 1.2e-6, 0.0072844, 0.0072844, 0.0072844, 0.0072844, 0.1382881, 0.1382881, 0.1382881, 0.1382881, 0.0982233, 0.0982233, 0.0982233, 0.0982233, 0.0102962, 0.0102962, 0.0102962, 0.0102962, 0.000642, 0.000642, 0.000642, 0.000642, 0.0000188, 0.0000188, 0.0000188, 0.0000188, 1.2999999999999998e-6, 1.2999999999999998e-6, 1.2999999999999998e-6, 1.2999999999999998e-6, 1.e-7, 1.e-7, 1.e-7, 1.e-7}:
{0, 35, 1.e-7, 1.e-7, 1.e-7, 1.e-7, 0.0018961, 0.0018961, 0.0018961, 0.0018961, 0.0953407, 0.0953407, 0.0953407, 0.0953407, 0.13272409999999998, 0.13272409999999998, 0.13272409999999998, 0.13272409999999998, 0.0219407, 0.0219407, 0.0219407, 0.0219407, 0.0017, 0.0017, 0.0017, 0.0017, 0.000060899999999999996, 0.000060899999999999996, 0.000060899999999999996, 0.000060899999999999996, 4.2999999999999995e-6, 4.2999999999999995e-6, 4.2999999999999995e-6, 4.2999999999999995e-6, 3.e-7, 3.e-7, 3.e-7, 3.e-7}:
{4, 35, 0.0003928, 0.0003928, 0.0003928, 0.0003928, 0.054785999999999994, 0.054785999999999994, 0.054785999999999994, 0.054785999999999994, 0.1537429, 0.1537429, 0.1537429, 0.1537429, 0.0410941, 0.0410941, 0.0410941, 0.0410941, 0.0040707, 0.0040707, 0.0040707, 0.0040707, 0.00018099999999999998, 0.00018099999999999998, 0.00018099999999999998, 0.00018099999999999998, 0.000013399999999999999, 0.000013399999999999999, 0.000013399999999999999, 0.000013399999999999999, 1.e-6, 1.e-6, 1.e-6, 1.e-6}:
{4, 39, 0.0000648, 0.0000648, 0.0000648, 0.0000648, 0.0262541, 0.0262541, 0.0262541, 0.0262541, 0.15275729999999998, 0.15275729999999998, 0.15275729999999998, 0.15275729999999998, 0.06768919999999999, 0.06768919999999999, 0.06768919999999999, 0.06768919999999999, 0.0088195, 0.0088195, 0.0088195, 0.0088195, 0.0004939, 0.0004939, 0.0004939, 0.0004939, 0.0000393, 0.0000393, 0.0000393, 0.0000393, 3.e-6, 3.e-6, 3.e-6, 3.e-6, 1.e-7, 1.e-7, 1.e-7, 1.e-7}:
{4, 43, 8.5e-6, 8.5e-6, 8.5e-6, 8.5e-6, 0.0104967, 0.0104967, 0.0104967, 0.0104967, 0.13024929999999998, 0.13024929999999998, 0.13024929999999998, 0.13024929999999998, 0.0981022, 0.0981022, 0.0981022, 0.0981022, 0.0172975, 0.0172975, 0.0172975, 0.0172975, 0.0012366999999999999, 0.0012366999999999999, 0.0012366999999999999, 0.0012366999999999999, 0.000107, 0.000107, 0.000107, 0.000107, 8.4e-6, 8.4e-6, 8.4e-6, 8.4e-6, 4.e-7, 4.e-7, 4.e-7, 4.e-7, 1.e-7, 1.e-7, 1.e-7, 1.e-7}:
{4, 47, 9.e-7, 9.e-7, 9.e-7, 9.e-7, 0.0035026, 0.0035026, 0.0035026, 0.0035026, 0.0953422, 0.0953422, 0.0953422, 0.0953422, 0.1251503, 0.1251503, 0.1251503, 0.1251503, 0.0307227, 0.0307227, 0.0307227, 0.0307227, 0.0028436, 0.0028436, 0.0028436, 0.0028436, 0.0002723, 0.0002723, 0.0002723, 0.0002723, 0.0000227, 0.0000227, 0.0000227, 0.0000227, 1.1e-6, 1.1e-6, 1.1e-6, 1.1e-6, 2.e-7, 2.e-7, 2.e-7, 2.e-7, 1.e-7, 1.e-7, 1.e-7, 1.e-7}:
{4, 47, 1.e-7, 1.e-7, 1.e-7, 1.e-7, 0.0009756999999999999, 0.0009756999999999999, 0.0009756999999999999, 0.0009756999999999999, 0.059933799999999995, 0.059933799999999995, 0.059933799999999995, 0.059933799999999995, 0.1405805, 0.1405805, 0.1405805, 0.1405805, 0.0494331, 0.0494331, 0.0494331, 0.0494331, 0.006005099999999999, 0.006005099999999999, 0.006005099999999999, 0.006005099999999999, 0.0006462999999999999, 0.0006462999999999999, 0.0006462999999999999, 0.0006462999999999999, 0.000057799999999999995, 0.000057799999999999995, 0.000057799999999999995, 0.000057799999999999995, 3.1e-6, 3.1e-6, 3.1e-6, 3.1e-6, 6.e-7, 6.e-7, 6.e-7, 6.e-7, 2.e-7, 2.e-7, 2.e-7, 2.e-7}:
{8, 47, 0.000227, 0.000227, 0.000227, 0.000227, 0.0323633, 0.0323633, 0.0323633, 0.0323633, 0.1390857, 0.1390857, 0.1390857, 0.1390857, 0.0720751, 0.0720751, 0.0720751, 0.0720751, 0.0116517, 0.0116517, 0.0116517, 0.0116517, 0.0014324, 0.0014324, 0.0014324, 0.0014324, 0.0001391, 0.0001391, 0.0001391, 0.0001391, 8.3e-6, 8.3e-6, 8.3e-6, 8.3e-6, 1.5e-6, 1.5e-6, 1.5e-6, 1.5e-6, 4.e-7, 4.e-7, 4.e-7, 4.e-7}:
{8, 51, 0.0000441, 0.0000441, 0.0000441, 0.0000441, 0.015014999999999999, 0.015014999999999999, 0.015014999999999999, 0.015014999999999999, 0.12122989999999999, 0.12122989999999999, 0.12122989999999999, 0.12122989999999999, 0.0952508, 0.0952508, 0.0952508, 0.0952508, 0.020776199999999998, 0.020776199999999998, 0.020776199999999998, 0.020776199999999998, 0.0029647, 0.0029647, 0.0029647, 0.0029647, 0.0003163, 0.0003163, 0.0003163, 0.0003163, 0.000021099999999999998, 0.000021099999999999998, 0.000021099999999999998, 0.000021099999999999998, 3.8e-6, 3.8e-6, 3.8e-6, 3.8e-6, 9.e-7, 9.e-7, 9.e-7, 9.e-7, 1.e-7, 1.e-7, 1.e-7, 1.e-7}:
{8, 51, 7.2e-6, 7.2e-6, 7.2e-6, 7.2e-6, 0.0059865, 0.0059865, 0.0059865, 0.0059865, 0.0931101, 0.0931101, 0.0931101, 0.0931101, 0.11411969999999999, 0.11411969999999999, 0.11411969999999999, 0.11411969999999999, 0.0340525, 0.0340525, 0.0340525, 0.0340525, 0.0057319, 0.0057319, 0.0057319, 0.0057319, 0.0006801, 0.0006801, 0.0006801, 0.0006801, 0.000051, 0.000051, 0.000051, 0.000051, 9.2e-6, 9.2e-6, 9.2e-6, 9.2e-6, 2.2e-6, 2.2e-6, 2.2e-6, 2.2e-6, 3.e-7, 3.e-7, 3.e-7, 3.e-7}:
{8, 53, 1.e-6, 1.e-6, 1.e-6, 1.e-6, 0.0020515, 0.0020515, 0.0020515, 0.0020515, 0.0630263, 0.0630263, 0.0630263, 0.0630263, 0.12397699999999999, 0.12397699999999999, 0.12397699999999999, 0.12397699999999999, 0.0513119, 0.0513119, 0.0513119, 0.0513119, 0.0103533, 0.0103533, 0.0103533, 0.0103533, 0.0013828999999999998, 0.0013828999999999998, 0.0013828999999999998, 0.0013828999999999998, 0.00011729999999999999, 0.00011729999999999999, 0.00011729999999999999, 0.00011729999999999999, 0.0000214, 0.0000214, 0.0000214, 0.0000214, 4.8e-6, 4.8e-6, 4.8e-6, 4.8e-6, 7.e-7, 7.e-7, 7.e-7, 7.e-7, 0, 0}:
{8, 53, 1.e-7, 1.e-7, 1.e-7, 1.e-7, 0.0006043, 0.0006043, 0.0006043, 0.0006043, 0.0376055, 0.0376055, 0.0376055, 0.0376055, 0.12214639999999999, 0.12214639999999999, 0.12214639999999999, 0.12214639999999999, 0.0710957, 0.0710957, 0.0710957, 0.0710957, 0.017474, 0.017474, 0.017474, 0.017474, 0.0026596, 0.0026596, 0.0026596, 0.0026596, 0.0002567, 0.0002567, 0.0002567, 0.0002567, 0.0000474, 0.0000474, 0.0000474, 0.0000474, 0.0000105, 0.0000105, 0.0000105, 0.0000105, 1.5e-6, 1.5e-6, 1.5e-6, 1.5e-6, 0, 0}:
{12, 57, 0.000153, 0.000153, 0.000153, 0.000153, 0.019780799999999998, 0.019780799999999998, 0.019780799999999998, 0.019780799999999998, 0.10915419999999999, 0.10915419999999999, 0.10915419999999999, 0.10915419999999999, 0.0905917, 0.0905917, 0.0905917, 0.0905917, 0.0275616, 0.0275616, 0.0275616, 0.0275616, 0.0048388, 0.0048388, 0.0048388, 0.0048388, 0.0005348, 0.0005348, 0.0005348, 0.0005348, 0.0001008, 0.0001008, 0.0001008, 0.0001008, 0.0000221, 0.0000221, 0.0000221, 0.0000221, 3.2999999999999997e-6, 3.2999999999999997e-6, 3.2999999999999997e-6, 3.2999999999999997e-6, 1.e-7, 1.e-7, 1.e-7, 1.e-7, 0, 0}:
{12, 57, 0.000033299999999999996, 0.000033299999999999996, 0.000033299999999999996, 0.000033299999999999996, 0.0091737, 0.0091737, 0.0091737, 0.0091737, 0.0884861, 0.0884861, 0.0884861, 0.0884861, 0.1061713, 0.1061713, 0.1061713, 0.1061713, 0.0406322, 0.0406322, 0.0406322, 0.0406322, 0.008329399999999999, 0.008329399999999999, 0.008329399999999999, 0.008329399999999999, 0.00106, 0.00106, 0.00106, 0.00106, 0.0002059, 0.0002059, 0.0002059, 0.0002059, 0.000044999999999999996, 0.000044999999999999996, 0.000044999999999999996, 0.000044999999999999996, 7.1e-6, 7.1e-6, 7.1e-6, 7.1e-6, 1.e-7, 1.e-7, 1.e-7, 1.e-7, 0, 0}:
{12, 61, 6.2e-6, 6.2e-6, 6.2e-6, 6.2e-6, 0.0037514999999999996, 0.0037514999999999996, 0.0037514999999999996, 0.0037514999999999996, 0.0650776, 0.0650776, 0.0650776, 0.0650776, 0.1144586, 0.1144586, 0.1144586, 0.1144586, 0.0559936, 0.0559936, 0.0559936, 0.0559936, 0.013567, 0.013567, 0.013567, 0.013567, 0.0019993999999999997, 0.0019993999999999997, 0.0019993999999999997, 0.0019993999999999997, 0.0004038, 0.0004038, 0.0004038, 0.0004038, 0.0000887, 0.0000887, 0.0000887, 0.0000887, 0.0000145, 0.0000145, 0.0000145, 0.0000145, 4.e-7, 4.e-7, 4.e-7, 4.e-7, 1.e-7, 1.e-7, 1.e-7, 1.e-7, 9.e-7, 9.e-7}:
{12, 61, 1.e-6, 1.e-6, 1.e-6, 1.e-6, 0.0013529, 0.0013529, 0.0013529, 0.0013529, 0.0434263, 0.0434263, 0.0434263, 0.0434263, 0.1135157, 0.1135157, 0.1135157, 0.1135157, 0.0721362, 0.0721362, 0.0721362, 0.0721362, 0.0209121, 0.0209121, 0.0209121, 0.0209121, 0.0035895, 0.0035895, 0.0035895, 0.0035895, 0.0007603999999999999, 0.0007603999999999999, 0.0007603999999999999, 0.0007603999999999999, 0.00016879999999999998, 0.00016879999999999998, 0.00016879999999999998, 0.00016879999999999998, 0.000029, 0.000029, 0.000029, 0.000029, 9.e-7, 9.e-7, 9.e-7, 9.e-7, 2.e-7, 2.e-7, 2.e-7, 2.e-7, 1.5e-6, 1.5e-6}:
{12, 61, 1.e-7, 1.e-7, 1.e-7, 1.e-7, 0.0004303, 0.0004303, 0.0004303, 0.0004303, 0.0262951, 0.0262951, 0.0262951, 0.0262951, 0.1035783, 0.1035783, 0.1035783, 0.1035783, 0.0868868, 0.0868868, 0.0868868, 0.0868868, 0.0305066, 0.0305066, 0.0305066, 0.0305066, 0.006134199999999999, 0.006134199999999999, 0.006134199999999999, 0.006134199999999999, 0.0013747, 0.0013747, 0.0013747, 0.0013747, 0.00031099999999999997, 0.00031099999999999997, 0.00031099999999999997, 0.00031099999999999997, 0.0000562, 0.0000562, 0.0000562, 0.0000562, 1.9e-6, 1.9e-6, 1.9e-6, 1.9e-6, 5.e-7, 5.e-7, 5.e-7, 5.e-7, 2.4999999999999998e-6, 2.4999999999999998e-6}:
{16, 61, 0.00012069999999999999, 0.00012069999999999999, 0.00012069999999999999, 0.00012069999999999999, 0.014448899999999999, 0.014448899999999999, 0.014448899999999999, 0.014448899999999999, 0.08696029999999999, 0.08696029999999999, 0.08696029999999999, 0.08696029999999999, 0.0978531, 0.0978531, 0.0978531, 0.0978531, 0.0421218, 0.0421218, 0.0421218, 0.0421218, 0.0099788, 0.0099788, 0.0099788, 0.0099788, 0.0023864999999999997, 0.0023864999999999997, 0.0023864999999999997, 0.0023864999999999997, 0.0005545999999999999, 0.0005545999999999999, 0.0005545999999999999, 0.0005545999999999999, 0.0001057, 0.0001057, 0.0001057, 0.0001057, 4.2999999999999995e-6, 4.2999999999999995e-6, 4.2999999999999995e-6, 4.2999999999999995e-6, 1.1e-6, 1.1e-6, 1.1e-6, 1.1e-6, 4.1e-6, 4.1e-6}:
{16, 61, 0.0000299, 0.0000299, 0.0000299, 0.0000299, 0.0072054, 0.0072054, 0.0072054, 0.0072054, 0.0671807, 0.0671807, 0.0671807, 0.0671807, 0.1030499, 0.1030499, 0.1030499, 0.1030499, 0.0550516, 0.0550516, 0.0550516, 0.0550516, 0.0154541, 0.0154541, 0.0154541, 0.0154541, 0.0039787, 0.0039787, 0.0039787, 0.0039787, 0.0009569, 0.0009569, 0.0009569, 0.0009569, 0.000193, 0.000193, 0.000193, 0.000193, 9.2e-6, 9.2e-6, 9.2e-6, 9.2e-6, 2.3e-6, 2.3e-6, 2.3e-6, 2.3e-6, 6.699999999999999e-6, 6.699999999999999e-6}:
{16, 61, 6.5e-6, 6.5e-6, 6.5e-6, 6.5e-6, 0.0032611999999999997, 0.0032611999999999997, 0.0032611999999999997, 0.0032611999999999997, 0.047760399999999995, 0.047760399999999995, 0.047760399999999995, 0.047760399999999995, 0.1014851, 0.1014851, 0.1014851, 0.1014851, 0.06811009999999999, 0.06811009999999999, 0.06811009999999999, 0.06811009999999999, 0.0227866, 0.0227866, 0.0227866, 0.0227866, 0.0063707, 0.0063707, 0.0063707, 0.0063707, 0.0015980999999999999, 0.0015980999999999999, 0.0015980999999999999, 0.0015980999999999999, 0.00034209999999999997, 0.00034209999999999997, 0.00034209999999999997, 0.00034209999999999997, 0.0000191, 0.0000191, 0.0000191, 0.0000191, 4.7e-6, 4.7e-6, 4.7e-6, 4.7e-6, 0.0000107, 0.0000107}:
{16, 61, 1.2999999999999998e-6, 1.2999999999999998e-6, 1.2999999999999998e-6, 1.2999999999999998e-6, 0.0013396999999999999, 0.0013396999999999999, 0.0013396999999999999, 0.0013396999999999999, 0.031247499999999997, 0.031247499999999997, 0.031247499999999997, 0.031247499999999997, 0.09346829999999999, 0.09346829999999999, 0.09346829999999999, 0.09346829999999999, 0.07977329999999999, 0.07977329999999999, 0.07977329999999999, 0.07977329999999999, 0.0319898, 0.0319898, 0.0319898, 0.0319898, 0.0097973, 0.0097973, 0.0097973, 0.0097973, 0.0025831, 0.0025831, 0.0025831, 0.0025831, 0.0005884999999999999, 0.0005884999999999999, 0.0005884999999999999, 0.0005884999999999999, 0.0000385, 0.0000385, 0.0000385, 0.0000385, 9.299999999999999e-6, 9.299999999999999e-6, 9.299999999999999e-6, 9.299999999999999e-6, 0.000017, 0.000017}:
{16, 61, 2.e-7, 2.e-7, 2.e-7, 2.e-7, 0.0004994999999999999, 0.0004994999999999999, 0.0004994999999999999, 0.0004994999999999999, 0.0188152, 0.0188152, 0.0188152, 0.0188152, 0.0805114, 0.0805114, 0.0805114, 0.0805114, 0.088457, 0.088457, 0.088457, 0.088457, 0.0427624, 0.0427624, 0.0427624, 0.0427624, 0.0144721, 0.0144721, 0.0144721, 0.0144721, 0.004041299999999999, 0.004041299999999999, 0.004041299999999999, 0.004041299999999999, 0.000983, 0.000983, 0.000983, 0.000983, 0.0000751, 0.0000751, 0.0000751, 0.0000751, 0.0000181, 0.0000181, 0.0000181, 0.0000181, 0.0000267, 0.0000267}:
{20, 61, 0.0001691, 0.0001691, 0.0001691, 0.0001691, 0.010427299999999999, 0.010427299999999999, 0.010427299999999999, 0.010427299999999999, 0.0648639, 0.0648639, 0.0648639, 0.0648639, 0.09286599999999999, 0.09286599999999999, 0.09286599999999999, 0.09286599999999999, 0.0544321, 0.0544321, 0.0544321, 0.0544321, 0.0205343, 0.0205343, 0.0205343, 0.0205343, 0.0061202999999999995, 0.0061202999999999995, 0.0061202999999999995, 0.0061202999999999995, 0.0015941999999999998, 0.0015941999999999998, 0.0015941999999999998, 0.0015941999999999998, 0.0001419, 0.0001419, 0.0001419, 0.0001419, 0.0000343, 0.0000343, 0.0000343, 0.0000343, 0.0000413, 0.0000413}:
{20, 61, 0.000051899999999999994, 0.000051899999999999994, 0.000051899999999999994, 0.000051899999999999994, 0.0053189, 0.0053189, 0.0053189, 0.0053189, 0.0488788, 0.0488788, 0.0488788, 0.0488788, 0.0923107, 0.0923107, 0.0923107, 0.0923107, 0.0659797, 0.0659797, 0.0659797, 0.0659797, 0.027988199999999998, 0.027988199999999998, 0.027988199999999998, 0.027988199999999998, 0.0089725, 0.0089725, 0.0089725, 0.0089725, 0.0025104, 0.0025104, 0.0025104, 0.0025104, 0.0002599, 0.0002599, 0.0002599, 0.0002599, 0.00006319999999999999, 0.00006319999999999999, 0.00006319999999999999, 0.00006319999999999999, 0.000063, 0.000063}:
{20, 61, 0.0000145, 0.0000145, 0.0000145, 0.0000145, 0.0024973, 0.0024973, 0.0024973, 0.0024973, 0.034453199999999996, 0.034453199999999996, 0.034453199999999996, 0.034453199999999996, 0.0868832, 0.0868832, 0.0868832, 0.0868832, 0.0761633, 0.0761633, 0.0761633, 0.0761633, 0.0366465, 0.0366465, 0.0366465, 0.0366465, 0.0127339, 0.0127339, 0.0127339, 0.0127339, 0.0038385999999999997, 0.0038385999999999997, 0.0038385999999999997, 0.0038385999999999997, 0.0004614, 0.0004614, 0.0004614, 0.0004614, 0.0001137, 0.0001137, 0.0001137, 0.0001137, 0.00009489999999999999, 0.00009489999999999999}:
{20, 61, 3.6999999999999997e-6, 3.6999999999999997e-6, 3.6999999999999997e-6, 3.6999999999999997e-6, 0.0010793, 0.0010793, 0.0010793, 0.0010793, 0.0227167, 0.0227167, 0.0227167, 0.0227167, 0.0774329, 0.0774329, 0.0774329, 0.0774329, 0.0837296, 0.0837296, 0.0837296, 0.0837296, 0.046096899999999996, 0.046096899999999996, 0.046096899999999996, 0.046096899999999996, 0.017495999999999998, 0.017495999999999998, 0.017495999999999998, 0.017495999999999998, 0.0056996, 0.0056996, 0.0056996, 0.0056996, 0.000794, 0.000794, 0.000794, 0.000794, 0.0001992, 0.0001992, 0.0001992, 0.0001992, 0.00014099999999999998, 0.00014099999999999998}:
{20, 61, 8.e-7, 8.e-7, 8.e-7, 8.e-7, 0.0004294, 0.0004294, 0.0004294, 0.0004294, 0.014011399999999999, 0.014011399999999999, 0.014011399999999999, 0.014011399999999999, 0.0653487, 0.0653487, 0.0653487, 0.0653487, 0.08766489999999999, 0.08766489999999999, 0.08766489999999999, 0.08766489999999999, 0.0557068, 0.0557068, 0.0557068, 0.0557068, 0.023273099999999998, 0.023273099999999998, 0.023273099999999998, 0.023273099999999998, 0.008218099999999999, 0.008218099999999999, 0.008218099999999999, 0.008218099999999999, 0.0013243, 0.0013243, 0.0013243, 0.0013243, 0.00033999999999999997, 0.00033999999999999997, 0.00033999999999999997, 0.00033999999999999997, 0.00020659999999999998, 0.00020659999999999998}:
{20, 61, 2.e-7, 2.e-7, 2.e-7, 2.e-7, 0.0001573, 0.0001573, 0.0001573, 0.0001573, 0.008084599999999999, 0.008084599999999999, 0.008084599999999999, 0.008084599999999999, 0.0522256, 0.0522256, 0.0522256, 0.0522256, 0.08741779999999999, 0.08741779999999999, 0.08741779999999999, 0.08741779999999999, 0.06467769999999999, 0.06467769999999999, 0.06467769999999999, 0.06467769999999999, 0.029972699999999998, 0.029972699999999998, 0.029972699999999998, 0.029972699999999998, 0.0115073, 0.0115073, 0.0115073, 0.0115073, 0.0021413, 0.0021413, 0.0021413, 0.0021413, 0.0005653, 0.0005653, 0.0005653, 0.0005653, 0.0002989, 0.0002989}:
{24, 61, 0.000053, 0.000053, 0.000053, 0.000053, 0.004364, 0.004364, 0.004364, 0.004364, 0.0395257, 0.0395257, 0.0395257, 0.0395257, 0.0830262, 0.0830262, 0.0830262, 0.0830262, 0.0721483, 0.0721483, 0.0721483, 0.0721483, 0.037373699999999996, 0.037373699999999996, 0.037373699999999996, 0.037373699999999996, 0.015648099999999998, 0.015648099999999998, 0.015648099999999998, 0.015648099999999998, 0.0033561, 0.0033561, 0.0033561, 0.0033561, 0.0009157, 0.0009157, 0.0009157, 0.0009157, 0.00042659999999999996, 0.00042659999999999996}:
{24, 61, 0.000016499999999999998, 0.000016499999999999998, 0.000016499999999999998, 0.000016499999999999998, 0.0022038, 0.0022038, 0.0022038, 0.0022038, 0.028329299999999998, 0.028329299999999998, 0.028329299999999998, 0.028329299999999998, 0.0751077, 0.0751077, 0.0751077, 0.0751077, 0.0773277, 0.0773277, 0.0773277, 0.0773277, 0.045121999999999995, 0.045121999999999995, 0.045121999999999995, 0.045121999999999995, 0.0206657, 0.0206657, 0.0206657, 0.0206657, 0.0050991, 0.0050991, 0.0050991, 0.0050991, 0.0014451, 0.0014451, 0.0014451, 0.0014451, 0.000601, 0.000601}:
{24, 61, 4.7e-6, 4.7e-6, 4.7e-6, 4.7e-6, 0.0010412, 0.0010412, 0.0010412, 0.0010412, 0.0192294, 0.0192294, 0.0192294, 0.0192294, 0.064717, 0.064717, 0.064717, 0.064717, 0.07963289999999999, 0.07963289999999999, 0.07963289999999999, 0.07963289999999999, 0.052747699999999995, 0.052747699999999995, 0.052747699999999995, 0.052747699999999995, 0.026506199999999997, 0.026506199999999997, 0.026506199999999997, 0.026506199999999997, 0.0075106, 0.0075106, 0.0075106, 0.0075106, 0.002222, 0.002222, 0.002222, 0.002222, 0.0008353999999999999, 0.0008353999999999999}:
{24, 61, 1.2e-6, 1.2e-6, 1.2e-6, 1.2e-6, 0.00046019999999999996, 0.00046019999999999996, 0.00046019999999999996, 0.00046019999999999996, 0.0123617, 0.0123617, 0.0123617, 0.0123617, 0.053116399999999994, 0.053116399999999994, 0.053116399999999994, 0.053116399999999994, 0.07879699999999999, 0.07879699999999999, 0.07879699999999999, 0.07879699999999999, 0.059706699999999994, 0.059706699999999994, 0.059706699999999994, 0.059706699999999994, 0.033019099999999996, 0.033019099999999996, 0.033019099999999996, 0.033019099999999996, 0.010724599999999999, 0.010724599999999999, 0.010724599999999999, 0.010724599999999999, 0.0033288, 0.0033288, 0.0033288, 0.0033288, 0.0011461, 0.0011461}:
{24, 61, 3.e-7, 3.e-7, 3.e-7, 3.e-7, 0.0001903, 0.0001903, 0.0001903, 0.0001903, 0.0075263, 0.0075263, 0.0075263, 0.0075263, 0.0415265, 0.0415265, 0.0415265, 0.0415265, 0.07491969999999999, 0.07491969999999999, 0.07491969999999999, 0.07491969999999999, 0.065442, 0.065442, 0.065442, 0.065442, 0.039949899999999997, 0.039949899999999997, 0.039949899999999997, 0.039949899999999997, 0.0148464, 0.0148464, 0.0148464, 0.0148464, 0.0048592, 0.0048592, 0.0048592, 0.0048592, 0.0015519, 0.0015519}:
{24, 61, 1.e-7, 1.e-7, 1.e-7, 1.e-7, 0.0000736, 0.0000736, 0.0000736, 0.0000736, 0.00434, 0.00434, 0.00434, 0.00434, 0.030925499999999998, 0.030925499999999998, 0.030925499999999998, 0.030925499999999998, 0.0684482, 0.0684482, 0.0684482, 0.0684482, 0.0694566, 0.0694566, 0.0694566, 0.0694566, 0.0469468, 0.0469468, 0.0469468, 0.0469468, 0.019925599999999998, 0.019925599999999998, 0.019925599999999998, 0.019925599999999998, 0.0069115, 0.0069115, 0.0069115, 0.0069115, 0.0020737999999999998, 0.0020737999999999998}:
{28, 61, 0.0000267, 0.0000267, 0.0000267, 0.0000267, 0.0023703, 0.0023703, 0.0023703, 0.0023703, 0.0219387, 0.0219387, 0.0219387, 0.0219387, 0.0600919, 0.0600919, 0.0600919, 0.0600919, 0.0713844, 0.0713844, 0.0713844, 0.0713844, 0.053585499999999994, 0.053585499999999994, 0.053585499999999994, 0.053585499999999994, 0.025927099999999998, 0.025927099999999998, 0.025927099999999998, 0.025927099999999998, 0.0095788, 0.0095788, 0.0095788, 0.0095788, 0.0027351, 0.0027351}:
{28, 61, 9.e-6, 9.e-6, 9.e-6, 9.e-6, 0.0012262, 0.0012262, 0.0012262, 0.0012262, 0.0148258, 0.0148258, 0.0148258, 0.0148258, 0.0506951, 0.0506951, 0.0506951, 0.0506951, 0.071045, 0.071045, 0.071045, 0.071045, 0.0594081, 0.0594081, 0.0594081, 0.0594081, 0.0327084, 0.0327084, 0.0327084, 0.0327084, 0.012935799999999999, 0.012935799999999999, 0.012935799999999999, 0.012935799999999999, 0.0035602999999999997, 0.0035602999999999997}:
{28, 61, 2.8999999999999998e-6, 2.8999999999999998e-6, 2.8999999999999998e-6, 2.8999999999999998e-6, 0.0006008, 0.0006008, 0.0006008, 0.0006008, 0.0095444, 0.0095444, 0.0095444, 0.0095444, 0.0410979, 0.0410979, 0.0410979, 0.0410979, 0.0684719, 0.0684719, 0.0684719, 0.0684719, 0.0639751, 0.0639751, 0.0639751, 0.0639751, 0.0400071, 0.0400071, 0.0400071, 0.0400071, 0.0170229, 0.0170229, 0.0170229, 0.0170229, 0.0045743, 0.0045743}:
{28, 61, 8.e-7, 8.e-7, 8.e-7, 8.e-7, 0.0002788, 0.0002788, 0.0002788, 0.0002788, 0.0058533, 0.0058533, 0.0058533, 0.0058533, 0.0320173, 0.0320173, 0.0320173, 0.0320173, 0.0639068, 0.0639068, 0.0639068, 0.0639068, 0.0669189, 0.0669189, 0.0669189, 0.0669189, 0.0474451, 0.0474451, 0.0474451, 0.0474451, 0.0218289, 0.0218289, 0.0218289, 0.0218289, 0.0058008999999999995, 0.0058008999999999995}:
{28, 61, 2.e-7, 2.e-7, 2.e-7, 2.e-7, 0.0001226, 0.0001226, 0.0001226, 0.0001226, 0.0034197, 0.0034197, 0.0034197, 0.0034197, 0.023969999999999998, 0.023969999999999998, 0.023969999999999998, 0.023969999999999998, 0.057762299999999996, 0.057762299999999996, 0.057762299999999996, 0.057762299999999996, 0.0679935, 0.0679935, 0.0679935, 0.0679935, 0.0545547, 0.0545547, 0.0545547, 0.0545547, 0.0272771, 0.0272771, 0.0272771, 0.0272771, 0.0072609, 0.0072609}:
{28, 61, 1.e-7, 1.e-7, 1.e-7, 1.e-7, 0.000051, 0.000051, 0.000051, 0.000051, 0.0019033, 0.0019033, 0.0019033, 0.0019033, 0.0172455, 0.0172455, 0.0172455, 0.0172455, 0.050560499999999994, 0.050560499999999994, 0.050560499999999994, 0.050560499999999994, 0.0671078, 0.0671078, 0.0671078, 0.0671078, 0.060822499999999995, 0.060822499999999995, 0.060822499999999995, 0.060822499999999995, 0.033215299999999996, 0.033215299999999996, 0.033215299999999996, 0.033215299999999996, 0.0089708, 0.0089708}:
{32, 61, 0.0000201, 0.0000201, 0.0000201, 0.0000201, 0.0010092, 0.0010092, 0.0010092, 0.0010092, 0.0119238, 0.0119238, 0.0119238, 0.0119238, 0.0428601, 0.0428601, 0.0428601, 0.0428601, 0.06433849999999999, 0.06433849999999999, 0.06433849999999999, 0.06433849999999999, 0.0657497, 0.0657497, 0.0657497, 0.0657497, 0.0394147, 0.0394147, 0.0394147, 0.0394147, 0.010939899999999999, 0.010939899999999999}:
{32, 61, 7.499999999999999e-6, 7.499999999999999e-6, 7.499999999999999e-6, 7.499999999999999e-6, 0.0005097999999999999, 0.0005097999999999999, 0.0005097999999999999, 0.0005097999999999999, 0.007923, 0.007923, 0.007923, 0.007923, 0.0351866, 0.0351866, 0.0351866, 0.0351866, 0.0599194, 0.0599194, 0.0599194, 0.0599194, 0.0689171, 0.0689171, 0.0689171, 0.0689171, 0.0455789, 0.0455789, 0.0455789, 0.0455789, 0.0131688, 0.0131688}:
{32, 61, 2.7e-6, 2.7e-6, 2.7e-6, 2.7e-6, 0.0002454, 0.0002454, 0.0002454, 0.0002454, 0.0050595, 0.0050595, 0.0050595, 0.0050595, 0.0279761, 0.0279761, 0.0279761, 0.0279761, 0.054208599999999996, 0.054208599999999996, 0.054208599999999996, 0.054208599999999996, 0.0700437, 0.0700437, 0.0700437, 0.0700437, 0.051364299999999995, 0.051364299999999995, 0.051364299999999995, 0.051364299999999995, 0.0156473, 0.0156473}:
{32, 61, 9.e-7, 9.e-7, 9.e-7, 9.e-7, 0.0001125, 0.0001125, 0.0001125, 0.0001125, 0.0031051, 0.0031051, 0.0031051, 0.0031051, 0.021542099999999998, 0.021542099999999998, 0.021542099999999998, 0.021542099999999998, 0.0476407, 0.0476407, 0.0476407, 0.0476407, 0.0690281, 0.0690281, 0.0690281, 0.0690281, 0.0564099, 0.0564099, 0.0564099, 0.0564099, 0.018352399999999998, 0.018352399999999998}:
{32, 61, 3.e-7, 3.e-7, 3.e-7, 3.e-7, 0.0000491, 0.0000491, 0.0000491, 0.0000491, 0.0018314, 0.0018314, 0.0018314, 0.0018314, 0.016065199999999998, 0.016065199999999998, 0.016065199999999998, 0.016065199999999998, 0.0406727, 0.0406727, 0.0406727, 0.0406727, 0.0659632, 0.0659632, 0.0659632, 0.0659632, 0.0603741, 0.0603741, 0.0603741, 0.0603741, 0.021247699999999998, 0.021247699999999998}:
{32, 61, 1.e-7, 1.e-7, 1.e-7, 1.e-7, 0.0000205, 0.0000205, 0.0000205, 0.0000205, 0.0010381, 0.0010381, 0.0010381, 0.0010381, 0.0116035, 0.0116035, 0.0116035, 0.0116035, 0.0337323, 0.0337323, 0.0337323, 0.0337323, 0.061122499999999996, 0.061122499999999996, 0.061122499999999996, 0.061122499999999996, 0.0629728, 0.0629728, 0.0629728, 0.0629728, 0.0242831, 0.0242831}:
{36, 61, 8.1e-6, 8.1e-6, 8.1e-6, 8.1e-6, 0.0005656, 0.0005656, 0.0005656, 0.0005656, 0.0081169, 0.0081169, 0.0081169, 0.0081169, 0.0271777, 0.0271777, 0.0271777, 0.0271777, 0.0549198, 0.0549198, 0.0549198, 0.0549198, 0.0640125, 0.0640125, 0.0640125, 0.0640125, 0.0273951, 0.0273951}:
{36, 61, 3.1e-6, 3.1e-6, 3.1e-6, 3.1e-6, 0.0002961, 0.0002961, 0.0002961, 0.0002961, 0.0054992999999999995, 0.0054992999999999995, 0.0054992999999999995, 0.0054992999999999995, 0.0212719, 0.0212719, 0.0212719, 0.0212719, 0.0478508, 0.0478508, 0.0478508, 0.0478508, 0.063415, 0.063415, 0.063415, 0.063415, 0.030508499999999997, 0.030508499999999997}:
{36, 61, 1.1e-6, 1.1e-6, 1.1e-6, 1.1e-6, 0.000149, 0.000149, 0.000149, 0.000149, 0.0036086, 0.0036086, 0.0036086, 0.0036086, 0.016174499999999998, 0.016174499999999998, 0.016174499999999998, 0.016174499999999998, 0.0404283, 0.0404283, 0.0404283, 0.0404283, 0.0612263, 0.0612263, 0.0612263, 0.0612263, 0.0335393, 0.0335393}:
{36, 61, 6.e-7, 6.e-7, 6.e-7, 6.e-7, 0.0001313, 0.0001313, 0.0001313, 0.0001313, 0.0056045999999999995, 0.0056045999999999995, 0.0056045999999999995, 0.0056045999999999995, 0.0374424, 0.0374424, 0.0374424, 0.0374424, 0.1277375, 0.1277375, 0.1277375, 0.1277375, 0.350734, 0.350734, 0.350734, 0.350734, 0.6290849, 0.6290849}:
{48, 61, 3.2999999999999997e-6, 3.2999999999999997e-6, 3.2999999999999997e-6, 3.2999999999999997e-6, 0.0000398, 0.0000398, 0.0000398, 0.0000398, 0.0016045, 0.0016045, 0.0016045, 0.0016045, 0.1353787, 0.1353787};
>