energy(#adisc)<
@energy = {0, 15, 0.12080199999999999, 0.12080199999999999, 0.12080199999999999, 0.12080199999999999, 0.0045316, 0.0045316, 0.0045316, 0.0045316, 0.0000371, 0.0000371, 0.0000371, 0.0000371, 1.e-7, 1.e-7, 1.e-7, 1.e-7}:
{0, 15, 0.1893, 0.1893, 0.1893, 0.1893, 0.0156368, 0.0156368, 0.0156368, 0.0156368, 0.00021319999999999998, 0.00021319999999999998, 0.00021319999999999998, 0.00021319999999999998, 8.e-7, 8.e-7, 8.e-7, 8.e-7}:
{0, 19, 0.2172825, 0.2172825, 0.2172825, 0.2172825, 0.0408549, 0.0408549, 0.0408549, 0.0408549, 0.0009605, 0.0009605, 0.0009605, 0.0009605, 5.7e-6, 5.7e-6, 5.7e-6, 5.7e-6, 1.e-7, 1.e-7, 1.e-7, 1.e-7}:
{0, 19, 0.1887487, 0.1887487, 0.1887487, 0.1887487, 0.0833959, 0.0833959, 0.0833959, 0.0833959, 0.0034961, 0.0034961, 0.0034961, 0.0034961, 0.0000321, 0.0000321, 0.0000321, 0.0000321, 9.e-7, 9.e-7, 9.e-7, 9.e-7}:
{0, 23, 0.12612399999999999, 0.12612399999999999, 0.12612399999999999, 0.12612399999999999, 0.1351174, 0.1351174, 0.1351174, 0.1351174, 0.0104441, 0.0104441, 0.0104441, 0.0104441, 0.0001518, 0.0001518, 0.0001518, 0.0001518, 4.4e-6, 4.4e-6, 4.4e-6, 4.4e-6, 1.e-7, 1.e-7, 1.e-7, 1.e-7}:
{0, 23, 0.0654323, 0.0654323, 0.0654323, 0.0654323, 0.17534539999999998, 0.17534539999999998, 0.17534539999999998, 0.17534539999999998, 0.025837699999999998, 0.025837699999999998, 0.025837699999999998, 0.025837699999999998, 0.0006076, 0.0006076, 0.0006076, 0.0006076, 0.0000195, 0.0000195, 0.0000195, 0.0000195, 4.e-7, 4.e-7, 4.e-7, 4.e-7}:
{0, 23, 0.0265074, 0.0265074, 0.0265074, 0.0265074, 0.1833042, 0.1833042, 0.1833042, 0.1833042, 0.053233499999999996, 0.053233499999999996, 0.053233499999999996, 0.053233499999999996, 0.0020699, 0.0020699, 0.0020699, 0.0020699, 0.00007709999999999999, 0.00007709999999999999, 0.00007709999999999999, 0.00007709999999999999, 1.8e-6, 1.8e-6, 1.8e-6, 1.8e-6}:
{0, 27, 0.008417299999999999, 0.008417299999999999, 0.008417299999999999, 0.008417299999999999, 0.1549533, 0.1549533, 0.1549533, 0.1549533, 0.09168849999999999, 0.09168849999999999, 0.09168849999999999, 0.09168849999999999, 0.0060241, 0.0060241, 0.0060241, 0.0060241, 0.00027, 0.00027, 0.00027, 0.00027, 7.2e-6, 7.2e-6, 7.2e-6, 7.2e-6, 1.e-7, 1.e-7, 1.e-7, 1.e-7}:
{0, 27, 0.0021005999999999998, 0.0021005999999999998, 0.0021005999999999998, 0.0021005999999999998, 0.1062027, 0.1062027, 0.1062027, 0.1062027, 0.1323742, 0.1323742, 0.1323742, 0.1323742, 0.015017599999999999, 0.015017599999999999, 0.015017599999999999, 0.015017599999999999, 0.0008391, 0.0008391, 0.0008391, 0.0008391, 0.000027, 0.000027, 0.000027, 0.000027, 3.e-7, 3.e-7, 3.e-7, 3.e-7}:
{0, 31, 0.0004127, 0.0004127, 0.0004127, 0.0004127, 0.0591306, 0.0591306, 0.0591306, 0.0591306, 0.1605084, 0.1605084, 0.1605084, 0.1605084, 0.03213, 0.03213, 0.03213, 0.03213, 0.0023187, 0.0023187, 0.0023187, 0.0023187, 0.00009109999999999999, 0.00009109999999999999, 0.00009109999999999999, 0.00009109999999999999, 1.2999999999999998e-6, 1.2999999999999998e-6, 1.2999999999999998e-6, 1.2999999999999998e-6, 1.e-7, 1.e-7, 1.e-7, 1.e-7}:
{0, 31, 0.0000639, 0.0000639, 0.0000639, 0.0000639, 0.026782499999999997, 0.026782499999999997, 0.026782499999999997, 0.026782499999999997, 0.1636943, 0.1636943, 0.1636943, 0.1636943, 0.059082499999999996, 0.059082499999999996, 0.059082499999999996, 0.059082499999999996, 0.0057068, 0.0057068, 0.0057068, 0.0057068, 0.0002789, 0.0002789, 0.0002789, 0.0002789, 4.9999999999999996e-6, 4.9999999999999996e-6, 4.9999999999999996e-6, 4.9999999999999996e-6, 5.e-7, 5.e-7, 5.e-7, 5.e-7}:
{0, 31, 7.8e-6, 7.8e-6, 7.8e-6, 7.8e-6, 0.0098791, 0.0098791, 0.0098791, 0.0098791, 0.1405718, 0.1405718, 0.1405718, 0.1405718, 0.09348469999999999, 0.09348469999999999, 0.09348469999999999, 0.09348469999999999, 0.0125239, 0.0125239, 0.0125239, 0.0125239, 0.0007752999999999999, 0.0007752999999999999, 0.0007752999999999999, 0.0007752999999999999, 0.0000173, 0.0000173, 0.0000173, 0.0000173, 1.6999999999999998e-6, 1.6999999999999998e-6, 1.6999999999999998e-6, 1.6999999999999998e-6}:
{0, 37, 8.e-7, 8.e-7, 8.e-7, 8.e-7, 0.0029701, 0.0029701, 0.0029701, 0.0029701, 0.10173549999999999, 0.10173549999999999, 0.10173549999999999, 0.10173549999999999, 0.1273917, 0.1273917, 0.1273917, 0.1273917, 0.0245288, 0.0245288, 0.0245288, 0.0245288, 0.0019581, 0.0019581, 0.0019581, 0.0019581, 0.0000555, 0.0000555, 0.0000555, 0.0000555, 5.6e-6, 5.6e-6, 5.6e-6, 5.6e-6, 1.e-7, 1.e-7, 1.e-7, 1.e-7, 0, 0}:
{0, 37, 1.e-7, 1.e-7, 1.e-7, 1.e-7, 0.0007283, 0.0007283, 0.0007283, 0.0007283, 0.062095399999999995, 0.062095399999999995, 0.062095399999999995, 0.062095399999999995, 0.1496137, 0.1496137, 0.1496137, 0.1496137, 0.042904899999999996, 0.042904899999999996, 0.042904899999999996, 0.042904899999999996, 0.0044972, 0.0044972, 0.0044972, 0.0044972, 0.0001634, 0.0001634, 0.0001634, 0.0001634, 0.0000167, 0.0000167, 0.0000167, 0.0000167, 5.e-7, 5.e-7, 5.e-7, 5.e-7, 0, 0}:
{4, 45, 0.0001457, 0.0001457, 0.0001457, 0.0001457, 0.0319816, 0.0319816, 0.0319816, 0.0319816, 0.1515243, 0.1515243, 0.1515243, 0.1515243, 0.06706379999999999, 0.06706379999999999, 0.06706379999999999, 0.06706379999999999, 0.009398, 0.009398, 0.009398, 0.009398, 0.00044239999999999997, 0.00044239999999999997, 0.00044239999999999997, 0.00044239999999999997, 0.0000468, 0.0000468, 0.0000468, 0.0000468, 1.6e-6, 1.6e-6, 1.6e-6, 1.6e-6, 1.e-7, 1.e-7, 1.e-7, 1.e-7, 1.e-7, 1.e-7, 1.e-7, 1.e-7, 0, 0}:
{4, 45, 0.0000238, 0.0000238, 0.0000238, 0.0000238, 0.013905599999999999, 0.013905599999999999, 0.013905599999999999, 0.013905599999999999, 0.1323975, 0.1323975, 0.1323975, 0.1323975, 0.0937189, 0.0937189, 0.0937189, 0.0937189, 0.0178783, 0.0178783, 0.0178783, 0.0178783, 0.0011022999999999999, 0.0011022999999999999, 0.0011022999999999999, 0.0011022999999999999, 0.0001229, 0.0001229, 0.0001229, 0.0001229, 4.9e-6, 4.9e-6, 4.9e-6, 4.9e-6, 4.e-7, 4.e-7, 4.e-7, 4.e-7, 3.e-7, 3.e-7, 3.e-7, 3.e-7, 0, 0}:
{4, 45, 3.2e-6, 3.2e-6, 3.2e-6, 3.2e-6, 0.0051061, 0.0051061, 0.0051061, 0.0051061, 0.0998468, 0.0998468, 0.0998468, 0.0998468, 0.1171383, 0.1171383, 0.1171383, 0.1171383, 0.0309733, 0.0309733, 0.0309733, 0.0309733, 0.0025280999999999997, 0.0025280999999999997, 0.0025280999999999997, 0.0025280999999999997, 0.0003024, 0.0003024, 0.0003024, 0.0003024, 0.000013899999999999999, 0.000013899999999999999, 0.000013899999999999999, 0.000013899999999999999, 1.1e-6, 1.1e-6, 1.1e-6, 1.1e-6, 8.e-7, 8.e-7, 8.e-7, 8.e-7, 0, 0}:
{4, 49, 3.e-7, 3.e-7, 3.e-7, 3.e-7, 0.0015838999999999998, 0.0015838999999999998, 0.0015838999999999998, 0.0015838999999999998, 0.065011, 0.065011, 0.065011, 0.065011, 0.1309933, 0.1309933, 0.1309933, 0.1309933, 0.0488839, 0.0488839, 0.0488839, 0.0488839, 0.0053389, 0.0053389, 0.0053389, 0.0053389, 0.0006964, 0.0006964, 0.0006964, 0.0006964, 0.0000371, 0.0000371, 0.0000371, 0.0000371, 3.1e-6, 3.1e-6, 3.1e-6, 3.1e-6, 2.e-6, 2.e-6, 2.e-6, 2.e-6, 1.e-7, 1.e-7, 1.e-7, 1.e-7, 0, 0}:
{8, 49, 0.0004151, 0.0004151, 0.0004151, 0.0004151, 0.0365558, 0.0365558, 0.0365558, 0.0365558, 0.1310998, 0.1310998, 0.1310998, 0.1310998, 0.0703051, 0.0703051, 0.0703051, 0.0703051, 0.010385, 0.010385, 0.010385, 0.010385, 0.0015023, 0.0015023, 0.0015023, 0.0015023, 0.00009379999999999999, 0.00009379999999999999, 0.00009379999999999999, 0.00009379999999999999, 8.3e-6, 8.3e-6, 8.3e-6, 8.3e-6, 4.8e-6, 4.8e-6, 4.8e-6, 4.8e-6, 2.e-7, 2.e-7, 2.e-7, 2.e-7, 0, 0}:
{8, 53, 0.000092, 0.000092, 0.000092, 0.000092, 0.017755899999999998, 0.017755899999999998, 0.017755899999999998, 0.017755899999999998, 0.11745299999999999, 0.11745299999999999, 0.11745299999999999, 0.11745299999999999, 0.0921632, 0.0921632, 0.0921632, 0.0921632, 0.018610599999999998, 0.018610599999999998, 0.018610599999999998, 0.018610599999999998, 0.0030369, 0.0030369, 0.0030369, 0.0030369, 0.00022339999999999998, 0.00022339999999999998, 0.00022339999999999998, 0.00022339999999999998, 0.000020799999999999997, 0.000020799999999999997, 0.000020799999999999997, 0.000020799999999999997, 0.000010899999999999999, 0.000010899999999999999, 0.000010899999999999999, 0.000010899999999999999, 5.e-7, 5.e-7, 5.e-7, 5.e-7, 1.e-7, 1.e-7, 1.e-7, 1.e-7, 0, 0}:
{8, 57, 0.000017199999999999998, 0.000017199999999999998, 0.000017199999999999998, 0.000017199999999999998, 0.0074512, 0.0074512, 0.0074512, 0.0074512, 0.0942162, 0.0942162, 0.0942162, 0.0942162, 0.11014639999999999, 0.11014639999999999, 0.11014639999999999, 0.11014639999999999, 0.030733499999999997, 0.030733499999999997, 0.030733499999999997, 0.030733499999999997, 0.0057535, 0.0057535, 0.0057535, 0.0057535, 0.0005017999999999999, 0.0005017999999999999, 0.0005017999999999999, 0.0005017999999999999, 0.000049999999999999996, 0.000049999999999999996, 0.000049999999999999996, 0.000049999999999999996, 0.000023899999999999998, 0.000023899999999999998, 0.000023899999999999998, 0.000023899999999999998, 1.2e-6, 1.2e-6, 1.2e-6, 1.2e-6, 2.e-7, 2.e-7, 2.e-7, 2.e-7, 1.e-7, 1.e-7, 1.e-7, 1.e-7, 0, 0}:
{8, 57, 2.7e-6, 2.7e-6, 2.7e-6, 2.7e-6, 0.002702, 0.002702, 0.002702, 0.002702, 0.06768099999999999, 0.06768099999999999, 0.06768099999999999, 0.06768099999999999, 0.1200344, 0.1200344, 0.1200344, 0.1200344, 0.0467777, 0.0467777, 0.0467777, 0.0467777, 0.0102172, 0.0102172, 0.0102172, 0.0102172, 0.0010632, 0.0010632, 0.0010632, 0.0010632, 0.0001142, 0.0001142, 0.0001142, 0.0001142, 0.0000504, 0.0000504, 0.0000504, 0.0000504, 2.8e-6, 2.8e-6, 2.8e-6, 2.8e-6, 4.e-7, 4.e-7, 4.e-7, 4.e-7, 2.e-7, 2.e-7, 2.e-7, 2.e-7, 0, 0}:
{8, 61, 4.e-7, 4.e-7, 4.e-7, 4.e-7, 0.0008468, 0.0008468, 0.0008468, 0.0008468, 0.0435466, 0.0435466, 0.0435466, 0.0435466, 0.1192982, 0.1192982, 0.1192982, 0.1192982, 0.0656316, 0.0656316, 0.0656316, 0.0656316, 0.0170101, 0.0170101, 0.0170101, 0.0170101, 0.0021248, 0.0021248, 0.0021248, 0.0021248, 0.00024839999999999997, 0.00024839999999999997, 0.00024839999999999997, 0.00024839999999999997, 0.0001025, 0.0001025, 0.0001025, 0.0001025, 6.3e-6, 6.3e-6, 6.3e-6, 6.3e-6, 9.e-7, 9.e-7, 9.e-7, 9.e-7, 3.e-7, 3.e-7, 3.e-7, 3.e-7, 1.e-7, 1.e-7, 1.e-7, 1.e-7, 4.8e-6, 4.8e-6}:
{12, 61, 0.0002294, 0.0002294, 0.0002294, 0.0002294, 0.0250985, 0.0250985, 0.0250985, 0.0250985, 0.10814739999999999, 0.10814739999999999, 0.10814739999999999, 0.10814739999999999, 0.0848978, 0.0848978, 0.0848978, 0.0848978, 0.026553499999999997, 0.026553499999999997, 0.026553499999999997, 0.026553499999999997, 0.0040063, 0.0040063, 0.0040063, 0.0040063, 0.0005145999999999999, 0.0005145999999999999, 0.0005145999999999999, 0.0005145999999999999, 0.0002008, 0.0002008, 0.0002008, 0.0002008, 0.0000138, 0.0000138, 0.0000138, 0.0000138, 2.e-6, 2.e-6, 2.e-6, 2.e-6, 7.e-7, 7.e-7, 7.e-7, 7.e-7, 1.e-7, 1.e-7, 1.e-7, 1.e-7, 7.1e-6, 7.1e-6}:
{12, 61, 0.0000537, 0.0000537, 0.0000537, 0.0000537, 0.0129599, 0.0129599, 0.0129599, 0.0129599, 0.0894349, 0.0894349, 0.0894349, 0.0894349, 0.10126149999999999, 0.10126149999999999, 0.10126149999999999, 0.10126149999999999, 0.0388714, 0.0388714, 0.0388714, 0.0388714, 0.0071278999999999995, 0.0071278999999999995, 0.0071278999999999995, 0.0071278999999999995, 0.0010156, 0.0010156, 0.0010156, 0.0010156, 0.0003794, 0.0003794, 0.0003794, 0.0003794, 0.000029199999999999998, 0.000029199999999999998, 0.000029199999999999998, 0.000029199999999999998, 4.4e-6, 4.4e-6, 4.4e-6, 4.4e-6, 1.6e-6, 1.6e-6, 1.6e-6, 1.6e-6, 3.e-7, 3.e-7, 3.e-7, 3.e-7, 0.000010399999999999999, 0.000010399999999999999}:
{12, 61, 0.000010899999999999999, 0.000010899999999999999, 0.000010899999999999999, 0.000010899999999999999, 0.005996, 0.005996, 0.005996, 0.005996, 0.0674768, 0.0674768, 0.0674768, 0.0674768, 0.11137949999999999, 0.11137949999999999, 0.11137949999999999, 0.11137949999999999, 0.053368099999999995, 0.053368099999999995, 0.053368099999999995, 0.053368099999999995, 0.011967799999999999, 0.011967799999999999, 0.011967799999999999, 0.011967799999999999, 0.0019092999999999998, 0.0019092999999999998, 0.0019092999999999998, 0.0019092999999999998, 0.0006910999999999999, 0.0006910999999999999, 0.0006910999999999999, 0.0006910999999999999, 0.000059499999999999996, 0.000059499999999999996, 0.000059499999999999996, 0.000059499999999999996, 9.299999999999999e-6, 9.299999999999999e-6, 9.299999999999999e-6, 9.299999999999999e-6, 3.2e-6, 3.2e-6, 3.2e-6, 3.2e-6, 5.e-7, 5.e-7, 5.e-7, 5.e-7, 0.000014999999999999999, 0.000014999999999999999}:
{12, 61, 1.9e-6, 1.9e-6, 1.9e-6, 1.9e-6, 0.0024858, 0.0024858, 0.0024858, 0.0024858, 0.0464517, 0.0464517, 0.0464517, 0.0464517, 0.11298549999999999, 0.11298549999999999, 0.11298549999999999, 0.11298549999999999, 0.0687258, 0.0687258, 0.0687258, 0.0687258, 0.018964699999999998, 0.018964699999999998, 0.018964699999999998, 0.018964699999999998, 0.0034194, 0.0034194, 0.0034194, 0.0034194, 0.0012139, 0.0012139, 0.0012139, 0.0012139, 0.00011719999999999999, 0.00011719999999999999, 0.00011719999999999999, 0.00011719999999999999, 0.000018999999999999998, 0.000018999999999999998, 0.000018999999999999998, 0.000018999999999999998, 6.4e-6, 6.4e-6, 6.4e-6, 6.4e-6, 1.1e-6, 1.1e-6, 1.1e-6, 1.1e-6, 0.000021499999999999997, 0.000021499999999999997}:
{12, 61, 3.e-7, 3.e-7, 3.e-7, 3.e-7, 0.0009235, 0.0009235, 0.0009235, 0.0009235, 0.029179999999999998, 0.029179999999999998, 0.029179999999999998, 0.029179999999999998, 0.1057148, 0.1057148, 0.1057148, 0.1057148, 0.08302, 0.08302, 0.08302, 0.08302, 0.028365599999999998, 0.028365599999999998, 0.028365599999999998, 0.028365599999999998, 0.0058344, 0.0058344, 0.0058344, 0.0058344, 0.0020561, 0.0020561, 0.0020561, 0.0020561, 0.000223, 0.000223, 0.000223, 0.000223, 0.0000376, 0.0000376, 0.0000376, 0.0000376, 0.0000126, 0.0000126, 0.0000126, 0.0000126, 2.2e-6, 2.2e-6, 2.2e-6, 2.2e-6, 0.0000305, 0.0000305}:
{16, 61, 0.0003075, 0.0003075, 0.0003075, 0.0003075, 0.016727799999999998, 0.016727799999999998, 0.016727799999999998, 0.016727799999999998, 0.0912388, 0.0912388, 0.0912388, 0.0912388, 0.0940821, 0.0940821, 0.0940821, 0.0940821, 0.040049, 0.040049, 0.040049, 0.040049, 0.0094856, 0.0094856, 0.0094856, 0.0094856, 0.0033587, 0.0033587, 0.0033587, 0.0033587, 0.0004103, 0.0004103, 0.0004103, 0.0004103, 0.0000723, 0.0000723, 0.0000723, 0.0000723, 0.000024, 0.000024, 0.000024, 0.000024, 4.4e-6, 4.4e-6, 4.4e-6, 4.4e-6, 0.0000429, 0.0000429}:
{16, 61, 0.0000918, 0.0000918, 0.0000918, 0.0000918, 0.0087517, 0.0087517, 0.0087517, 0.0087517, 0.0726415, 0.0726415, 0.0726415, 0.0726415, 0.10002839999999999, 0.10002839999999999, 0.10002839999999999, 0.10002839999999999, 0.053379499999999996, 0.053379499999999996, 0.053379499999999996, 0.053379499999999996, 0.014695199999999999, 0.014695199999999999, 0.014695199999999999, 0.014695199999999999, 0.0052917, 0.0052917, 0.0052917, 0.0052917, 0.0007295, 0.0007295, 0.0007295, 0.0007295, 0.0001351, 0.0001351, 0.0001351, 0.0001351, 0.0000445, 0.0000445, 0.0000445, 0.0000445, 8.4e-6, 8.4e-6, 8.4e-6, 8.4e-6, 0.0000599, 0.0000599}:
{16, 61, 0.0000245, 0.0000245, 0.0000245, 0.0000245, 0.0041791, 0.0041791, 0.0041791, 0.0041791, 0.053355599999999996, 0.053355599999999996, 0.053355599999999996, 0.053355599999999996, 0.0997841, 0.0997841, 0.0997841, 0.0997841, 0.06716939999999999, 0.06716939999999999, 0.06716939999999999, 0.06716939999999999, 0.0216951, 0.0216951, 0.0216951, 0.0216951, 0.0080418, 0.0080418, 0.0080418, 0.0080418, 0.0012534999999999998, 0.0012534999999999998, 0.0012534999999999998, 0.0012534999999999998, 0.0002447, 0.0002447, 0.0002447, 0.0002447, 0.0000806, 0.0000806, 0.0000806, 0.0000806, 0.000015799999999999998, 0.000015799999999999998, 0.000015799999999999998, 0.000015799999999999998, 0.00008269999999999999, 0.00008269999999999999}:
{16, 61, 5.899999999999999e-6, 5.899999999999999e-6, 5.899999999999999e-6, 5.899999999999999e-6, 0.0018214, 0.0018214, 0.0018214, 0.0018214, 0.0361569, 0.0361569, 0.0361569, 0.0361569, 0.0934, 0.0934, 0.0934, 0.0934, 0.0798009, 0.0798009, 0.0798009, 0.0798009, 0.030524299999999997, 0.030524299999999997, 0.030524299999999997, 0.030524299999999997, 0.0117886, 0.0117886, 0.0117886, 0.0117886, 0.0020816999999999997, 0.0020816999999999997, 0.0020816999999999997, 0.0020816999999999997, 0.0004302, 0.0004302, 0.0004302, 0.0004302, 0.0001422, 0.0001422, 0.0001422, 0.0001422, 0.000028899999999999998, 0.000028899999999999998, 0.000028899999999999998, 0.000028899999999999998, 0.00011339999999999999, 0.00011339999999999999}:
{16, 61, 1.2999999999999998e-6, 1.2999999999999998e-6, 1.2999999999999998e-6, 1.2999999999999998e-6, 0.0007245999999999999, 0.0007245999999999999, 0.0007245999999999999, 0.0007245999999999999, 0.0226068, 0.0226068, 0.0226068, 0.0226068, 0.0820359, 0.0820359, 0.0820359, 0.0820359, 0.0895174, 0.0895174, 0.0895174, 0.0895174, 0.0409311, 0.0409311, 0.0409311, 0.0409311, 0.0166706, 0.0166706, 0.0166706, 0.0166706, 0.0033418, 0.0033418, 0.0033418, 0.0033418, 0.000734, 0.000734, 0.000734, 0.000734, 0.0002446, 0.0002446, 0.0002446, 0.0002446, 0.000051699999999999996, 0.000051699999999999996, 0.000051699999999999996, 0.000051699999999999996, 0.000154, 0.000154}:
{16, 61, 2.e-7, 2.e-7, 2.e-7, 2.e-7, 0.0002632, 0.0002632, 0.0002632, 0.0002632, 0.0130421, 0.0130421, 0.0130421, 0.0130421, 0.0676167, 0.0676167, 0.0676167, 0.0676167, 0.0948184, 0.0948184, 0.0948184, 0.0948184, 0.0523127, 0.0523127, 0.0523127, 0.0523127, 0.022742599999999998, 0.022742599999999998, 0.022742599999999998, 0.022742599999999998, 0.005185599999999999, 0.005185599999999999, 0.005185599999999999, 0.005185599999999999, 0.0012154, 0.0012154, 0.0012154, 0.0012154, 0.0004102, 0.0004102, 0.0004102, 0.0004102, 0.00009049999999999999, 0.00009049999999999999, 0.00009049999999999999, 0.00009049999999999999, 0.0002073, 0.0002073}:
{20, 61, 0.00008719999999999999, 0.00008719999999999999, 0.00008719999999999999, 0.00008719999999999999, 0.0069428, 0.0069428, 0.0069428, 0.0069428, 0.052301799999999996, 0.052301799999999996, 0.052301799999999996, 0.052301799999999996, 0.0948381, 0.0948381, 0.0948381, 0.0948381, 0.06372749999999999, 0.06372749999999999, 0.06372749999999999, 0.06372749999999999, 0.0299328, 0.0299328, 0.0299328, 0.0299328, 0.0077786999999999995, 0.0077786999999999995, 0.0077786999999999995, 0.0077786999999999995, 0.0019533, 0.0019533, 0.0019533, 0.0019533, 0.0006705999999999999, 0.0006705999999999999, 0.0006705999999999999, 0.0006705999999999999, 0.0001546, 0.0001546, 0.0001546, 0.0001546, 0.0002768, 0.0002768}:
{20, 61, 0.000026399999999999998, 0.000026399999999999998, 0.000026399999999999998, 0.000026399999999999998, 0.0034105, 0.0034105, 0.0034105, 0.0034105, 0.037967299999999995, 0.037967299999999995, 0.037967299999999995, 0.037967299999999995, 0.08957709999999999, 0.08957709999999999, 0.08957709999999999, 0.08957709999999999, 0.0739999, 0.0739999, 0.0739999, 0.0739999, 0.0380097, 0.0380097, 0.0380097, 0.0380097, 0.0112803, 0.0112803, 0.0112803, 0.0112803, 0.0030467999999999997, 0.0030467999999999997, 0.0030467999999999997, 0.0030467999999999997, 0.0010688, 0.0010688, 0.0010688, 0.0010688, 0.0002581, 0.0002581, 0.0002581, 0.0002581, 0.00036639999999999996, 0.00036639999999999996}:
{20, 61, 7.2999999999999996e-6, 7.2999999999999996e-6, 7.2999999999999996e-6, 7.2999999999999996e-6, 0.0015459999999999998, 0.0015459999999999998, 0.0015459999999999998, 0.0015459999999999998, 0.0258673, 0.0258673, 0.0258673, 0.0258673, 0.0799009, 0.0799009, 0.0799009, 0.0799009, 0.0819099, 0.0819099, 0.0819099, 0.0819099, 0.046569099999999995, 0.046569099999999995, 0.046569099999999995, 0.046569099999999995, 0.015814599999999998, 0.015814599999999998, 0.015814599999999998, 0.015814599999999998, 0.004613, 0.004613, 0.004613, 0.004613, 0.0016607999999999998, 0.0016607999999999998, 0.0016607999999999998, 0.0016607999999999998, 0.000421, 0.000421, 0.000421, 0.000421, 0.0004808, 0.0004808}:
{20, 61, 1.8e-6, 1.8e-6, 1.8e-6, 1.8e-6, 0.0006466999999999999, 0.0006466999999999999, 0.0006466999999999999, 0.0006466999999999999, 0.016540799999999998, 0.016540799999999998, 0.016540799999999998, 0.016540799999999998, 0.0673074, 0.0673074, 0.0673074, 0.0673074, 0.0864288, 0.0864288, 0.0864288, 0.0864288, 0.0550519, 0.0550519, 0.0550519, 0.0550519, 0.0214355, 0.0214355, 0.0214355, 0.0214355, 0.0067795, 0.0067795, 0.0067795, 0.0067795, 0.0025161, 0.0025161, 0.0025161, 0.0025161, 0.0006711, 0.0006711, 0.0006711, 0.0006711, 0.0006257, 0.0006257}:
{20, 61, 4.e-7, 4.e-7, 4.e-7, 4.e-7, 0.0002497, 0.0002497, 0.0002497, 0.0002497, 0.0099274, 0.0099274, 0.0099274, 0.0099274, 0.053548099999999994, 0.053548099999999994, 0.053548099999999994, 0.053548099999999994, 0.0869385, 0.0869385, 0.0869385, 0.0869385, 0.0627961, 0.0627961, 0.0627961, 0.0627961, 0.0280906, 0.0280906, 0.0280906, 0.0280906, 0.0096715, 0.0096715, 0.0096715, 0.0096715, 0.0037164999999999998, 0.0037164999999999998, 0.0037164999999999998, 0.0037164999999999998, 0.0010452, 0.0010452, 0.0010452, 0.0010452, 0.0008072999999999999, 0.0008072999999999999}:
{20, 61, 1.e-7, 1.e-7, 1.e-7, 1.e-7, 0.000089, 0.000089, 0.000089, 0.000089, 0.005592499999999999, 0.005592499999999999, 0.005592499999999999, 0.005592499999999999, 0.0402355, 0.0402355, 0.0402355, 0.0402355, 0.08337019999999999, 0.08337019999999999, 0.08337019999999999, 0.08337019999999999, 0.06911819999999999, 0.06911819999999999, 0.06911819999999999, 0.06911819999999999, 0.0355922, 0.0355922, 0.0355922, 0.0355922, 0.013393599999999999, 0.013393599999999999, 0.013393599999999999, 0.013393599999999999, 0.0053527, 0.0053527, 0.0053527, 0.0053527, 0.0015907, 0.0015907, 0.0015907, 0.0015907, 0.0010329, 0.0010329}:
{24, 61, 0.000029299999999999997, 0.000029299999999999997, 0.000029299999999999997, 0.000029299999999999997, 0.0029571999999999997, 0.0029571999999999997, 0.0029571999999999997, 0.0029571999999999997, 0.0285542, 0.0285542, 0.0285542, 0.0285542, 0.0762197, 0.0762197, 0.0762197, 0.0762197, 0.0734116, 0.0734116, 0.0734116, 0.0734116, 0.0436041, 0.0436041, 0.0436041, 0.0436041, 0.0180059, 0.0180059, 0.0180059, 0.0180059, 0.007516999999999999, 0.007516999999999999, 0.007516999999999999, 0.007516999999999999, 0.0023658, 0.0023658, 0.0023658, 0.0023658, 0.0013104, 0.0013104}:
{24, 61, 8.9e-6, 8.9e-6, 8.9e-6, 8.9e-6, 0.0014678, 0.0014678, 0.0014678, 0.0014678, 0.019139899999999998, 0.019139899999999998, 0.019139899999999998, 0.019139899999999998, 0.0664343, 0.0664343, 0.0664343, 0.0664343, 0.075242, 0.075242, 0.075242, 0.075242, 0.0516524, 0.0516524, 0.0516524, 0.0516524, 0.0234995, 0.0234995, 0.0234995, 0.0234995, 0.0102936, 0.0102936, 0.0102936, 0.0102936, 0.0034381999999999998, 0.0034381999999999998, 0.0034381999999999998, 0.0034381999999999998, 0.0016487, 0.0016487}:
{24, 61, 2.4999999999999998e-6, 2.4999999999999998e-6, 2.4999999999999998e-6, 2.4999999999999998e-6, 0.0006839, 0.0006839, 0.0006839, 0.0006839, 0.0121179, 0.0121179, 0.0121179, 0.0121179, 0.0552074, 0.0552074, 0.0552074, 0.0552074, 0.0744201, 0.0744201, 0.0744201, 0.0744201, 0.0591636, 0.0591636, 0.0591636, 0.0591636, 0.029774, 0.029774, 0.029774, 0.029774, 0.0137451, 0.0137451, 0.0137451, 0.0137451, 0.004883, 0.004883, 0.004883, 0.004883, 0.002057, 0.002057}:
{24, 61, 6.e-7, 6.e-7, 6.e-7, 6.e-7, 0.0002991, 0.0002991, 0.0002991, 0.0002991, 0.0072467, 0.0072467, 0.0072467, 0.0072467, 0.0437413, 0.0437413, 0.0437413, 0.0437413, 0.0710338, 0.0710338, 0.0710338, 0.0710338, 0.0655285, 0.0655285, 0.0655285, 0.0655285, 0.0366238, 0.0366238, 0.0366238, 0.0366238, 0.0178976, 0.0178976, 0.0178976, 0.0178976, 0.0067773, 0.0067773, 0.0067773, 0.0067773, 0.0025452, 0.0025452}:
{24, 61, 2.e-7, 2.e-7, 2.e-7, 2.e-7, 0.0001228, 0.0001228, 0.0001228, 0.0001228, 0.0040935, 0.0040935, 0.0040935, 0.0040935, 0.0330434, 0.0330434, 0.0330434, 0.0330434, 0.0654326, 0.0654326, 0.0654326, 0.0654326, 0.0701821, 0.0701821, 0.0701821, 0.0701821, 0.043736699999999996, 0.043736699999999996, 0.043736699999999996, 0.043736699999999996, 0.022725799999999997, 0.022725799999999997, 0.022725799999999997, 0.022725799999999997, 0.0091927, 0.0091927, 0.0091927, 0.0091927, 0.0031230999999999997, 0.0031230999999999997}:
{28, 61, 0.0000473, 0.0000473, 0.0000473, 0.0000473, 0.0021842, 0.0021842, 0.0021842, 0.0021842, 0.0238005, 0.0238005, 0.0238005, 0.0238005, 0.058168199999999996, 0.058168199999999996, 0.058168199999999996, 0.058168199999999996, 0.0726863, 0.0726863, 0.0726863, 0.0726863, 0.050709899999999995, 0.050709899999999995, 0.050709899999999995, 0.050709899999999995, 0.0281405, 0.0281405, 0.0281405, 0.0281405, 0.012185999999999999, 0.012185999999999999, 0.012185999999999999, 0.012185999999999999, 0.0038006999999999997, 0.0038006999999999997}:
{28, 61, 0.0000171, 0.0000171, 0.0000171, 0.0000171, 0.0011009, 0.0011009, 0.0011009, 0.0011009, 0.016345699999999998, 0.016345699999999998, 0.016345699999999998, 0.016345699999999998, 0.0499055, 0.0499055, 0.0499055, 0.0499055, 0.0727975, 0.0727975, 0.0727975, 0.0727975, 0.0570839, 0.0570839, 0.0570839, 0.0570839, 0.0339813, 0.0339813, 0.0339813, 0.0339813, 0.0157875, 0.0157875, 0.0157875, 0.0157875, 0.0045871, 0.0045871}:
{28, 61, 5.7999999999999995e-6, 5.7999999999999995e-6, 5.7999999999999995e-6, 5.7999999999999995e-6, 0.0005241, 0.0005241, 0.0005241, 0.0005241, 0.010704, 0.010704, 0.010704, 0.010704, 0.041322899999999996, 0.041322899999999996, 0.041322899999999996, 0.041322899999999996, 0.0705061, 0.0705061, 0.0705061, 0.0705061, 0.0623901, 0.0623901, 0.0623901, 0.0623901, 0.0400175, 0.0400175, 0.0400175, 0.0400175, 0.019989899999999998, 0.019989899999999998, 0.019989899999999998, 0.019989899999999998, 0.005490699999999999, 0.005490699999999999}:
{28, 61, 1.9e-6, 1.9e-6, 1.9e-6, 1.9e-6, 0.00023569999999999998, 0.00023569999999999998, 0.00023569999999999998, 0.00023569999999999998, 0.0066837, 0.0066837, 0.0066837, 0.0066837, 0.0330231, 0.0330231, 0.0330231, 0.0330231, 0.0660373, 0.0660373, 0.0660373, 0.0660373, 0.0662074, 0.0662074, 0.0662074, 0.0662074, 0.0459589, 0.0459589, 0.0459589, 0.0459589, 0.0247376, 0.0247376, 0.0247376, 0.0247376, 0.0065184, 0.0065184}:
{28, 61, 6.e-7, 6.e-7, 6.e-7, 6.e-7, 0.0001002, 0.0001002, 0.0001002, 0.0001002, 0.0039794999999999995, 0.0039794999999999995, 0.0039794999999999995, 0.0039794999999999995, 0.0254706, 0.0254706, 0.0254706, 0.0254706, 0.059815299999999995, 0.059815299999999995, 0.059815299999999995, 0.059815299999999995, 0.0682169, 0.0682169, 0.0682169, 0.0682169, 0.051476299999999996, 0.051476299999999996, 0.051476299999999996, 0.051476299999999996, 0.029920199999999997, 0.029920199999999997, 0.029920199999999997, 0.029920199999999997, 0.0076752, 0.0076752}:
{28, 61, 2.e-7, 2.e-7, 2.e-7, 2.e-7, 0.0000402, 0.0000402, 0.0000402, 0.0000402, 0.0022593, 0.0022593, 0.0022593, 0.0022593, 0.018961, 0.018961, 0.018961, 0.018961, 0.052396399999999996, 0.052396399999999996, 0.052396399999999996, 0.052396399999999996, 0.0682465, 0.0682465, 0.0682465, 0.0682465, 0.0562301, 0.0562301, 0.0562301, 0.0562301, 0.03537, 0.03537, 0.03537, 0.03537, 0.0089634, 0.0089634}:
{32, 61, 0.0000152, 0.0000152, 0.0000152, 0.0000152, 0.0012232, 0.0012232, 0.0012232, 0.0012232, 0.013623399999999999, 0.013623399999999999, 0.013623399999999999, 0.013623399999999999, 0.0443878, 0.0443878, 0.0443878, 0.0443878, 0.0662943, 0.0662943, 0.0662943, 0.0662943, 0.059904599999999995, 0.059904599999999995, 0.059904599999999995, 0.059904599999999995, 0.0408675, 0.0408675, 0.0408675, 0.0408675, 0.0103824, 0.0103824}:
{32, 61, 5.5e-6, 5.5e-6, 5.5e-6, 5.5e-6, 0.0006315, 0.0006315, 0.0006315, 0.0006315, 0.0094477, 0.0094477, 0.0094477, 0.0094477, 0.0363667, 0.0363667, 0.0363667, 0.0363667, 0.0625297, 0.0625297, 0.0625297, 0.0625297, 0.062242399999999996, 0.062242399999999996, 0.062242399999999996, 0.062242399999999996, 0.0461528, 0.0461528, 0.0461528, 0.0461528, 0.011928099999999999, 0.011928099999999999}:
{32, 61, 1.8e-6, 1.8e-6, 1.8e-6, 1.8e-6, 0.00031089999999999997, 0.00031089999999999997, 0.00031089999999999997, 0.00031089999999999997, 0.0063238, 0.0063238, 0.0063238, 0.0063238, 0.0288156, 0.0288156, 0.0288156, 0.0288156, 0.0572685, 0.0572685, 0.0572685, 0.0572685, 0.0630746, 0.0630746, 0.0630746, 0.0630746, 0.0509448, 0.0509448, 0.0509448, 0.0509448, 0.013592499999999999, 0.013592499999999999}:
{32, 61, 6.e-7, 6.e-7, 6.e-7, 6.e-7, 0.0001459, 0.0001459, 0.0001459, 0.0001459, 0.0040856, 0.0040856, 0.0040856, 0.0040856, 0.0220821, 0.0220821, 0.0220821, 0.0220821, 0.0509296, 0.0509296, 0.0509296, 0.0509296, 0.0623402, 0.0623402, 0.0623402, 0.0623402, 0.0549654, 0.0549654, 0.0549654, 0.0549654, 0.0153633, 0.0153633}:
{32, 61, 2.e-7, 2.e-7, 2.e-7, 2.e-7, 0.0000653, 0.0000653, 0.0000653, 0.0000653, 0.0025478, 0.0025478, 0.0025478, 0.0025478, 0.0163662, 0.0163662, 0.0163662, 0.0163662, 0.0439798, 0.0439798, 0.0439798, 0.0439798, 0.0600944, 0.0600944, 0.0600944, 0.0600944, 0.0579658, 0.0579658, 0.0579658, 0.0579658, 0.017224, 0.017224}:
{32, 61, 1.e-7, 1.e-7, 1.e-7, 1.e-7, 0.000027899999999999997, 0.000027899999999999997, 0.000027899999999999997, 0.000027899999999999997, 0.0015335, 0.0015335, 0.0015335, 0.0015335, 0.011731499999999999, 0.011731499999999999, 0.011731499999999999, 0.011731499999999999, 0.036878299999999996, 0.036878299999999996, 0.036878299999999996, 0.036878299999999996, 0.0565008, 0.0565008, 0.0565008, 0.0565008, 0.0597519, 0.0597519, 0.0597519, 0.0597519, 0.0191538, 0.0191538}:
{36, 61, 0.0000114, 0.0000114, 0.0000114, 0.0000114, 0.000891, 0.000891, 0.000891, 0.000891, 0.0081332, 0.0081332, 0.0081332, 0.0081332, 0.0300281, 0.0300281, 0.0300281, 0.0300281, 0.051812699999999996, 0.051812699999999996, 0.051812699999999996, 0.051812699999999996, 0.060204999999999995, 0.060204999999999995, 0.060204999999999995, 0.060204999999999995, 0.021127399999999998, 0.021127399999999998}:
{36, 61, 4.4e-6, 4.4e-6, 4.4e-6, 4.4e-6, 0.0004997, 0.0004997, 0.0004997, 0.0004997, 0.0054535, 0.0054535, 0.0054535, 0.0054535, 0.0237425, 0.0237425, 0.0237425, 0.0237425, 0.046342799999999996, 0.046342799999999996, 0.046342799999999996, 0.046342799999999996, 0.059295299999999995, 0.059295299999999995, 0.059295299999999995, 0.059295299999999995, 0.0231162, 0.0231162}:
{36, 61, 1.6e-6, 1.6e-6, 1.6e-6, 1.6e-6, 0.00027049999999999996, 0.00027049999999999996, 0.00027049999999999996, 0.00027049999999999996, 0.0035367, 0.0035367, 0.0035367, 0.0035367, 0.0182294, 0.0182294, 0.0182294, 0.0182294, 0.0404293, 0.0404293, 0.0404293, 0.0404293, 0.0570843, 0.0570843, 0.0570843, 0.0570843, 0.0250881, 0.0250881}:
{36, 61, 9.e-7, 9.e-7, 9.e-7, 9.e-7, 0.0002765, 0.0002765, 0.0002765, 0.0002765, 0.0053086, 0.0053086, 0.0053086, 0.0053086, 0.043258, 0.043258, 0.043258, 0.043258, 0.1531254, 0.1531254, 0.1531254, 0.1531254, 0.3413496, 0.3413496, 0.3413496, 0.3413496, 0.535486, 0.535486}:
{48, 61, 4.1e-6, 4.1e-6, 4.1e-6, 4.1e-6, 0.0001925, 0.0001925, 0.0001925, 0.0001925, 0.0024248, 0.0024248, 0.0024248, 0.0024248, 0.2554695, 0.2554695};
>