energy(#signal)<
@energy = {0, 7, 0.293179, 0.293179, 0.0190046, 0.0190046, 0.0002039, 0.0002039, 4e-07, 4e-07}:
{0, 7, 0.383735, 0.383735, 0.111371, 0.111371, 0.0035751, 0.0035751, 1.91e-05, 1.91e-05}:
{0, 9, 0.190585, 0.190585, 0.292123, 0.292123, 0.0310669, 0.0310669, 0.0004625, 0.0004625, 2.1e-06, 2.1e-06}:
{0, 11, 0.0357434, 0.0357434, 0.344571, 0.344571, 0.134434, 0.134434, 0.0059328, 0.0059328, 6.1e-05, 6.1e-05, 3e-07, 3e-07}:
{0, 11, 0.0025041, 0.0025041, 0.182965, 0.182965, 0.290823, 0.290823, 0.0404441, 0.0404441, 0.0010008, 0.0010008, 8.5e-06, 8.5e-06}:
{0, 13, 6.47e-05, 6.47e-05, 0.0436125, 0.0436125, 0.315264, 0.315264, 0.147005, 0.147005, 0.0093792, 0.0093792, 0.0001652, 0.0001652, 6e-07, 6e-07}:
{0, 15, 6e-07, 6e-07, 0.0046397, 0.0046397, 0.171305, 0.171305, 0.285646, 0.285646, 0.0503314, 0.0503314, 0.0019476, 0.0019476, 1.55e-05, 1.55e-05, 1e-07, 1e-07}:
{2, 15, 0.0002187, 0.0002187, 0.0465711, 0.0465711, 0.297155, 0.297155, 0.154992, 0.154992, 0.0139655, 0.0139655, 0.0002429, 0.0002429, 2.9e-06, 2.9e-06}:
{2, 17, 4.5e-06, 4.5e-06, 0.0063119, 0.0063119, 0.165515, 0.165515, 0.274327, 0.274327, 0.0609947, 0.0609947, 0.0024155, 0.0024155, 5.02e-05, 5.02e-05, 4e-07, 4e-07}:
{4, 19, 0.0004245, 0.0004245, 0.0492966, 0.0492966, 0.279317, 0.279317, 0.162481, 0.162481, 0.0152255, 0.0152255, 0.0005687, 0.0005687, 7.3e-06, 7.3e-06, 1e-07, 1e-07}:
{4, 19, 1.41e-05, 1.41e-05, 0.0078314, 0.0078314, 0.163607, 0.163607, 0.264253, 0.264253, 0.0609048, 0.0609048, 0.0042908, 0.0042908, 9.7e-05, 9.7e-05, 1.5e-06, 1.5e-06}:
{4, 21, 2e-07, 2e-07, 0.0006614, 0.0006614, 0.0550835, 0.0550835, 0.262523, 0.262523, 0.154773, 0.154773, 0.021571, 0.021571, 0.0008916, 0.0008916, 2.15e-05, 2.15e-05, 1e-07, 1e-07}:
{6, 21, 2.96e-05, 2.96e-05, 0.0106431, 0.0106431, 0.159309, 0.159309, 0.250043, 0.250043, 0.0723101, 0.0723101, 0.0056626, 0.0056626, 0.0002191, 0.0002191, 2.1e-06, 2.1e-06}:
{6, 23, 7e-07, 7e-07, 0.0011777, 0.0011777, 0.05902, 0.05902, 0.25691, 0.25691, 0.161734, 0.161734, 0.0248576, 0.0248576, 0.0015993, 0.0015993, 2.71e-05, 2.71e-05, 6e-07, 6e-07}:
{8, 25, 7.44e-05, 7.44e-05, 0.0133351, 0.0133351, 0.167881, 0.167881, 0.241474, 0.241474, 0.0754627, 0.0754627, 0.008359, 0.008359, 0.0002541, 0.0002541, 7.2e-06, 7.2e-06, 1e-07, 1e-07}:
{8, 25, 2.7e-06, 2.7e-06, 0.001835, 0.001835, 0.0697456, 0.0697456, 0.240719, 0.240719, 0.1585, 0.1585, 0.0312888, 0.0312888, 0.0017301, 0.0017301, 6.98e-05, 6.98e-05, 1.1e-06, 1.1e-06}:
{8, 27, 1e-07, 1e-07, 0.0001535, 0.0001535, 0.0184083, 0.0184083, 0.160221, 0.160221, 0.2304, 0.2304, 0.0839071, 0.0839071, 0.0085668, 0.0085668, 0.0005115, 0.0005115, 1.2e-05, 1.2e-05, 2e-07, 2e-07}:
{10, 29, 7.8e-06, 7.8e-06, 0.0030836, 0.0030836, 0.0711853, 0.0711853, 0.231827, 0.231827, 0.161256, 0.161256, 0.0308625, 0.0308625, 0.0028208, 0.0028208, 0.0001038, 0.0001038, 2.1e-06, 2.1e-06, 1e-07, 1e-07}:
{10, 29, 2e-07, 2e-07, 0.0003274, 0.0003274, 0.0211018, 0.0211018, 0.161462, 0.161462, 0.222143, 0.222143, 0.0809194, 0.0809194, 0.0117105, 0.0117105, 0.0006859, 0.0006859, 1.98e-05, 1.98e-05, 1e-06, 1e-06}:
{12, 31, 2.2e-05, 2.2e-05, 0.0041708, 0.0041708, 0.0778267, 0.0778267, 0.219375, 0.219375, 0.154451, 0.154451, 0.0366083, 0.0366083, 0.0034619, 0.0034619, 0.0001491, 0.0001491, 9.1e-06, 9.1e-06, 4e-07, 4e-07}:
{12, 31, 9e-07, 9e-07, 0.0005492, 0.0005492, 0.0259537, 0.0259537, 0.155303, 0.155303, 0.214647, 0.214647, 0.0861912, 0.0861912, 0.0133451, 0.0133451, 0.0008735, 0.0008735, 6.7e-05, 6.7e-05, 3.6e-06, 3.6e-06}:
{14, 33, 4.81e-05, 4.81e-05, 0.0059853, 0.0059853, 0.0788059, 0.0788059, 0.217216, 0.217216, 0.152861, 0.152861, 0.0392966, 0.0392966, 0.0039897, 0.0039897, 0.0003947, 0.0003947, 2.55e-05, 2.55e-05, 5e-07, 5e-07}:
{14, 35, 2.8e-06, 2.8e-06, 0.000954, 0.000954, 0.0286567, 0.0286567, 0.160063, 0.160063, 0.204235, 0.204235, 0.0884076, 0.0884076, 0.0142064, 0.0142064, 0.0018586, 0.0018586, 0.0001478, 0.0001478, 4.3e-06, 4.3e-06, 2e-07, 2e-07}:
{14, 37, 1e-07, 1e-07, 0.000105, 0.000105, 0.0074653, 0.0074653, 0.0858785, 0.0858785, 0.205581, 0.205581, 0.151979, 0.151979, 0.0394437, 0.0394437, 0.0069972, 0.0069972, 0.0007044, 0.0007044, 2.98e-05, 2.98e-05, 1.5e-06, 1.5e-06, 1e-07, 1e-07}:
{16, 37, 8e-06, 8e-06, 0.0013927, 0.0013927, 0.0335424, 0.0335424, 0.155905, 0.155905, 0.199652, 0.199652, 0.0854028, 0.0854028, 0.0210606, 0.0210606, 0.0027639, 0.0027639, 0.0001713, 0.0001713, 1.05e-05, 1.05e-05, 5e-07, 5e-07}:
{16, 39, 4e-07, 4e-07, 0.000186, 0.000186, 0.0095348, 0.0095348, 0.0890696, 0.0890696, 0.200438, 0.200438, 0.144215, 0.144215, 0.0506855, 0.0506855, 0.0089303, 0.0089303, 0.0008088, 0.0008088, 5.97e-05, 5.97e-05, 3.7e-06, 3.7e-06, 1e-07, 1e-07}:
{18, 39, 1.78e-05, 1.78e-05, 0.0019719, 0.0019719, 0.0383307, 0.0383307, 0.153781, 0.153781, 0.18994, 0.18994, 0.0975423, 0.0975423, 0.0237592, 0.0237592, 0.003138, 0.003138, 0.0002866, 0.0002866, 2.19e-05, 2.19e-05, 9e-07, 9e-07}:
{18, 41, 1.2e-06, 1.2e-06, 0.0002966, 0.0002966, 0.0124233, 0.0124233, 0.0901608, 0.0901608, 0.195123, 0.195123, 0.150116, 0.150116, 0.052055, 0.052055, 0.0100049, 0.0100049, 0.0011574, 0.0011574, 0.0001088, 0.0001088, 5.8e-06, 5.8e-06, 1e-07, 1e-07}:
{18, 41, 1e-07, 1e-07, 3.24e-05, 3.24e-05, 0.0030319, 0.0030319, 0.0403913, 0.0403913, 0.156345, 0.156345, 0.184757, 0.184757, 0.0939242, 0.0939242, 0.026214, 0.026214, 0.0039323, 0.0039323, 0.0004619, 0.0004619, 3.21e-05, 3.21e-05, 1e-06, 1e-06}:
{20, 43, 2.6e-06, 2.6e-06, 0.000557, 0.000557, 0.0138247, 0.0138247, 0.0977069, 0.0977069, 0.181854, 0.181854, 0.139572, 0.139572, 0.056448, 0.056448, 0.0112405, 0.0112405, 0.0016707, 0.0016707, 0.0001518, 0.0001518, 6.2e-06, 6.2e-06, 3e-07, 3e-07}:
{20, 45, 1e-07, 1e-07, 7.7e-05, 7.7e-05, 0.0036145, 0.0036145, 0.0476218, 0.0476218, 0.143151, 0.143151, 0.170818, 0.170818, 0.0999026, 0.0999026, 0.0270347, 0.0270347, 0.0051519, 0.0051519, 0.0006133, 0.0006133, 3.32e-05, 3.32e-05, 2e-06, 2e-06, 2e-07, 2e-07}:
{22, 47, 8e-06, 8e-06, 0.0007217, 0.0007217, 0.0181001, 0.0181001, 0.0901169, 0.0901169, 0.172187, 0.172187, 0.145323, 0.145323, 0.0547102, 0.0547102, 0.0135434, 0.0135434, 0.0021194, 0.0021194, 0.0001536, 0.0001536, 1.09e-05, 1.09e-05, 1.1e-06, 1.1e-06, 1e-07, 1e-07}:
{22, 47, 6e-07, 6e-07, 0.00011, 0.00011, 0.0053641, 0.0053641, 0.0453664, 0.0453664, 0.142953, 0.142953, 0.173754, 0.173754, 0.0931616, 0.0931616, 0.0303529, 0.0303529, 0.0062622, 0.0062622, 0.000609, 0.000609, 5.26e-05, 5.26e-05, 5.8e-06, 5.8e-06, 7e-07, 7e-07}:
{24, 49, 1.28e-05, 1.28e-05, 0.0012393, 0.0012393, 0.0182622, 0.0182622, 0.0977503, 0.0977503, 0.170757, 0.170757, 0.133486, 0.133486, 0.0579954, 0.0579954, 0.0158209, 0.0158209, 0.0020733, 0.0020733, 0.0002201, 0.0002201, 2.69e-05, 2.69e-05, 3.5e-06, 3.5e-06, 2e-07, 2e-07}:
{24, 49, 1.1e-06, 1.1e-06, 0.0002232, 0.0002232, 0.0058779, 0.0058779, 0.0550506, 0.0550506, 0.137934, 0.137934, 0.160943, 0.160943, 0.0944751, 0.0944751, 0.0341779, 0.0341779, 0.006058, 0.006058, 0.0007995, 0.0007995, 0.0001099, 0.0001099, 1.58e-05, 1.58e-05, 1.2e-06, 1.2e-06}:
{24, 51, 1e-07, 1e-07, 3.13e-05, 3.13e-05, 0.0015125, 0.0015125, 0.0255338, 0.0255338, 0.0915798, 0.0915798, 0.163287, 0.163287, 0.131214, 0.131214, 0.0631367, 0.0631367, 0.0151936, 0.0151936, 0.0025196, 0.0025196, 0.0003958, 0.0003958, 6.4e-05, 6.4e-05, 5.5e-06, 5.5e-06, 2e-07, 2e-07}:
{26, 51, 3.4e-06, 3.4e-06, 0.0003111, 0.0003111, 0.0097535, 0.0097535, 0.0499755, 0.0499755, 0.139402, 0.139402, 0.155377, 0.155377, 0.0997353, 0.0997353, 0.0327091, 0.0327091, 0.0068902, 0.0068902, 0.0012565, 0.0012565, 0.0002301, 0.0002301, 2.32e-05, 2.32e-05, 1.2e-06, 1.2e-06}:
{26, 53, 3e-07, 3e-07, 5.12e-05, 5.12e-05, 0.0030681, 0.0030681, 0.0224143, 0.0224143, 0.100143, 0.100143, 0.156871, 0.156871, 0.134726, 0.134726, 0.0604457, 0.0604457, 0.0163501, 0.0163501, 0.0035162, 0.0035162, 0.0007366, 0.0007366, 8.7e-05, 8.7e-05, 5.7e-06, 5.7e-06, 1e-07, 1e-07}:
{28, 53, 6.7e-06, 6.7e-06, 0.0007947, 0.0007947, 0.0082619, 0.0082619, 0.0605343, 0.0605343, 0.135034, 0.135034, 0.155631, 0.155631, 0.0958872, 0.0958872, 0.0336669, 0.0336669, 0.0086725, 0.0086725, 0.0020977, 0.0020977, 0.0002926, 0.0002926, 2.46e-05, 2.46e-05, 5e-07, 5e-07}:
{28, 55, 7e-07, 7e-07, 0.0001695, 0.0001695, 0.0025027, 0.0025027, 0.0307894, 0.0307894, 0.0991042, 0.0991042, 0.153739, 0.153739, 0.130575, 0.130575, 0.0601573, 0.0601573, 0.0188538, 0.0188538, 0.0053144, 0.0053144, 0.0008819, 0.0008819, 9.54e-05, 9.54e-05, 2.6e-06, 2.6e-06, 1e-07, 1e-07}:
{28, 55, 1e-07, 1e-07, 2.98e-05, 2.98e-05, 0.000623, 0.000623, 0.0131767, 0.0131767, 0.0620129, 0.0620129, 0.129872, 0.129872, 0.152641, 0.152641, 0.0932777, 0.0932777, 0.0361279, 0.0361279, 0.0119776, 0.0119776, 0.0023814, 0.0023814, 0.000329, 0.000329, 1.21e-05, 1.21e-05, 3e-07, 3e-07}:
{30, 55, 4.3e-06, 4.3e-06, 0.0001274, 0.0001274, 0.0047446, 0.0047446, 0.0330832, 0.0330832, 0.0938189, 0.0938189, 0.153178, 0.153178, 0.125509, 0.125509, 0.0610212, 0.0610212, 0.0240167, 0.0240167, 0.0057627, 0.0057627, 0.001011, 0.001011, 4.97e-05, 4.97e-05, 1.8e-06, 1.8e-06}:
{30, 55, 5e-07, 5e-07, 2.14e-05, 2.14e-05, 0.0014373, 0.0014373, 0.0150473, 0.0150473, 0.0579563, 0.0579563, 0.131958, 0.131958, 0.146547, 0.146547, 0.0908491, 0.0908491, 0.0428432, 0.0428432, 0.0124963, 0.0124963, 0.0027672, 0.0027672, 0.0001815, 0.0001815, 8.4e-06, 8.4e-06}:
{30, 60, 1e-07, 1e-07, 3e-06, 3e-06, 0.0003663, 0.0003663, 0.0058348, 0.0058348, 0.0306155, 0.0306155, 0.0975863, 0.0975863, 0.148487, 0.148487, 0.119225, 0.119225, 0.067995, 0.067995, 0.024283, 0.024283, 0.0067461, 0.0067461, 0.0005907, 0.0005907, 3.54e-05, 3.54e-05, 2e-07, 2e-07, 3.61e-05, 3.61e-05, 9.1e-06}:
{32, 60, 3e-07, 3e-07, 7.85e-05, 7.85e-05, 0.0019288, 0.0019288, 0.0138294, 0.0138294, 0.0619517, 0.0619517, 0.130558, 0.130558, 0.137918, 0.137918, 0.096007, 0.096007, 0.0422855, 0.0422855, 0.0146495, 0.0146495, 0.0017123, 0.0017123, 0.000133, 0.000133, 1.4e-06, 1.4e-06, 0.0001005, 0.0001005, 2.07e-05}:
{34, 60, 1.42e-05, 1.42e-05, 0.0005436, 0.0005436, 0.0053417, 0.0053417, 0.0337617, 0.0337617, 0.0996139, 0.0996139, 0.140634, 0.140634, 0.120604, 0.120604, 0.0659863, 0.0659863, 0.0283367, 0.0283367, 0.0044208, 0.0044208, 0.0004443, 0.0004443, 8.6e-06, 8.6e-06, 0.0002606, 0.0002606, 4.52e-05}:
{34, 60, 2.1e-06, 2.1e-06, 0.0001306, 0.0001306, 0.0017642, 0.0017642, 0.0157941, 0.0157941, 0.0659524, 0.0659524, 0.126408, 0.126408, 0.134788, 0.134788, 0.0922765, 0.0922765, 0.0488244, 0.0488244, 0.0101649, 0.0101649, 0.0013232, 0.0013232, 4.38e-05, 4.38e-05, 0.0006303, 0.0006303, 9.47e-05}:
{34, 60, 3e-07, 3e-07, 2.67e-05, 2.67e-05, 0.0004982, 0.0004982, 0.0063425, 0.0063425, 0.0378905, 0.0378905, 0.100155, 0.100155, 0.134021, 0.134021, 0.115639, 0.115639, 0.0749357, 0.0749357, 0.0208167, 0.0208167, 0.0035106, 0.0035106, 0.000193, 0.000193, 0.001421, 0.001421, 0.0001912}:
{36, 60, 4.7e-06, 4.7e-06, 0.0001203, 0.0001203, 0.0021863, 0.0021863, 0.018889, 0.018889, 0.06995, 0.06995, 0.118557, 0.118557, 0.129867, 0.129867, 0.102449, 0.102449, 0.0379693, 0.0379693, 0.0082993, 0.0082993, 0.0007327, 0.0007327, 0.0029863, 0.0029863, 0.0003712}:
{36, 60, 7e-07, 7e-07, 2.48e-05, 2.48e-05, 0.0006469, 0.0006469, 0.0081707, 0.0081707, 0.0430645, 0.0430645, 0.0933064, 0.0933064, 0.130699, 0.130699, 0.124766, 0.124766, 0.0616832, 0.0616832, 0.0174819, 0.0174819, 0.0023974, 0.0023974, 0.0058503, 0.0058503, 0.0006933}:
{36, 61, 1e-07, 1e-07, 4.4e-06, 4.4e-06, 0.0001643, 0.0001643, 0.0030667, 0.0030667, 0.0233703, 0.0233703, 0.0653319, 0.0653319, 0.117876, 0.117876, 0.135349, 0.135349, 0.0892521, 0.0892521, 0.032812, 0.032812, 0.0067624, 0.0067624, 0.0106842, 0.0106842, 0.0012457, 1e-07}:
{38, 61, 7e-07, 7e-07, 3.58e-05, 3.58e-05, 0.0009987, 0.0009987, 0.0111795, 0.0111795, 0.0406972, 0.0406972, 0.0952703, 0.0952703, 0.130793, 0.130793, 0.115024, 0.115024, 0.0548754, 0.0548754, 0.016444, 0.016444, 0.0181897, 0.0181897, 0.0021531, 1e-07}:
{38, 61, 1e-07, 1e-07, 6.7e-06, 6.7e-06, 0.0002822, 0.0002822, 0.004714, 0.004714, 0.0225542, 0.0225542, 0.0690031, 0.0690031, 0.112587, 0.112587, 0.132034, 0.132034, 0.0817764, 0.0817764, 0.0344718, 0.0344718, 0.0288685, 0.0288685, 0.00358, 3e-07}:
{40, 61, 1.1e-06, 1.1e-06, 6.92e-05, 6.92e-05, 0.0017521, 0.0017521, 0.0111201, 0.0111201, 0.0447875, 0.0447875, 0.0863294, 0.0863294, 0.134991, 0.134991, 0.108589, 0.108589, 0.0622982, 0.0622982, 0.0427112, 0.0427112, 0.0057264, 6e-07}:
{40, 61, 1e-07, 1e-07, 1.47e-05, 1.47e-05, 0.000574, 0.000574, 0.0048776, 0.0048776, 0.0260507, 0.0260507, 0.0589657, 0.0589657, 0.122927, 0.122927, 0.128486, 0.128486, 0.0970619, 0.0970619, 0.0589085, 0.0589085, 0.0088116, 1.2e-06}:
{42, 61, 2.7e-06, 2.7e-06, 0.0001658, 0.0001658, 0.0019033, 0.0019033, 0.0135786, 0.0135786, 0.0358763, 0.0358763, 0.0997054, 0.0997054, 0.135468, 0.135468, 0.130373, 0.130373, 0.0757414, 0.0757414, 0.0130439, 2.4e-06}:
{42, 61, 4e-07, 4e-07, 4.22e-05, 4.22e-05, 0.0006607, 0.0006607, 0.0063425, 0.0063425, 0.0194437, 0.0194437, 0.0720302, 0.0720302, 0.127272, 0.127272, 0.15097, 0.15097, 0.0907838, 0.0907838, 0.0185754, 4.7e-06}:
{42, 61, 1e-07, 1e-07, 9.5e-06, 9.5e-06, 0.000204, 0.000204, 0.0026548, 0.0026548, 0.0093867, 0.0093867, 0.0463484, 0.0463484, 0.106548, 0.106548, 0.150717, 0.150717, 0.101439, 0.101439, 0.0254474, 9.1e-06}:
{44, 61, 1.9e-06, 1.9e-06, 5.61e-05, 5.61e-05, 0.0009958, 0.0009958, 0.0040365, 0.0040365, 0.0265631, 0.0265631, 0.079483, 0.079483, 0.129717, 0.129717, 0.105662, 0.105662, 0.0335374, 1.72e-05}:
{44, 61, 3e-07, 3e-07, 1.37e-05, 1.37e-05, 0.0003347, 0.0003347, 0.0015461, 0.0015461, 0.0135595, 0.0135595, 0.0528343, 0.0528343, 0.0962489, 0.0962489, 0.102602, 0.102602, 0.04252, 3.16e-05}:
{44, 62, 1e-07, 1e-07, 3.7e-06, 3.7e-06, 0.0001364, 0.0001364, 0.0007445, 0.0007445, 0.0099607, 0.0099607, 0.0606166, 0.0606166, 0.121558, 0.121558, 0.353105, 0.353105, 0.827869, 0.0918422, 8.27981e-11}:
{58, 63, 1.8e-06, 1.8e-06, 0.0160584, 0.908091, 0.00300291, 1.21984e-08}:
{62, 64, 0.993994, 0.0103458, 4.10773e-07}:
{62, 66, 0.00300291, 0.979308, 0.0243845, 5.30572e-06, 1.19855e-10}:
{62, 67, 8.27981e-11, 0.0103458, 0.95123, 0.0447355, 3.58554e-05, 3.4539e-09}:
{63, 68, 1.21984e-08, 0.0243845, 0.910518, 0.0691978, 0.000154259, 4.83126e-08}:
{64, 70, 4.10773e-07, 0.0447355, 0.861533, 0.0951077, 0.000480557, 3.97281e-07, 1.19171e-10}:
{65, 71, 5.30572e-06, 0.0691978, 0.809476, 0.120325, 0.00118229, 2.19239e-06, 1.51281e-09}:
{66, 72, 3.58554e-05, 0.0951077, 0.758389, 0.143516, 0.00243875, 8.91658e-06, 1.25613e-08}:
{66, 74, 1.19855e-10, 0.000154259, 0.120325, 0.710602, 0.164028, 0.00439898, 2.8598e-05, 7.45513e-08, 1.10378e-10}:
{67, 75, 3.4539e-09, 0.000480557, 0.143516, 0.667063, 0.181654, 0.00715167, 7.6032e-05, 3.38072e-07, 8.56587e-10}:
{68, 77, 4.83126e-08, 0.00118229, 0.164028, 0.627877, 0.196449, 0.0107141, 0.000173957, 1.23258e-06, 5.0213e-09, 1.43662e-11}:
{69, 78, 3.97281e-07, 0.00243875, 0.181654, 0.592741, 0.208607, 0.0150376, 0.000352429, 3.7584e-06, 2.33377e-08, 1.01223e-10}:
{70, 79, 2.19239e-06, 0.00439898, 0.196449, 0.561205, 0.218385, 0.0200236, 0.00064637, 9.88568e-06, 8.93699e-08, 5.63681e-10}:
{70, 81, 1.19171e-10, 8.91658e-06, 0.00715167, 0.208607, 0.532807, 0.226059, 0.0255418, 0.00109191, 2.2987e-05, 2.90804e-07, 2.57175e-09, 1.78438e-11}:
{71, 82, 1.51281e-09, 2.8598e-05, 0.0107141, 0.218385, 0.507127, 0.231907, 0.0314488, 0.00172248, 4.81919e-05, 8.24361e-07, 9.89969e-09, 9.28909e-11}:
{72, 83, 1.25613e-08, 7.6032e-05, 0.0150376, 0.226059, 0.483802, 0.236186, 0.0376015, 0.00256539, 9.25528e-05, 2.0777e-06, 3.29474e-08, 4.10667e-10}:
{73, 85, 7.45513e-08, 0.000173957, 0.0200236, 0.231907, 0.462527, 0.239131, 0.0438671, 0.00363953, 0.000164956, 4.73572e-06, 9.74939e-08, 1.67941e-09, 3.05516e-11}:
{74, 85, 3.38072e-07, 0.000352429, 0.0255418, 0.236186, 0.443044, 0.240952, 0.0501286, 0.00495426, 0.000275845, 9.97713e-06, 2.777e-07, 7.60172e-09}:
{74, 85, 1.10378e-10, 1.23258e-06, 0.00064637, 0.0314488, 0.239131, 0.425135, 0.24183, 0.056288, 0.00651119, 0.000440123, 2.09267e-05, 9.06442e-07}:
{75, 85, 8.56587e-10, 3.7584e-06, 0.00109191, 0.0376015, 0.240952, 0.408618, 0.241923, 0.0622833, 0.00836917, 0.000718668, 5.17985e-05}:
{76, 85, 5.0213e-09, 9.88568e-06, 0.00172248, 0.0438671, 0.24183, 0.393337, 0.241434, 0.0686012, 0.0112476, 0.00141855}:
{77, 85, 2.33377e-08, 2.2987e-05, 0.00256539, 0.0501286, 0.241923, 0.379263, 0.242394, 0.080223, 0.0186175}:
{77, 85, 1.43662e-11, 8.93699e-08, 4.81919e-05, 0.00363953, 0.056288, 0.241434, 0.369191, 0.26076, 0.117097}:
{78, 85, 1.01223e-10, 2.90804e-07, 9.25528e-05, 0.00495426, 0.0622833, 0.242394, 0.386269, 0.352958};
>