energy(#anc)<
@energy = {0, 61, 0.0443458, 0.0487683, 0.0533032, 0.0577828, 0.0620842, 0.0661126, 0.0697943, 0.0730737, 0.0759116, 0.0782832, 0.0801772, 0.0815939, 0.0825439, 0.083046, 0.0831259, 0.0828148, 0.0820848, 0.0815155, 0.0809109, 0.0802706, 0.0795949, 0.0788845, 0.0781405, 0.0773643, 0.0765573, 0.0757213, 0.074858, 0.0739694, 0.0730574, 0.0721238, 0.0711707, 0.0702, 0.0692136, 0.0682134, 0.0672011, 0.0661786, 0.0651476, 0.0641098, 0.0630668, 0.0620201, 0.0609713, 0.0599216, 0.0588725, 0.0578253, 0.0567811, 0.0557411, 0.0547064, 0.053678, 0.0526568, 0.0516437, 0.0506396, 0.0496452, 0.0617779, 0.0617514, 0.0617273, 0.0617053, 0.0616853, 0.0616671, 0.0616506, 0.0616355, 0.0616218, 0.0615137}:
{0, 61, 0.0, 0.0282784, 0.0321023, 0.0360497, 0.0400257, 0.0439445, 0.0477288, 0.0513101, 0.0546302, 0.0576412, 0.0603064, 0.0626002, 0.0645073, 0.0660224, 0.0671492, 0.0678986, 0.0683434, 0.0682351, 0.0680833, 0.0678874, 0.0676477, 0.0673646, 0.067039, 0.066672, 0.0662651, 0.0658196, 0.0653373, 0.0648199, 0.0642691, 0.0636869, 0.0630751, 0.0624356, 0.0617703, 0.0610812, 0.06037, 0.0596387, 0.0588891, 0.058123, 0.057342, 0.056548, 0.0557425, 0.0549272, 0.0541035, 0.0532729, 0.0524369, 0.0515969, 0.050754, 0.0499095, 0.0490647, 0.0482206, 0.0473782, 0.0465386, 0.0562494, 0.0562253, 0.0562033, 0.0561833, 0.0561651, 0.0561486, 0.0561335, 0.0561198, 0.0561073, 0.0560089}:
{0, 61, 0.0, 0.0, 0.0193338, 0.0224908, 0.0258045, 0.0292095, 0.0326393, 0.0360284, 0.039315, 0.0424422, 0.0453604, 0.0480278, 0.0504118, 0.0524885, 0.0542431, 0.055669, 0.0569024, 0.0571184, 0.0572894, 0.0574146, 0.0574937, 0.0575269, 0.0575146, 0.0574575, 0.0573565, 0.0572128, 0.0570275, 0.0568021, 0.0565381, 0.0562369, 0.0559003, 0.0555299, 0.0551275, 0.0546947, 0.0542333, 0.0537451, 0.0532318, 0.0526952, 0.0521369, 0.0515587, 0.0509622, 0.050349, 0.0497207, 0.0490789, 0.0484251, 0.0477607, 0.0470871, 0.0464056, 0.0457176, 0.0450243, 0.0443269, 0.0436265, 0.0512157, 0.0511937, 0.0511737, 0.0511555, 0.0511389, 0.0511238, 0.0511101, 0.0510976, 0.0510863, 0.0509967}:
{0, 61, 0.0, 0.0, 0.0, 0.0140316, 0.0166362, 0.0194153, 0.0223203, 0.0252981, 0.0282932, 0.0312509, 0.0341185, 0.0368477, 0.0393964, 0.041729, 0.0438176, 0.0456422, 0.0473766, 0.0478128, 0.0482067, 0.0485574, 0.0488639, 0.0491259, 0.0493434, 0.0495165, 0.0496456, 0.0497314, 0.0497746, 0.0497761, 0.049737, 0.0496584, 0.0495416, 0.049388, 0.049199, 0.0489759, 0.0487204, 0.0484339, 0.048118, 0.0477742, 0.0474042, 0.0470095, 0.0465917, 0.0461524, 0.045693, 0.0452151, 0.0447202, 0.0442097, 0.0436851, 0.0431477, 0.0425989, 0.0420399, 0.0414721, 0.0408966, 0.0466324, 0.0466124, 0.0465942, 0.0465776, 0.0465625, 0.0465488, 0.0465363, 0.0465249, 0.0465146, 0.046433}:
{0, 61, 0.0, 0.0, 0.0, 0.0, 0.0107253, 0.0129052, 0.0152638, 0.0177635, 0.0203614, 0.0230106, 0.0256627, 0.0282702, 0.0307879, 0.033175, 0.0353959, 0.0374213, 0.0394455, 0.0400232, 0.0405641, 0.0410665, 0.0415294, 0.0419518, 0.0423331, 0.042673, 0.0429714, 0.0432283, 0.0434441, 0.0436191, 0.043754, 0.0438494, 0.0439063, 0.0439255, 0.0439081, 0.0438551, 0.0437679, 0.0436475, 0.0434954, 0.0433128, 0.0431012, 0.0428618, 0.0425961, 0.0423056, 0.0419916, 0.0416555, 0.0412988, 0.0409228, 0.0405289, 0.0401185, 0.0396929, 0.0392533, 0.0388011, 0.0383375, 0.0424593, 0.0424411, 0.0424245, 0.0424094, 0.0423957, 0.0423832, 0.0423718, 0.0423614, 0.042352, 0.0422777}:
{0, 61, 0.0, 0.0, 0.0, 0.0, 0.0, 0.00857799, 0.0104381, 0.012473, 0.0146532, 0.0169431, 0.0193026, 0.0216893, 0.0240605, 0.0263745, 0.0285928, 0.0306812, 0.0328421, 0.0335027, 0.034133, 0.0347313, 0.0352958, 0.0358253, 0.0363188, 0.0367753, 0.0371944, 0.0375756, 0.0379187, 0.0382237, 0.0384907, 0.03872, 0.038912, 0.0390671, 0.0391861, 0.0392697, 0.0393188, 0.0393342, 0.0393169, 0.0392681, 0.0391887, 0.03908, 0.0389432, 0.0387794, 0.03859, 0.0383761, 0.0381391, 0.0378802, 0.0376008, 0.037302, 0.0369851, 0.0366515, 0.0363022, 0.0359385, 0.0386596, 0.038643, 0.0386279, 0.0386142, 0.0386017, 0.0385903, 0.03858, 0.0385705, 0.038562, 0.0384943}:
{0, 61, 0.0, 0.0, 0.0, 0.0, 0.0, 0.0, 0.00713809, 0.00875817, 0.0105453, 0.0124755, 0.0145187, 0.0166404, 0.018803, 0.020968, 0.0230973, 0.025155, 0.0273442, 0.0280445, 0.0287216, 0.0293734, 0.0299979, 0.0305935, 0.0311589, 0.0316927, 0.0321941, 0.0326621, 0.0330961, 0.0334957, 0.0338606, 0.0341906, 0.0344857, 0.0347461, 0.034972, 0.0351638, 0.035322, 0.0354471, 0.0355399, 0.035601, 0.0356314, 0.0356319, 0.0356035, 0.0355472, 0.0354639, 0.0353549, 0.0352212, 0.0350639, 0.0348842, 0.0346832, 0.0344621, 0.034222, 0.0339642, 0.0336897, 0.0352, 0.0351849, 0.0351711, 0.0351586, 0.0351472, 0.0351369, 0.0351274, 0.0351189, 0.0351111, 0.0350495}:
{0, 61, 0.0, 0.0, 0.0, 0.0, 0.0, 0.0, 0.0, 0.00614972, 0.00758896, 0.00918588, 0.0109205, 0.0127668, 0.0146944, 0.0166698, 0.018658, 0.0206242, 0.0227666, 0.0234755, 0.0241681, 0.024842, 0.0254952, 0.0261258, 0.0267321, 0.0273126, 0.027866, 0.028391, 0.0288868, 0.0293525, 0.0297874, 0.030191, 0.030563, 0.030903, 0.0312111, 0.0314872, 0.0317314, 0.0319441, 0.0321257, 0.0322764, 0.032397, 0.0324881, 0.0325502, 0.0325843, 0.0325911, 0.0325715, 0.0325265, 0.0324569, 0.0323638, 0.0322483, 0.0321112, 0.0319537, 0.0317768, 0.0315815, 0.03205, 0.0320362, 0.0320237, 0.0320123, 0.0320019, 0.0319925, 0.0319839, 0.0319761, 0.031969, 0.0319129}:
{0, 61, 0.0, 0.0, 0.0, 0.0, 0.0, 0.0, 0.0, 0.0, 0.00546144, 0.00676372, 0.00821398, 0.00979488, 0.0114835, 0.0132526, 0.0150719, 0.0169095, 0.0189554, 0.019651, 0.0203365, 0.0210097, 0.0216683, 0.0223105, 0.0229342, 0.0235378, 0.0241197, 0.0246785, 0.0252129, 0.0257218, 0.0262042, 0.0266593, 0.0270864, 0.027485, 0.0278546, 0.0281949, 0.0285059, 0.0287874, 0.0290394, 0.0292623, 0.0294562, 0.0296216, 0.0297588, 0.0298684, 0.029951, 0.0300073, 0.030038, 0.0300438, 0.0300256, 0.0299843, 0.0299206, 0.0298356, 0.0297302, 0.0296053, 0.0291818, 0.0291693, 0.0291579, 0.0291475, 0.0291381, 0.0291295, 0.0291217, 0.0291146, 0.0291081, 0.029057}:
{0, 61, 0.0, 0.0, 0.0, 0.0, 0.0, 0.0, 0.0, 0.0, 0.0, 0.00498024, 0.00617826, 0.00751479, 0.00897427, 0.010536, 0.0121751, 0.0138638, 0.0157822, 0.0164495, 0.0171123, 0.0177686, 0.0184159, 0.0190523, 0.0196759, 0.0202847, 0.0208771, 0.0214514, 0.0220063, 0.0225402, 0.0230521, 0.0235408, 0.0240054, 0.024445, 0.0248591, 0.025247, 0.0256082, 0.0259425, 0.0262497, 0.0265296, 0.0267824, 0.027008, 0.0272067, 0.0273789, 0.0275248, 0.0276449, 0.0277398, 0.0278101, 0.0278563, 0.0278792, 0.0278795, 0.027858, 0.0278155, 0.0277528, 0.0265704, 0.0265589, 0.0265486, 0.0265391, 0.0265305, 0.0265227, 0.0265156, 0.0265091, 0.0265032, 0.0264567}:
{0, 61, 0.0, 0.0, 0.0, 0.0, 0.0, 0.0, 0.0, 0.0, 0.0, 0.0, 0.00464707, 0.00576546, 0.00701331, 0.00837623, 0.00983505, 0.0113667, 0.0131402, 0.0137695, 0.0143994, 0.0150274, 0.0156517, 0.01627, 0.0168805, 0.0174812, 0.0180704, 0.0186464, 0.0192074, 0.0197521, 0.0202791, 0.020787, 0.0212748, 0.0217413, 0.0221857, 0.0226072, 0.0230051, 0.0233788, 0.023728, 0.0240522, 0.0243512, 0.024625, 0.0248736, 0.0250968, 0.0252951, 0.0254686, 0.0256175, 0.0257424, 0.0258437, 0.0259219, 0.0259776, 0.0260115, 0.0260241, 0.0260162, 0.0241926, 0.0241822, 0.0241727, 0.0241641, 0.0241563, 0.0241492, 0.0241427, 0.0241368, 0.0241315, 0.0240891}:
{0, 61, 0.0, 0.0, 0.0, 0.0, 0.0, 0.0, 0.0, 0.0, 0.0, 0.0, 0.0, 0.00442336, 0.00548084, 0.00665919, 0.00794475, 0.00931941, 0.0109404, 0.0115262, 0.0121165, 0.0127092, 0.0133023, 0.013894, 0.0144823, 0.0150652, 0.0156411, 0.0162081, 0.0167646, 0.0173089, 0.0178397, 0.0183554, 0.0188548, 0.0193366, 0.0197998, 0.0202434, 0.0206666, 0.0210685, 0.0214485, 0.0218061, 0.0221408, 0.0224523, 0.0227404, 0.023005, 0.023246, 0.0234635, 0.0236576, 0.0238285, 0.0239766, 0.0241021, 0.0242055, 0.0242873, 0.024348, 0.0243882, 0.0220276, 0.0220181, 0.0220095, 0.0220017, 0.0219946, 0.0219881, 0.0219822, 0.0219768, 0.0219719, 0.0219334}:
{0, 61, 0.0, 0.0, 0.0, 0.0, 0.0, 0.0, 0.0, 0.0, 0.0, 0.0, 0.0, 0.0, 0.00428322, 0.00529413, 0.00641777, 0.00764084, 0.00910894, 0.0096484, 0.0101955, 0.0107486, 0.0113057, 0.011865, 0.0124247, 0.0129831, 0.0135383, 0.0140887, 0.0146324, 0.0151679, 0.0156937, 0.0162082, 0.01671, 0.0171979, 0.0176705, 0.0181268, 0.0185658, 0.0189864, 0.019388, 0.0197697, 0.020131, 0.0204713, 0.0207903, 0.0210876, 0.0213629, 0.0216163, 0.0218476, 0.0220569, 0.0222443, 0.02241, 0.0225543, 0.0226774, 0.0227799, 0.0228621, 0.0200564, 0.0200477, 0.0200399, 0.0200328, 0.0200263, 0.0200204, 0.020015, 0.0200101, 0.0200057, 0.0199706}:
{0, 61, 0.0, 0.0, 0.0, 0.0, 0.0, 0.0, 0.0, 0.0, 0.0, 0.0, 0.0, 0.0, 0.0, 0.00420889, 0.00518428, 0.00626461, 0.00758406, 0.0080765, 0.00857914, 0.00909041, 0.00960867, 0.0101323, 0.0106595, 0.0111888, 0.0117183, 0.0122464, 0.0127714, 0.0132918, 0.0138059, 0.0143122, 0.0148093, 0.0152957, 0.0157702, 0.0162315, 0.0166785, 0.0171102, 0.0175254, 0.0179235, 0.0183036, 0.0186651, 0.0190073, 0.0193299, 0.0196324, 0.0199145, 0.0201761, 0.020417, 0.0206372, 0.0208367, 0.0210157, 0.0211743, 0.0213128, 0.0214315, 0.0182615, 0.0182537, 0.0182465, 0.0182401, 0.0182341, 0.0182288, 0.0182239, 0.0182194, 0.0182154, 0.0181834}:
{0, 61, 0.0, 0.0, 0.0, 0.0, 0.0, 0.0, 0.0, 0.0, 0.0, 0.0, 0.0, 0.0, 0.0, 0.0, 0.00418786, 0.00513626, 0.00631445, 0.00676069, 0.00721901, 0.00768805, 0.0081664, 0.0086526, 0.00914512, 0.0096424, 0.0101429, 0.010645, 0.0111471, 0.0116477, 0.0121451, 0.012638, 0.0131247, 0.0136039, 0.0140743, 0.0145344, 0.0149831, 0.0154193, 0.0158418, 0.0162497, 0.0166421, 0.0170182, 0.0173773, 0.0177188, 0.018042, 0.0183467, 0.0186325, 0.018899, 0.0191462, 0.0193739, 0.019582, 0.0197708, 0.0199402, 0.0200905, 0.0166273, 0.0166202, 0.0166137, 0.0166078, 0.0166024, 0.0165975, 0.016593, 0.016589, 0.0165853, 0.0165562}:
{0, 61, 0.0, 0.0, 0.0, 0.0, 0.0, 0.0, 0.0, 0.0, 0.0, 0.0, 0.0, 0.0, 0.0, 0.0, 0.0, 0.00421114, 0.00525738, 0.00565925, 0.00607451, 0.00650203, 0.00694062, 0.00738901, 0.00784585, 0.00830976, 0.0087793, 0.009253, 0.00972937, 0.0102069, 0.0106842, 0.0111596, 0.0116318, 0.0120993, 0.0125607, 0.0130147, 0.0134601, 0.0138955, 0.0143199, 0.0147323, 0.0151315, 0.0155167, 0.0158871, 0.0162419, 0.0165805, 0.0169024, 0.017207, 0.0174939, 0.0177629, 0.0180137, 0.0182462, 0.0184603, 0.018656, 0.0188333, 0.0151393, 0.0151328, 0.0151269, 0.0151215, 0.0151166, 0.0151122, 0.0151081, 0.0151044, 0.0151011, 0.0150746}:
{0, 61, 0.0, 0.0, 0.0, 0.0, 0.0, 0.0, 0.0, 0.0, 0.0, 0.0, 0.0, 0.0, 0.0, 0.0, 0.0, 0.0, 0.00437727, 0.00473726, 0.00511146, 0.00549898, 0.00589883, 0.00630995, 0.00673118, 0.0071613, 0.00759903, 0.00804304, 0.00849196, 0.0089444, 0.00939894, 0.00985417, 0.0103087, 0.010761, 0.0112099, 0.0116539, 0.0120918, 0.0125223, 0.0129443, 0.0133565, 0.0137579, 0.0141476, 0.0145246, 0.0148881, 0.0152374, 0.0155717, 0.0158905, 0.0161932, 0.0164795, 0.0167491, 0.0170015, 0.0172367, 0.0174544, 0.0176548, 0.0137845, 0.0137786, 0.0137732, 0.0137683, 0.0137639, 0.0137598, 0.0137561, 0.0137527, 0.0137497, 0.0137256}:
{0, 61, 0.0, 0.0, 0.0, 0.0, 0.0, 0.0, 0.0, 0.0, 0.0, 0.0, 0.0, 0.0, 0.0, 0.0, 0.0, 0.0, 0.0, 0.00396547, 0.00430109, 0.00465066, 0.00501341, 0.00538847, 0.00577487, 0.00617156, 0.00657743, 0.0069913, 0.00741193, 0.00783804, 0.00826832, 0.00870144, 0.00913606, 0.00957082, 0.0100044, 0.0104354, 0.0108627, 0.0112849, 0.0117008, 0.0121092, 0.0125091, 0.0128994, 0.013279, 0.0136472, 0.0140031, 0.0143458, 0.0146747, 0.0149893, 0.0152889, 0.0155732, 0.0158417, 0.0160941, 0.0163303, 0.0165501, 0.0125509, 0.0125456, 0.0125407, 0.0125362, 0.0125321, 0.0125284, 0.0125251, 0.012522, 0.0125192, 0.0124973}:
{0, 61, 0.0, 0.0, 0.0, 0.0, 0.0, 0.0, 0.0, 0.0, 0.0, 0.0, 0.0, 0.0, 0.0, 0.0, 0.0, 0.0, 0.0, 0.0, 0.0036192, 0.00393321, 0.0042609, 0.00460156, 0.00495442, 0.00531861, 0.00569317, 0.00607709, 0.00646925, 0.00686853, 0.00727371, 0.00768356, 0.00809683, 0.00851224, 0.0089285, 0.00934434, 0.00975847, 0.0101697, 0.0105767, 0.0109784, 0.0113736, 0.0117612, 0.0121403, 0.0125097, 0.0128687, 0.0132164, 0.013552, 0.0138749, 0.0141843, 0.0144799, 0.014761, 0.0150273, 0.0152786, 0.0155144, 0.0114278, 0.0114229, 0.0114184, 0.0114143, 0.0114106, 0.0114073, 0.0114042, 0.0114014, 0.0113989, 0.0113789}:
{0, 61, 0.0, 0.0, 0.0, 0.0, 0.0, 0.0, 0.0, 0.0, 0.0, 0.0, 0.0, 0.0, 0.0, 0.0, 0.0, 0.0, 0.0, 0.0, 0.0, 0.00332645, 0.00362133, 0.00392957, 0.00425054, 0.00458354, 0.0049278, 0.00528242, 0.00564647, 0.00601894, 0.00639874, 0.00678475, 0.00717582, 0.00757075, 0.00796832, 0.00836732, 0.00876651, 0.00916468, 0.00956062, 0.00995316, 0.0103412, 0.0107235, 0.0110991, 0.011467, 0.0118263, 0.0121759, 0.0125152, 0.0128433, 0.0131595, 0.0134633, 0.013754, 0.0140313, 0.0142946, 0.0145436, 0.0104051, 0.0104006, 0.0103966, 0.0103929, 0.0103895, 0.0103864, 0.0103837, 0.0103811, 0.0103788, 0.0103606}:
{0, 61, 0.0, 0.0, 0.0, 0.0, 0.0, 0.0, 0.0, 0.0, 0.0, 0.0, 0.0, 0.0, 0.0, 0.0, 0.0, 0.0, 0.0, 0.0, 0.0, 0.0, 0.00307777, 0.00335571, 0.00364665, 0.00395007, 0.00426531, 0.00459167, 0.00492834, 0.00527444, 0.00562902, 0.00599108, 0.00635957, 0.00673339, 0.0071114, 0.00749245, 0.00787538, 0.008259, 0.00864216, 0.00902369, 0.00940246, 0.00977735, 0.0101473, 0.0105113, 0.0108683, 0.0112174, 0.0115577, 0.0118884, 0.0122088, 0.0125181, 0.0128158, 0.0131012, 0.013374, 0.0136336, 0.00947395, 0.00946988, 0.00946618, 0.00946281, 0.00945975, 0.00945696, 0.00945442, 0.00945211, 0.00945001, 0.00943344}:
{0, 61, 0.0, 0.0, 0.0, 0.0, 0.0, 0.0, 0.0, 0.0, 0.0, 0.0, 0.0, 0.0, 0.0, 0.0, 0.0, 0.0, 0.0, 0.0, 0.0, 0.0, 0.0, 0.00286565, 0.00312857, 0.00340414, 0.00369189, 0.00399124, 0.00430154, 0.00462202, 0.00495189, 0.00529026, 0.00563617, 0.00598864, 0.00634663, 0.00670906, 0.00707483, 0.00744283, 0.00781193, 0.00818101, 0.00854896, 0.00891468, 0.00927709, 0.00963515, 0.00998786, 0.0103343, 0.0106734, 0.0110045, 0.0113267, 0.0116393, 0.0119415, 0.0122328, 0.0125126, 0.0127805, 0.00862613, 0.00862243, 0.00861906, 0.00861599, 0.0086132, 0.00861066, 0.00860835, 0.00860625, 0.00860433, 0.00858924}:
{0, 61, 0.0, 0.0, 0.0, 0.0, 0.0, 0.0, 0.0, 0.0, 0.0, 0.0, 0.0, 0.0, 0.0, 0.0, 0.0, 0.0, 0.0, 0.0, 0.0, 0.0, 0.0, 0.0, 0.00268409, 0.00293367, 0.00319556, 0.00346933, 0.00375445, 0.00405031, 0.00435622, 0.00467141, 0.00499506, 0.00532627, 0.00566411, 0.00600758, 0.00635566, 0.00670731, 0.00706146, 0.00741703, 0.00777294, 0.00812812, 0.0084815, 0.00883206, 0.00917878, 0.00952068, 0.00985683, 0.0101863, 0.0105084, 0.0108221, 0.0111269, 0.011422, 0.0117068, 0.0119807, 0.00785418, 0.00785081, 0.00784774, 0.00784495, 0.00784241, 0.0078401, 0.00783799, 0.00783608, 0.00783434, 0.00782059}:
{0, 61, 0.0, 0.0, 0.0, 0.0, 0.0, 0.0, 0.0, 0.0, 0.0, 0.0, 0.0, 0.0, 0.0, 0.0, 0.0, 0.0, 0.0, 0.0, 0.0, 0.0, 0.0, 0.0, 0.0, 0.00252822, 0.00276596, 0.00301567, 0.00327695, 0.00354931, 0.0038322, 0.00412496, 0.00442687, 0.00473716, 0.00505498, 0.00537944, 0.0057096, 0.00604448, 0.00638309, 0.00672439, 0.00706736, 0.00741096, 0.00775415, 0.00809591, 0.00843523, 0.00877115, 0.00910271, 0.009429, 0.00974916, 0.0100624, 0.0103678, 0.0106649, 0.0109528, 0.011231, 0.00715131, 0.00714824, 0.00714545, 0.00714291, 0.00714059, 0.00713849, 0.00713657, 0.00713483, 0.00713324, 0.00712073}:
{0, 61, 0.0, 0.0, 0.0, 0.0, 0.0, 0.0, 0.0, 0.0, 0.0, 0.0, 0.0, 0.0, 0.0, 0.0, 0.0, 0.0, 0.0, 0.0, 0.0, 0.0, 0.0, 0.0, 0.0, 0.0, 0.00239411, 0.00262133, 0.00286018, 0.00311029, 0.00337121, 0.00364243, 0.00392331, 0.00421321, 0.00451136, 0.00481698, 0.00512921, 0.00544715, 0.00576988, 0.00609644, 0.00642583, 0.00675708, 0.00708917, 0.00742111, 0.00775192, 0.00808063, 0.00840628, 0.00872797, 0.0090448, 0.00935593, 0.00966057, 0.00995796, 0.0102474, 0.0105283, 0.00651134, 0.00650855, 0.006506, 0.00650369, 0.00650158, 0.00649967, 0.00649792, 0.00649634, 0.00649489, 0.0064835}:
{0, 61, 0.0, 0.0, 0.0, 0.0, 0.0, 0.0, 0.0, 0.0, 0.0, 0.0, 0.0, 0.0, 0.0, 0.0, 0.0, 0.0, 0.0, 0.0, 0.0, 0.0, 0.0, 0.0, 0.0, 0.0, 0.0, 0.00227855, 0.00249641, 0.00272557, 0.00296568, 0.00321634, 0.00347704, 0.00374721, 0.0040262, 0.00431333, 0.00460782, 0.00490885, 0.00521559, 0.00552712, 0.00584254, 0.00616089, 0.00648122, 0.00680256, 0.00712397, 0.00744447, 0.00776314, 0.00807905, 0.00839132, 0.0086991, 0.00900155, 0.00929791, 0.00958744, 0.00986945, 0.00592865, 0.0059261, 0.00592378, 0.00592168, 0.00591976, 0.00591802, 0.00591643, 0.00591498, 0.00591367, 0.00590329}:
{0, 61, 0.0, 0.0, 0.0, 0.0, 0.0, 0.0, 0.0, 0.0, 0.0, 0.0, 0.0, 0.0, 0.0, 0.0, 0.0, 0.0, 0.0, 0.0, 0.0, 0.0, 0.0, 0.0, 0.0, 0.0, 0.0, 0.0, 0.00217891, 0.00238843, 0.00260894, 0.0028401, 0.00308153, 0.00333275, 0.00359322, 0.00386234, 0.00413942, 0.00442375, 0.00471454, 0.00501097, 0.00531219, 0.0056173, 0.0059254, 0.00623557, 0.00654688, 0.00685839, 0.0071692, 0.00747838, 0.00778506, 0.00808838, 0.00838749, 0.0086816, 0.00896997, 0.00925187, 0.00539809, 0.00539578, 0.00539367, 0.00539175, 0.00539, 0.00538841, 0.00538697, 0.00538565, 0.00538446, 0.00537501}:
{0, 61, 0.0, 0.0, 0.0, 0.0, 0.0, 0.0, 0.0, 0.0, 0.0, 0.0, 0.0, 0.0, 0.0, 0.0, 0.0, 0.0, 0.0, 0.0, 0.0, 0.0, 0.0, 0.0, 0.0, 0.0, 0.0, 0.0, 0.0, 0.002093, 0.0022951, 0.00250787, 0.002731, 0.00296413, 0.0032068, 0.0034585, 0.00371864, 0.00398659, 0.00426163, 0.00454302, 0.00482998, 0.00512168, 0.00541725, 0.00571584, 0.00601654, 0.00631846, 0.0066207, 0.00692238, 0.00722261, 0.00752053, 0.00781531, 0.00810615, 0.00839227, 0.00867294, 0.00491502, 0.00491291, 0.00491099, 0.00490924, 0.00490765, 0.00490621, 0.00490489, 0.00490369, 0.0049026, 0.004894}:
{0, 61, 0.0, 0.0, 0.0, 0.0, 0.0, 0.0, 0.0, 0.0, 0.0, 0.0, 0.0, 0.0, 0.0, 0.0, 0.0, 0.0, 0.0, 0.0, 0.0, 0.0, 0.0, 0.0, 0.0, 0.0, 0.0, 0.0, 0.0, 0.0, 0.00201902, 0.0022145, 0.00242035, 0.00263628, 0.00286194, 0.00309689, 0.00334064, 0.00359262, 0.00385223, 0.00411877, 0.00439155, 0.00466978, 0.00495268, 0.00523942, 0.00552916, 0.00582103, 0.00611417, 0.00640771, 0.00670078, 0.00699255, 0.00728217, 0.00756884, 0.00785178, 0.00813023, 0.00447518, 0.00447326, 0.00447151, 0.00446992, 0.00446847, 0.00446715, 0.00446595, 0.00446486, 0.00446387, 0.00445604}:
{0, 61, 0.0, 0.0, 0.0, 0.0, 0.0, 0.0, 0.0, 0.0, 0.0, 0.0, 0.0, 0.0, 0.0, 0.0, 0.0, 0.0, 0.0, 0.0, 0.0, 0.0, 0.0, 0.0, 0.0, 0.0, 0.0, 0.0, 0.0, 0.0, 0.0, 0.00195545, 0.00214504, 0.0023447, 0.00255416, 0.00277309, 0.00300106, 0.00323759, 0.00348215, 0.00373414, 0.00399291, 0.00425776, 0.00452795, 0.00480272, 0.00508126, 0.00536276, 0.00564639, 0.0059313, 0.00621666, 0.00650164, 0.0067854, 0.00706715, 0.00734609, 0.00762148, 0.0040747, 0.00407295, 0.00407135, 0.00406991, 0.00406859, 0.00406739, 0.0040663, 0.0040653, 0.0040644, 0.00405727}:
{0, 61, 0.0, 0.0, 0.0, 0.0, 0.0, 0.0, 0.0, 0.0, 0.0, 0.0, 0.0, 0.0, 0.0, 0.0, 0.0, 0.0, 0.0, 0.0, 0.0, 0.0, 0.0, 0.0, 0.0, 0.0, 0.0, 0.0, 0.0, 0.0, 0.0, 0.0, 0.00190104, 0.00208536, 0.00227948, 0.00248314, 0.00269599, 0.00291765, 0.00314763, 0.00338543, 0.00363046, 0.00388209, 0.00413964, 0.00440241, 0.00466964, 0.00494057, 0.0052144, 0.00549032, 0.00576752, 0.00604519, 0.00632252, 0.00659871, 0.00687298, 0.00714457, 0.00371005, 0.00370846, 0.00370701, 0.00370569, 0.00370449, 0.0037034, 0.00370241, 0.0037015, 0.00370068, 0.00369419}:
{0, 61, 0.0, 0.0, 0.0, 0.0, 0.0, 0.0, 0.0, 0.0, 0.0, 0.0, 0.0, 0.0, 0.0, 0.0, 0.0, 0.0, 0.0, 0.0, 0.0, 0.0, 0.0, 0.0, 0.0, 0.0, 0.0, 0.0, 0.0, 0.0, 0.0, 0.0, 0.0, 0.00185471, 0.00203435, 0.00222351, 0.00242194, 0.00262932, 0.00284525, 0.00306928, 0.00330091, 0.00353956, 0.00378464, 0.00403547, 0.00429137, 0.00455162, 0.00481545, 0.00508212, 0.00535082, 0.00562078, 0.00589121, 0.00616132, 0.00643033, 0.0066975, 0.00337804, 0.00337659, 0.00337527, 0.00337407, 0.00337298, 0.00337198, 0.00337108, 0.00337026, 0.00336951, 0.0033636}:
{0, 61, 0.0, 0.0, 0.0, 0.0, 0.0, 0.0, 0.0, 0.0, 0.0, 0.0, 0.0, 0.0, 0.0, 0.0, 0.0, 0.0, 0.0, 0.0, 0.0, 0.0, 0.0, 0.0, 0.0, 0.0, 0.0, 0.0, 0.0, 0.0, 0.0, 0.0, 0.0, 0.0, 0.00181557, 0.00199102, 0.00217575, 0.00236948, 0.00257191, 0.00278266, 0.00300127, 0.00322726, 0.00346007, 0.00369911, 0.00394374, 0.00419328, 0.00444704, 0.00470427, 0.00496423, 0.00522618, 0.00548933, 0.00575292, 0.00601619, 0.0062784, 0.00307574, 0.00307442, 0.00307322, 0.00307213, 0.00307113, 0.00307023, 0.0030694, 0.00306865, 0.00306797, 0.00306259}:
{0, 61, 0.0, 0.0, 0.0, 0.0, 0.0, 0.0, 0.0, 0.0, 0.0, 0.0, 0.0, 0.0, 0.0, 0.0, 0.0, 0.0, 0.0, 0.0, 0.0, 0.0, 0.0, 0.0, 0.0, 0.0, 0.0, 0.0, 0.0, 0.0, 0.0, 0.0, 0.0, 0.0, 0.0, 0.00178285, 0.00195458, 0.00213533, 0.00232484, 0.0025228, 0.00272884, 0.00294251, 0.00316335, 0.00339079, 0.00362427, 0.00386316, 0.0041068, 0.00435451, 0.00460558, 0.00485927, 0.00511486, 0.00537159, 0.00562873, 0.00588554, 0.00280049, 0.00279929, 0.0027982, 0.0027972, 0.0027963, 0.00279547, 0.00279472, 0.00279404, 0.00279342, 0.00278852}:
{0, 61, 0.0, 0.0, 0.0, 0.0, 0.0, 0.0, 0.0, 0.0, 0.0, 0.0, 0.0, 0.0, 0.0, 0.0, 0.0, 0.0, 0.0, 0.0, 0.0, 0.0, 0.0, 0.0, 0.0, 0.0, 0.0, 0.0, 0.0, 0.0, 0.0, 0.0, 0.0, 0.0, 0.0, 0.0, 0.00175589, 0.00192431, 0.0021015, 0.00228721, 0.00248113, 0.00268289, 0.00289206, 0.00310817, 0.00333068, 0.00355903, 0.0037926, 0.00403076, 0.00427283, 0.00451812, 0.00476593, 0.00501554, 0.00526622, 0.00551725, 0.00254988, 0.00254878, 0.00254779, 0.00254688, 0.00254606, 0.00254531, 0.00254462, 0.002544, 0.00254344, 0.00253897}:
{0, 61, 0.0, 0.0, 0.0, 0.0, 0.0, 0.0, 0.0, 0.0, 0.0, 0.0, 0.0, 0.0, 0.0, 0.0, 0.0, 0.0, 0.0, 0.0, 0.0, 0.0, 0.0, 0.0, 0.0, 0.0, 0.0, 0.0, 0.0, 0.0, 0.0, 0.0, 0.0, 0.0, 0.0, 0.0, 0.0, 0.00173414, 0.00189961, 0.00207362, 0.00225591, 0.00244617, 0.00264405, 0.0028491, 0.00306087, 0.00327884, 0.00350244, 0.00373108, 0.00396413, 0.00420093, 0.00444081, 0.00468309, 0.00492705, 0.00517201, 0.00232169, 0.00232069, 0.00231979, 0.00231896, 0.00231821, 0.00231753, 0.00231691, 0.00231634, 0.00231583, 0.00231176}:
{0, 61, 0.0, 0.0, 0.0, 0.0, 0.0, 0.0, 0.0, 0.0, 0.0, 0.0, 0.0, 0.0, 0.0, 0.0, 0.0, 0.0, 0.0, 0.0, 0.0, 0.0, 0.0, 0.0, 0.0, 0.0, 0.0, 0.0, 0.0, 0.0, 0.0, 0.0, 0.0, 0.0, 0.0, 0.0, 0.0, 0.0, 0.00171712, 0.00187997, 0.00205113, 0.00223034, 0.0024173, 0.00261163, 0.00281292, 0.00302071, 0.00323448, 0.00345368, 0.00367772, 0.003906, 0.00413787, 0.00437267, 0.00460973, 0.00484837, 0.00211392, 0.00211302, 0.00211219, 0.00211144, 0.00211076, 0.00211013, 0.00210957, 0.00210905, 0.00210858, 0.00210488}:
{0, 61, 0.0, 0.0, 0.0, 0.0, 0.0, 0.0, 0.0, 0.0, 0.0, 0.0, 0.0, 0.0, 0.0, 0.0, 0.0, 0.0, 0.0, 0.0, 0.0, 0.0, 0.0, 0.0, 0.0, 0.0, 0.0, 0.0, 0.0, 0.0, 0.0, 0.0, 0.0, 0.0, 0.0, 0.0, 0.0, 0.0, 0.0, 0.00170441, 0.00186494, 0.00203356, 0.00221, 0.00239395, 0.00258506, 0.0027829, 0.00298701, 0.0031969, 0.00341201, 0.00363178, 0.0038556, 0.00408283, 0.00431285, 0.00454499, 0.00192475, 0.00192392, 0.00192317, 0.00192249, 0.00192186, 0.0019213, 0.00192078, 0.00192031, 0.00191989, 0.00191652}:
{0, 61, 0.0, 0.0, 0.0, 0.0, 0.0, 0.0, 0.0, 0.0, 0.0, 0.0, 0.0, 0.0, 0.0, 0.0, 0.0, 0.0, 0.0, 0.0, 0.0, 0.0, 0.0, 0.0, 0.0, 0.0, 0.0, 0.0, 0.0, 0.0, 0.0, 0.0, 0.0, 0.0, 0.0, 0.0, 0.0, 0.0, 0.0, 0.0, 0.00169566, 0.00185413, 0.00202047, 0.00219442, 0.00237565, 0.00256381, 0.00275848, 0.00295921, 0.0031655, 0.00337681, 0.00359258, 0.00381221, 0.00403509, 0.00426058, 0.0017525, 0.00175175, 0.00175107, 0.00175044, 0.00174988, 0.00174936, 0.00174889, 0.00174847, 0.00174808, 0.00174501}:
{0, 61, 0.0, 0.0, 0.0, 0.0, 0.0, 0.0, 0.0, 0.0, 0.0, 0.0, 0.0, 0.0, 0.0, 0.0, 0.0, 0.0, 0.0, 0.0, 0.0, 0.0, 0.0, 0.0, 0.0, 0.0, 0.0, 0.0, 0.0, 0.0, 0.0, 0.0, 0.0, 0.0, 0.0, 0.0, 0.0, 0.0, 0.0, 0.0, 0.0, 0.00169054, 0.0018472, 0.00201151, 0.00218321, 0.00236197, 0.00254744, 0.0027392, 0.0029368, 0.00313974, 0.0033475, 0.00355952, 0.00377521, 0.00399398, 0.00159567, 0.00159499, 0.00159437, 0.0015938, 0.00159328, 0.00159281, 0.00159238, 0.001592, 0.00159164, 0.00158885}:
{0, 61, 0.0, 0.0, 0.0, 0.0, 0.0, 0.0, 0.0, 0.0, 0.0, 0.0, 0.0, 0.0, 0.0, 0.0, 0.0, 0.0, 0.0, 0.0, 0.0, 0.0, 0.0, 0.0, 0.0, 0.0, 0.0, 0.0, 0.0, 0.0, 0.0, 0.0, 0.0, 0.0, 0.0, 0.0, 0.0, 0.0, 0.0, 0.0, 0.0, 0.0, 0.00168879, 0.00184385, 0.00200635, 0.00217602, 0.00235254, 0.00253554, 0.00272462, 0.00291931, 0.00311914, 0.00332358, 0.00353207, 0.00374406, 0.00145288, 0.00145225, 0.00145169, 0.00145117, 0.0014507, 0.00145027, 0.00144988, 0.00144953, 0.00144921, 0.00144666}:
{0, 61, 0.0, 0.0, 0.0, 0.0, 0.0, 0.0, 0.0, 0.0, 0.0, 0.0, 0.0, 0.0, 0.0, 0.0, 0.0, 0.0, 0.0, 0.0, 0.0, 0.0, 0.0, 0.0, 0.0, 0.0, 0.0, 0.0, 0.0, 0.0, 0.0, 0.0, 0.0, 0.0, 0.0, 0.0, 0.0, 0.0, 0.0, 0.0, 0.0, 0.0, 0.0, 0.00169017, 0.00184382, 0.00200471, 0.00217255, 0.00234703, 0.00252777, 0.00271436, 0.00290636, 0.00310328, 0.0033046, 0.00350977, 0.00132286, 0.00132229, 0.00132178, 0.0013213, 0.00132088, 0.00132049, 0.00132013, 0.00131981, 0.00131952, 0.0013172}:
{0, 61, 0.0, 0.0, 0.0, 0.0, 0.0, 0.0, 0.0, 0.0, 0.0, 0.0, 0.0, 0.0, 0.0, 0.0, 0.0, 0.0, 0.0, 0.0, 0.0, 0.0, 0.0, 0.0, 0.0, 0.0, 0.0, 0.0, 0.0, 0.0, 0.0, 0.0, 0.0, 0.0, 0.0, 0.0, 0.0, 0.0, 0.0, 0.0, 0.0, 0.0, 0.0, 0.0, 0.00169446, 0.00184689, 0.00200634, 0.00217253, 0.00234514, 0.0025238, 0.0027081, 0.00289758, 0.00309177, 0.00329015, 0.00120448, 0.00120396, 0.00120349, 0.00120306, 0.00120267, 0.00120232, 0.001202, 0.0012017, 0.00120143, 0.00119933}:
{0, 61, 0.0, 0.0, 0.0, 0.0, 0.0, 0.0, 0.0, 0.0, 0.0, 0.0, 0.0, 0.0, 0.0, 0.0, 0.0, 0.0, 0.0, 0.0, 0.0, 0.0, 0.0, 0.0, 0.0, 0.0, 0.0, 0.0, 0.0, 0.0, 0.0, 0.0, 0.0, 0.0, 0.0, 0.0, 0.0, 0.0, 0.0, 0.0, 0.0, 0.0, 0.0, 0.0, 0.0, 0.00170149, 0.00185284, 0.00201101, 0.00217571, 0.00234662, 0.00252336, 0.00270551, 0.00289265, 0.00308427, 0.00109669, 0.00109622, 0.00109579, 0.0010954, 0.00109505, 0.00109472, 0.00109443, 0.00109416, 0.00109392, 0.001092}:
{0, 61, 0.0, 0.0, 0.0, 0.0, 0.0, 0.0, 0.0, 0.0, 0.0, 0.0, 0.0, 0.0, 0.0, 0.0, 0.0, 0.0, 0.0, 0.0, 0.0, 0.0, 0.0, 0.0, 0.0, 0.0, 0.0, 0.0, 0.0, 0.0, 0.0, 0.0, 0.0, 0.0, 0.0, 0.0, 0.0, 0.0, 0.0, 0.0, 0.0, 0.0, 0.0, 0.0, 0.0, 0.0, 0.00171108, 0.00186149, 0.00201852, 0.00218187, 0.00235122, 0.00252618, 0.00270635, 0.00289127, 0.000998547, 0.000998118, 0.000997728, 0.000997373, 0.00099705, 0.000996756, 0.000996489, 0.000996246, 0.000996024, 0.000994277}:
{0, 61, 0.0, 0.0, 0.0, 0.0, 0.0, 0.0, 0.0, 0.0, 0.0, 0.0, 0.0, 0.0, 0.0, 0.0, 0.0, 0.0, 0.0, 0.0, 0.0, 0.0, 0.0, 0.0, 0.0, 0.0, 0.0, 0.0, 0.0, 0.0, 0.0, 0.0, 0.0, 0.0, 0.0, 0.0, 0.0, 0.0, 0.0, 0.0, 0.0, 0.0, 0.0, 0.0, 0.0, 0.0, 0.0, 0.00172309, 0.00187268, 0.00202869, 0.00219082, 0.00235874, 0.00253205, 0.00271035, 0.000909187, 0.000908797, 0.000908442, 0.000908119, 0.000907825, 0.000907557, 0.000907313, 0.000907092, 0.00090689, 0.000905299}:
{0, 61, 0.0, 0.0, 0.0, 0.0, 0.0, 0.0, 0.0, 0.0, 0.0, 0.0, 0.0, 0.0, 0.0, 0.0, 0.0, 0.0, 0.0, 0.0, 0.0, 0.0, 0.0, 0.0, 0.0, 0.0, 0.0, 0.0, 0.0, 0.0, 0.0, 0.0, 0.0, 0.0, 0.0, 0.0, 0.0, 0.0, 0.0, 0.0, 0.0, 0.0, 0.0, 0.0, 0.0, 0.0, 0.0, 0.0, 0.00173738, 0.00188627, 0.00204137, 0.00220239, 0.00236898, 0.00254075, 0.000827825, 0.000827469, 0.000827146, 0.000826851, 0.000826584, 0.00082634, 0.000826118, 0.000825917, 0.000825733, 0.000824284}:
{0, 61, 0.0, 0.0, 0.0, 0.0, 0.0, 0.0, 0.0, 0.0, 0.0, 0.0, 0.0, 0.0, 0.0, 0.0, 0.0, 0.0, 0.0, 0.0, 0.0, 0.0, 0.0, 0.0, 0.0, 0.0, 0.0, 0.0, 0.0, 0.0, 0.0, 0.0, 0.0, 0.0, 0.0, 0.0, 0.0, 0.0, 0.0, 0.0, 0.0, 0.0, 0.0, 0.0, 0.0, 0.0, 0.0, 0.0, 0.0, 0.00175384, 0.00190211, 0.00205641, 0.00221641, 0.00238176, 0.000753743, 0.000753419, 0.000753125, 0.000752857, 0.000752613, 0.000752391, 0.000752189, 0.000752006, 0.000751838, 0.00075052}:
{0, 61, 0.0, 0.0, 0.0, 0.0, 0.0, 0.0, 0.0, 0.0, 0.0, 0.0, 0.0, 0.0, 0.0, 0.0, 0.0, 0.0, 0.0, 0.0, 0.0, 0.0, 0.0, 0.0, 0.0, 0.0, 0.0, 0.0, 0.0, 0.0, 0.0, 0.0, 0.0, 0.0, 0.0, 0.0, 0.0, 0.0, 0.0, 0.0, 0.0, 0.0, 0.0, 0.0, 0.0, 0.0, 0.0, 0.0, 0.0, 0.0, 0.00177236, 0.0019201, 0.00207366, 0.00223273, 0.000686291, 0.000685996, 0.000685728, 0.000685484, 0.000685262, 0.00068506, 0.000684876, 0.000684709, 0.000684557, 0.000683356}:
{0, 61, 0.0, 0.0, 0.0, 0.0, 0.0, 0.0, 0.0, 0.0, 0.0, 0.0, 0.0, 0.0, 0.0, 0.0, 0.0, 0.0, 0.0, 0.0, 0.0, 0.0, 0.0, 0.0, 0.0, 0.0, 0.0, 0.0, 0.0, 0.0, 0.0, 0.0, 0.0, 0.0, 0.0, 0.0, 0.0, 0.0, 0.0, 0.0, 0.0, 0.0, 0.0, 0.0, 0.0, 0.0, 0.0, 0.0, 0.0, 0.0, 0.0, 0.00179283, 0.00194011, 0.00209301, 0.000624875, 0.000624606, 0.000624362, 0.00062414, 0.000623938, 0.000623754, 0.000623587, 0.000623435, 0.000623296, 0.000622203}:
{0, 61, 0.0, 0.0, 0.0, 0.0, 0.0, 0.0, 0.0, 0.0, 0.0, 0.0, 0.0, 0.0, 0.0, 0.0, 0.0, 0.0, 0.0, 0.0, 0.0, 0.0, 0.0, 0.0, 0.0, 0.0, 0.0, 0.0, 0.0, 0.0, 0.0, 0.0, 0.0, 0.0, 0.0, 0.0, 0.0, 0.0, 0.0, 0.0, 0.0, 0.0, 0.0, 0.0, 0.0, 0.0, 0.0, 0.0, 0.0, 0.0, 0.0, 0.0, 0.00181516, 0.00196204, 0.000568955, 0.000568711, 0.000568488, 0.000568286, 0.000568102, 0.000567935, 0.000567782, 0.000567644, 0.000567517, 0.000566522}:
{0, 61, 0.0, 0.0, 0.0, 0.0, 0.0, 0.0, 0.0, 0.0, 0.0, 0.0, 0.0, 0.0, 0.0, 0.0, 0.0, 0.0, 0.0, 0.0, 0.0, 0.0, 0.0, 0.0, 0.0, 0.0, 0.0, 0.0, 0.0, 0.0, 0.0, 0.0, 0.0, 0.0, 0.0, 0.0, 0.0, 0.0, 0.0, 0.0, 0.0, 0.0, 0.0, 0.0, 0.0, 0.0, 0.0, 0.0, 0.0, 0.0, 0.0, 0.0, 0.0, 0.00183927, 0.000518039, 0.000517817, 0.000517615, 0.00051743, 0.000517263, 0.00051711, 0.000516972, 0.000516845, 0.00051673, 0.000515824}:
{0, 61, 0.0, 0.0, 0.0, 0.0, 0.0, 0.0, 0.0, 0.0, 0.0, 0.0, 0.0, 0.0, 0.0, 0.0, 0.0, 0.0, 0.0, 0.0, 0.0, 0.0, 0.0, 0.0, 0.0, 0.0, 0.0, 0.0, 0.0, 0.0, 0.0, 0.0, 0.0, 0.0, 0.0, 0.0, 0.0, 0.0, 0.0, 0.0, 0.0, 0.0, 0.0, 0.0, 0.0, 0.0, 0.0, 0.0, 0.0, 0.0, 0.0, 0.0, 0.0, 0.0, 0.00047168, 0.000471478, 0.000471293, 0.000471126, 0.000470973, 0.000470834, 0.000470708, 0.000470593, 0.000470488, 0.000469663}:
{0, 61, 0.0, 0.0, 0.0, 0.0, 0.0, 0.0, 0.0, 0.0, 0.0, 0.0, 0.0, 0.0, 0.0, 0.0, 0.0, 0.0, 0.0, 0.0, 0.0, 0.0, 0.0, 0.0, 0.0, 0.0, 0.0, 0.0, 0.0, 0.0, 0.0, 0.0, 0.0, 0.0, 0.0, 0.0, 0.0, 0.0, 0.0, 0.0, 0.0, 0.0, 0.0, 0.0, 0.0, 0.0, 0.0, 0.0, 0.0, 0.0, 0.0, 0.0, 0.0, 0.0, 0.0, 0.000429285, 0.000429118, 0.000428965, 0.000428826, 0.0004287, 0.000428585, 0.00042848, 0.000428385, 0.000427633}:
{0, 61, 0.0, 0.0, 0.0, 0.0, 0.0, 0.0, 0.0, 0.0, 0.0, 0.0, 0.0, 0.0, 0.0, 0.0, 0.0, 0.0, 0.0, 0.0, 0.0, 0.0, 0.0, 0.0, 0.0, 0.0, 0.0, 0.0, 0.0, 0.0, 0.0, 0.0, 0.0, 0.0, 0.0, 0.0, 0.0, 0.0, 0.0, 0.0, 0.0, 0.0, 0.0, 0.0, 0.0, 0.0, 0.0, 0.0, 0.0, 0.0, 0.0, 0.0, 0.0, 0.0, 0.0, 0.0, 0.000390716, 0.000390577, 0.00039045, 0.000390335, 0.000390231, 0.000390135, 0.000390049, 0.000389364}:
{0, 61, 0.0, 0.0, 0.0, 0.0, 0.0, 0.0, 0.0, 0.0, 0.0, 0.0, 0.0, 0.0, 0.0, 0.0, 0.0, 0.0, 0.0, 0.0, 0.0, 0.0, 0.0, 0.0, 0.0, 0.0, 0.0, 0.0, 0.0, 0.0, 0.0, 0.0, 0.0, 0.0, 0.0, 0.0, 0.0, 0.0, 0.0, 0.0, 0.0, 0.0, 0.0, 0.0, 0.0, 0.0, 0.0, 0.0, 0.0, 0.0, 0.0, 0.0, 0.0, 0.0, 0.0, 0.0, 0.0, 0.000355624, 0.000355509, 0.000355404, 0.000355309, 0.000355222, 0.000355143, 0.00035452}:
{0, 61, 0.0, 0.0, 0.0, 0.0, 0.0, 0.0, 0.0, 0.0, 0.0, 0.0, 0.0, 0.0, 0.0, 0.0, 0.0, 0.0, 0.0, 0.0, 0.0, 0.0, 0.0, 0.0, 0.0, 0.0, 0.0, 0.0, 0.0, 0.0, 0.0, 0.0, 0.0, 0.0, 0.0, 0.0, 0.0, 0.0, 0.0, 0.0, 0.0, 0.0, 0.0, 0.0, 0.0, 0.0, 0.0, 0.0, 0.0, 0.0, 0.0, 0.0, 0.0, 0.0, 0.0, 0.0, 0.0, 0.0, 0.000323695, 0.000323599, 0.000323513, 0.000323434, 0.000323362, 0.000322794}:
{0, 61, 0.0, 0.0, 0.0, 0.0, 0.0, 0.0, 0.0, 0.0, 0.0, 0.0, 0.0, 0.0, 0.0, 0.0, 0.0, 0.0, 0.0, 0.0, 0.0, 0.0, 0.0, 0.0, 0.0, 0.0, 0.0, 0.0, 0.0, 0.0, 0.0, 0.0, 0.0, 0.0, 0.0, 0.0, 0.0, 0.0, 0.0, 0.0, 0.0, 0.0, 0.0, 0.0, 0.0, 0.0, 0.0, 0.0, 0.0, 0.0, 0.0, 0.0, 0.0, 0.0, 0.0, 0.0, 0.0, 0.0, 0.0, 0.000294641, 0.000294562, 0.00029449, 0.000294424, 0.000293908}:
{0, 61, 0.0, 0.0, 0.0, 0.0, 0.0, 0.0, 0.0, 0.0, 0.0, 0.0, 0.0, 0.0, 0.0, 0.0, 0.0, 0.0, 0.0, 0.0, 0.0, 0.0, 0.0, 0.0, 0.0, 0.0, 0.0, 0.0, 0.0, 0.0, 0.0, 0.0, 0.0, 0.0, 0.0, 0.0, 0.0, 0.0, 0.0, 0.0, 0.0, 0.0, 0.0, 0.0, 0.0, 0.0, 0.0, 0.0, 0.0, 0.0, 0.0, 0.0, 0.0, 0.0, 0.0, 0.0, 0.0, 0.0, 0.0, 0.0, 0.000268201, 0.000268136, 0.000268076, 0.000267606}:
{0, 61, 0.0, 0.0, 0.0, 0.0, 0.0, 0.0, 0.0, 0.0, 0.0, 0.0, 0.0, 0.0, 0.0, 0.0, 0.0, 0.0, 0.0, 0.0, 0.0, 0.0, 0.0, 0.0, 0.0, 0.0, 0.0, 0.0, 0.0, 0.0, 0.0, 0.0, 0.0, 0.0, 0.0, 0.0, 0.0, 0.0, 0.0, 0.0, 0.0, 0.0, 0.0, 0.0, 0.0, 0.0, 0.0, 0.0, 0.0, 0.0, 0.0, 0.0, 0.0, 0.0, 0.0, 0.0, 0.0, 0.0, 0.0, 0.0, 0.0, 0.00024414, 0.000244086, 0.000243658}:
{0, 61, 0.0, 0.0, 0.0, 0.0, 0.0, 0.0, 0.0, 0.0, 0.0, 0.0, 0.0, 0.0, 0.0, 0.0, 0.0, 0.0, 0.0, 0.0, 0.0, 0.0, 0.0, 0.0, 0.0, 0.0, 0.0, 0.0, 0.0, 0.0, 0.0, 0.0, 0.0, 0.0, 0.0, 0.0, 0.0, 0.0, 0.0, 0.0, 0.0, 0.0, 0.0, 0.0, 0.0, 0.0, 0.0, 0.0, 0.0, 0.0, 0.0, 0.0, 0.0, 0.0, 0.0, 0.0, 0.0, 0.0, 0.0, 0.0, 0.0, 0.0, 0.00175729, 0.00175654}:
{0, 61, 0.0, 0.0, 0.0, 0.0, 0.0, 0.0, 0.0, 0.0, 0.0, 0.0, 0.0, 0.0, 0.0, 0.0, 0.0, 0.0, 0.0, 0.0, 0.0, 0.0, 0.0, 0.0, 0.0, 0.0, 0.0, 0.0, 0.0, 0.0, 0.0, 0.0, 0.0, 0.0, 0.0, 0.0, 0.0, 0.0, 0.0, 0.0, 0.0, 0.0, 0.0, 0.0, 0.0, 0.0, 0.0, 0.0, 0.0, 0.0, 0.0, 0.0, 0.0, 0.0, 0.0, 0.0, 0.0, 0.0, 0.0, 0.0, 0.0, 0.0, 0.0, 0.000391936};
>
