

--------- #nue_app ---------
	
0.0625	           0	           0	
0.1875	           0	           0	
0.3125	           0	           0	
0.4375	           0	           0	
0.5625	           0	           0	
0.6875	           0	           0	
0.8125	           0	           0	
0.9375	           0	           0	
 1.062	           0	           0	
 1.188	           0	           0	
 1.312	           0	           0	
 1.438	           0	           0	
 1.562	           0	           0	
 1.688	           0	           0	
 1.812	           0	           0	
 1.938	           0	           0	
 2.062	           0	           0	
 2.188	           0	           0	
 2.312	           0	           0	
 2.438	           0	           0	
 2.562	           0	           0	
 2.688	           0	           0	
 2.812	           0	           0	
 2.938	           0	           0	
 3.062	           0	           0	
 3.188	           0	           0	
 3.312	           0	           0	
 3.438	           0	           0	
 3.562	           0	           0	
 3.688	           0	           0	
 3.812	           0	           0	
 3.938	           0	           0	
 4.062	           0	           0	
 4.188	           0	           0	
 4.312	           0	           0	
 4.438	           0	           0	
 4.562	           0	           0	
 4.688	           0	           0	
 4.812	           0	           0	
 4.938	           0	           0	
 5.062	           0	           0	
 5.188	           0	           0	
 5.312	           0	           0	
 5.438	           0	           0	
 5.562	           0	           0	
 5.688	           0	           0	
 5.812	           0	           0	
 5.938	           0	           0	
 6.062	           0	           0	
 6.188	           0	           0	
 6.312	           0	           0	
 6.438	           0	           0	
 6.562	           0	           0	
 6.688	           0	           0	
 6.812	           0	           0	
 6.938	           0	           0	
 7.062	           0	           0	
 7.188	           0	           0	
 7.312	           0	           0	
 7.438	           0	           0	
 7.562	           0	           0	
 7.688	           0	           0	
 7.812	           0	           0	
 7.938	           0	           0	
   8.5	           0	           0	
   9.5	           0	           0	
    11	           0	           0	
    13	           0	           0	
    15	           0	           0	
    17	           0	           0	
    19	           0	           0	
--------------------------------------
Total:	           0	           0	
	
0.0625	           0	           0	           0	           0	           0	           0	           0	           0	
0.1875	           0	           0	           0	           0	           0	           0	           0	           0	
0.3125	           0	           0	           0	           0	           0	           0	           0	           0	
0.4375	           0	           0	           0	           0	           0	           0	           0	           0	
0.5625	           0	           0	           0	           0	           0	           0	           0	           0	
0.6875	           0	           0	           0	           0	           0	           0	           0	           0	
0.8125	           0	           0	           0	           0	           0	           0	           0	           0	
0.9375	           0	           0	           0	           0	           0	           0	           0	           0	
 1.062	           0	           0	           0	           0	           0	           0	           0	           0	
 1.188	           0	           0	           0	           0	           0	           0	           0	           0	
 1.312	           0	           0	           0	           0	           0	           0	           0	           0	
 1.438	           0	           0	           0	           0	           0	           0	           0	           0	
 1.562	           0	           0	           0	           0	           0	           0	           0	           0	
 1.688	           0	           0	           0	           0	           0	           0	           0	           0	
 1.812	           0	           0	           0	           0	           0	           0	           0	           0	
 1.938	           0	           0	           0	           0	           0	           0	           0	           0	
 2.062	           0	           0	           0	           0	           0	           0	           0	           0	
 2.188	           0	           0	           0	           0	           0	           0	           0	           0	
 2.312	           0	           0	           0	           0	           0	           0	           0	           0	
 2.438	           0	           0	           0	           0	           0	           0	           0	           0	
 2.562	           0	           0	           0	           0	           0	           0	           0	           0	
 2.688	           0	           0	           0	           0	           0	           0	           0	           0	
 2.812	           0	           0	           0	           0	           0	           0	           0	           0	
 2.938	           0	           0	           0	           0	           0	           0	           0	           0	
 3.062	           0	           0	           0	           0	           0	           0	           0	           0	
 3.188	           0	           0	           0	           0	           0	           0	           0	           0	
 3.312	           0	           0	           0	           0	           0	           0	           0	           0	
 3.438	           0	           0	           0	           0	           0	           0	           0	           0	
 3.562	           0	           0	           0	           0	           0	           0	           0	           0	
 3.688	           0	           0	           0	           0	           0	           0	           0	           0	
 3.812	           0	           0	           0	           0	           0	           0	           0	           0	
 3.938	           0	           0	           0	           0	           0	           0	           0	           0	
 4.062	           0	           0	           0	           0	           0	           0	           0	           0	
 4.188	           0	           0	           0	           0	           0	           0	           0	           0	
 4.312	           0	           0	           0	           0	           0	           0	           0	           0	
 4.438	           0	           0	           0	           0	           0	           0	           0	           0	
 4.562	           0	           0	           0	           0	           0	           0	           0	           0	
 4.688	           0	           0	           0	           0	           0	           0	           0	           0	
 4.812	           0	           0	           0	           0	           0	           0	           0	           0	
 4.938	           0	           0	           0	           0	           0	           0	           0	           0	
 5.062	           0	           0	           0	           0	           0	           0	           0	           0	
 5.188	           0	           0	           0	           0	           0	           0	           0	           0	
 5.312	           0	           0	           0	           0	           0	           0	           0	           0	
 5.438	           0	           0	           0	           0	           0	           0	           0	           0	
 5.562	           0	           0	           0	           0	           0	           0	           0	           0	
 5.688	           0	           0	           0	           0	           0	           0	           0	           0	
 5.812	           0	           0	           0	           0	           0	           0	           0	           0	
 5.938	           0	           0	           0	           0	           0	           0	           0	           0	
 6.062	           0	           0	           0	           0	           0	           0	           0	           0	
 6.188	           0	           0	           0	           0	           0	           0	           0	           0	
 6.312	           0	           0	           0	           0	           0	           0	           0	           0	
 6.438	           0	           0	           0	           0	           0	           0	           0	           0	
 6.562	           0	           0	           0	           0	           0	           0	           0	           0	
 6.688	           0	           0	           0	           0	           0	           0	           0	           0	
 6.812	           0	           0	           0	           0	           0	           0	           0	           0	
 6.938	           0	           0	           0	           0	           0	           0	           0	           0	
 7.062	           0	           0	           0	           0	           0	           0	           0	           0	
 7.188	           0	           0	           0	           0	           0	           0	           0	           0	
 7.312	           0	           0	           0	           0	           0	           0	           0	           0	
 7.438	           0	           0	           0	           0	           0	           0	           0	           0	
 7.562	           0	           0	           0	           0	           0	           0	           0	           0	
 7.688	           0	           0	           0	           0	           0	           0	           0	           0	
 7.812	           0	           0	           0	           0	           0	           0	           0	           0	
 7.938	           0	           0	           0	           0	           0	           0	           0	           0	
   8.5	           0	           0	           0	           0	           0	           0	           0	           0	
   9.5	           0	           0	           0	           0	           0	           0	           0	           0	
    11	           0	           0	           0	           0	           0	           0	           0	           0	
    13	           0	           0	           0	           0	           0	           0	           0	           0	
    15	           0	           0	           0	           0	           0	           0	           0	           0	
    17	           0	           0	           0	           0	           0	           0	           0	           0	
    19	           0	           0	           0	           0	           0	           0	           0	           0	
--------------------------------------------------------------------------------------------------------------------------------------
Total:	           0	           0	           0	           0	           0	           0	           0	           0	

	
--------- #nuebar_app ---------
	
0.0625	           0	   0.0585663	
0.1875	   0.0644433	    0.303062	
0.3125	   0.0284412	    0.250378	
0.4375	   0.0150831	    0.242649	
0.5625	   0.0523638	    0.299771	
0.6875	     0.16266	    0.701946	
0.8125	    0.184622	     1.16449	
0.9375	    0.168017	     1.60796	
 1.062	     0.33297	     1.65817	
 1.188	     0.20819	     1.44368	
 1.312	     0.26034	     1.09421	
 1.438	    0.312819	    0.857098	
 1.562	     0.50108	     1.01265	
 1.688	    0.556866	     1.39644	
 1.812	    0.755863	     1.96884	
 1.938	     1.05239	     2.88034	
 2.062	    0.990056	     3.63502	
 2.188	     1.18013	     4.34296	
 2.312	     1.09181	     4.91171	
 2.438	     1.09503	     6.00301	
 2.562	     1.29898	     7.03518	
 2.688	     1.23587	     7.69706	
 2.812	     1.31473	     7.72219	
 2.938	     1.30641	     7.84104	
 3.062	      1.2456	     7.76572	
 3.188	     1.09135	     7.48545	
 3.312	    0.943189	     6.84248	
 3.438	    0.966639	     7.01197	
 3.562	    0.838672	     6.22054	
 3.688	    0.898965	     5.63891	
 3.812	    0.929039	     5.01045	
 3.938	     0.73974	     4.41232	
 4.062	    0.603985	     3.86019	
 4.188	    0.799205	     3.36067	
 4.312	    0.650758	     2.51699	
 4.438	    0.637691	     2.34454	
 4.562	    0.537792	     1.89459	
 4.688	    0.478637	     1.53659	
 4.812	    0.452473	     1.32367	
 4.938	     0.41335	     1.23204	
 5.062	    0.458488	    0.845082	
 5.188	    0.300272	    0.888466	
 5.312	    0.374691	    0.638141	
 5.438	     0.40273	    0.613374	
 5.562	    0.302373	    0.408516	
 5.688	    0.382369	    0.438865	
 5.812	    0.302953	    0.302791	
 5.938	    0.333507	    0.299841	
 6.062	    0.243052	    0.232992	
 6.188	    0.189997	    0.330915	
 6.312	    0.233115	    0.166904	
 6.438	    0.208485	    0.154835	
 6.562	    0.237915	    0.149881	
 6.688	    0.225638	    0.160944	
 6.812	    0.181301	    0.133076	
 6.938	    0.193203	    0.140566	
 7.062	     0.17631	   0.0808274	
 7.188	    0.179632	   0.0867864	
 7.312	    0.137498	   0.0811346	
 7.438	    0.137396	   0.0726227	
 7.562	    0.134482	   0.0786347	
 7.688	    0.139367	   0.0635477	
 7.812	     0.12884	   0.0558233	
 7.938	    0.130584	   0.0366187	
   8.5	    0.621776	    0.380597	
   9.5	     0.30792	    0.228564	
    11	    0.355613	    0.290302	
    13	    0.148234	    0.158469	
    15	   0.0741242	     0.06641	
    17	   0.0432506	   0.0490121	
    19	   0.0259131	   0.0215747	
--------------------------------------
Total:	     33.7073	     142.242	
	
0.0625	           0	           0	           0	           0	           0	           0	           0	    0.191945	
0.1875	    0.256016	           0	           0	    0.162693	           0	           0	           0	    0.387213	
0.3125	    0.721157	           0	           0	           0	           0	           0	           0	   0.0976204	
0.4375	    0.346269	           0	           0	           0	   0.0483879	           0	           0	    0.292148	
0.5625	           0	     0.73732	           0	           0	           0	           0	           0	    0.783558	
0.6875	           0	           0	           0	           0	           0	    0.156239	     0.43182	    0.586636	
0.8125	           0	    0.638872	           0	    0.134033	           0	     0.16935	    0.223386	     1.95561	
0.9375	    0.256983	    0.251703	           0	           0	   0.0816115	    0.125984	    0.311702	     2.24927	
 1.062	    0.159936	     1.70435	           0	    0.307353	    0.104259	    0.147554	    0.109433	     2.71894	
 1.188	    0.608404	    0.202177	           0	    0.273821	   0.0667115	    0.217576	    0.480215	     3.70724	
 1.312	    0.378152	    0.666281	           0	           0	           0	   0.0659912	    0.732384	     3.14632	
 1.438	    0.245179	     0.84252	           0	           0	           0	     0.23003	    0.317531	     2.80653	
 1.562	    0.344029	     2.65034	    0.171086	           0	           0	    0.607408	    0.690828	     2.83488	
 1.688	           0	    0.803726	    0.181982	   0.0895863	    0.200267	    0.248083	    0.661841	     2.81494	
 1.812	           0	     1.59421	           0	           0	           0	    0.218019	     0.62547	     4.02838	
 1.938	    0.432055	     0.91232	    0.187858	    0.216151	   0.0589125	    0.197024	     1.03285	      4.0879	
 2.062	    0.191097	    0.606303	           0	   0.0676947	     0.13052	    0.377823	     1.25225	     4.00249	
 2.188	           0	     1.91844	           0	           0	    0.313124	    0.445656	    0.702316	     3.01199	
 2.312	    0.279708	    0.869364	           0	   0.0700715	    0.198686	     0.18602	     1.17101	     1.72811	
 2.438	       1.008	    0.962098	    0.377072	    0.073162	    0.225616	    0.112623	     0.92547	     2.57483	
 2.562	    0.429063	     2.30102	           0	   0.0805652	   0.0747182	    0.560502	    0.838216	     1.69307	
 2.688	    0.382852	     1.09163	    0.371509	           0	     0.29334	    0.222641	     1.00413	     2.03845	
 2.812	    0.282537	     1.26088	           0	   0.0880731	    0.160128	    0.271045	    0.808073	     2.27429	
 2.938	    0.355998	      1.5558	    0.218086	   0.0968284	    0.183858	    0.466091	     0.74371	     1.70523	
 3.062	    0.457299	     2.18527	           0	    0.191811	    0.354154	    0.301915	    0.616384	     2.54685	
 3.188	     0.57912	     1.07125	    0.221425	           0	    0.155911	    0.270642	    0.609194	     1.08073	
 3.312	    0.198922	    0.280766	    0.411036	    0.107637	           0	    0.197836	    0.296422	      1.1926	
 3.438	    0.767513	       1.619	    0.238509	    0.110099	    0.229238	    0.106058	    0.947757	     1.19446	
 3.562	     1.19415	    0.534074	    0.220444	           0	    0.331697	    0.654482	     0.73503	    0.932551	
 3.688	    0.750714	    0.473559	    0.289663	    0.222456	    0.180738	    0.196429	    0.695591	     0.80903	
 3.812	     0.21991	    0.548426	           0	    0.244199	     0.28146	    0.314764	    0.589963	    0.366567	
 3.938	    0.366307	    0.274041	           0	    0.117966	    0.145214	    0.375792	    0.749096	    0.615095	
 4.062	           0	     1.59056	    0.244883	    0.124768	    0.229992	    0.252956	    0.791405	    0.690874	
 4.188	    0.492281	     1.94937	    0.487911	           0	    0.193546	    0.310093	    0.605548	    0.725029	
 4.312	    0.894977	    0.749099	    0.284174	    0.140602	    0.158003	    0.161531	    0.255322	    0.506195	
 4.438	    0.555222	     1.13646	    0.288826	           0	           0	   0.0443347	    0.451199	    0.781823	
 4.562	           0	     1.88312	           0	    0.128515	   0.0961078	    0.226484	    0.356727	     0.26302	
 4.688	     1.14488	      2.3435	           0	           0	    0.292237	   0.0899708	    0.219456	    0.298686	
 4.812	    0.661868	     1.37945	    0.264177	           0	    0.130767	    0.180006	    0.218585	    0.170295	
 4.938	     0.73516	    0.336554	           0	           0	    0.156786	   0.0969095	    0.375293	    0.213802	
 5.062	    0.563193	     1.03889	           0	           0	    0.127991	   0.0934491	    0.369073	           0	
 5.188	    0.444461	     1.48641	           0	           0	    0.111916	    0.176126	    0.198347	   0.0853754	
 5.312	    0.227966	    0.604399	    0.319384	           0	     0.29651	    0.152875	    0.501075	    0.428348	
 5.438	           0	    0.536506	           0	    0.142125	   0.0990914	    0.104684	    0.316338	    0.495334	
 5.562	           0	    0.941691	           0	           0	    0.172059	   0.0622566	     0.11745	   0.0925467	
 5.688	    0.744463	    0.476151	           0	           0	   0.0905794	           0	    0.194257	   0.0818561	
 5.812	           0	     1.32972	           0	           0	    0.035858	   0.0609322	    0.126689	    0.201258	
 5.938	           0	           0	           0	           0	   0.0402697	   0.0716811	    0.124674	   0.0953696	
 6.062	           0	    0.132998	           0	           0	    0.115933	    0.134147	    0.103865	    0.211608	
 6.188	    0.517252	    0.132998	           0	           0	   0.0338289	    0.100933	    0.111636	    0.229149	
 6.312	     1.13778	    0.172857	           0	           0	   0.0766964	   0.0831283	    0.108829	   0.0965845	
 6.438	    0.842427	           0	           0	           0	    0.132474	           0	    0.123768	   0.0997034	
 6.562	           0	    0.205904	    0.352095	           0	    0.108042	           0	    0.296512	    0.109864	
 6.688	           0	     1.69949	           0	           0	           0	   0.0871094	     0.11904	    0.108764	
 6.812	    0.357758	    0.322819	           0	           0	           0	   0.0376663	   0.0949603	   0.0895556	
 6.938	           0	           0	           0	           0	   0.0332884	   0.0200556	    0.123006	    0.128452	
 7.062	    0.878721	     1.18622	           0	           0	   0.0607687	   0.0212278	           0	    0.106896	
 7.188	    0.487703	    0.613839	           0	           0	   0.0620918	   0.0326809	           0	   0.0953738	
 7.312	     1.59709	           0	           0	           0	   0.0653237	   0.0335948	    0.202716	     0.11061	
 7.438	    0.586522	    0.525539	           0	           0	   0.0446923	   0.0171775	    0.229326	    0.108313	
 7.562	     0.27937	           0	           0	           0	    0.089766	   0.0215015	           0	           0	
 7.688	           0	     0.31858	           0	           0	   0.0258846	   0.0378057	           0	           0	
 7.812	    0.334609	    0.840664	           0	           0	   0.0344232	   0.0172283	    0.172582	           0	
 7.938	    0.517069	           0	           0	    0.356629	           0	   0.0195419	   0.0923532	           0	
   8.5	     3.22144	     2.12684	           0	           0	    0.145308	    0.182489	     0.69835	    0.691456	
   9.5	     3.24408	     1.96194	           0	           0	   0.0740025	    0.131916	    0.314851	    0.133832	
    11	      3.3893	    0.955211	           0	           0	   0.0902057	   0.0861377	    0.854165	    0.626201	
    13	     1.02918	     2.43388	    0.360093	           0	    0.095012	   0.0627178	    0.201908	           0	
    15	    0.483115	    0.610181	           0	           0	   0.0271888	           0	           0	    0.139783	
    17	           0	    0.620628	           0	           0	   0.0215997	           0	     0.11312	           0	
    19	    0.764314	     1.73252	           0	           0	  0.00462138	   0.0097553	    0.109173	           0	
--------------------------------------------------------------------------------------------------------------------------------------
Total:	     37.3436	     62.9307	     5.49021	     3.54684	     7.39142	     10.6647	     27.5937	     68.6714	

	
--------- #numu_dis ---------
	
0.0625	           0	           0	
0.1875	           0	           0	
0.3125	           0	           0	
0.4375	           0	           0	
0.5625	           0	           0	
0.6875	           0	           0	
0.8125	           0	           0	
0.9375	           0	           0	
 1.062	           0	           0	
 1.188	           0	           0	
 1.312	           0	           0	
 1.438	           0	           0	
 1.562	           0	           0	
 1.688	           0	           0	
 1.812	           0	           0	
 1.938	           0	           0	
 2.062	           0	           0	
 2.188	           0	           0	
 2.312	           0	           0	
 2.438	           0	           0	
 2.562	           0	           0	
 2.688	           0	           0	
 2.812	           0	           0	
 2.938	           0	           0	
 3.062	           0	           0	
 3.188	           0	           0	
 3.312	           0	           0	
 3.438	           0	           0	
 3.562	           0	           0	
 3.688	           0	           0	
 3.812	           0	           0	
 3.938	           0	           0	
 4.062	           0	           0	
 4.188	           0	           0	
 4.312	           0	           0	
 4.438	           0	           0	
 4.562	           0	           0	
 4.688	           0	           0	
 4.812	           0	           0	
 4.938	           0	           0	
 5.062	           0	           0	
 5.188	           0	           0	
 5.312	           0	           0	
 5.438	           0	           0	
 5.562	           0	           0	
 5.688	           0	           0	
 5.812	           0	           0	
 5.938	           0	           0	
 6.062	           0	           0	
 6.188	           0	           0	
 6.312	           0	           0	
 6.438	           0	           0	
 6.562	           0	           0	
 6.688	           0	           0	
 6.812	           0	           0	
 6.938	           0	           0	
 7.062	           0	           0	
 7.188	           0	           0	
 7.312	           0	           0	
 7.438	           0	           0	
 7.562	           0	           0	
 7.688	           0	           0	
 7.812	           0	           0	
 7.938	           0	           0	
   8.5	           0	           0	
   9.5	           0	           0	
    11	           0	           0	
    13	           0	           0	
    15	           0	           0	
    17	           0	           0	
    19	           0	           0	
--------------------------------------
Total:	           0	           0	
	
0.0625	           0	           0	           0	           0	
0.1875	           0	           0	           0	           0	
0.3125	           0	           0	           0	           0	
0.4375	           0	           0	           0	           0	
0.5625	           0	           0	           0	           0	
0.6875	           0	           0	           0	           0	
0.8125	           0	           0	           0	           0	
0.9375	           0	           0	           0	           0	
 1.062	           0	           0	           0	           0	
 1.188	           0	           0	           0	           0	
 1.312	           0	           0	           0	           0	
 1.438	           0	           0	           0	           0	
 1.562	           0	           0	           0	           0	
 1.688	           0	           0	           0	           0	
 1.812	           0	           0	           0	           0	
 1.938	           0	           0	           0	           0	
 2.062	           0	           0	           0	           0	
 2.188	           0	           0	           0	           0	
 2.312	           0	           0	           0	           0	
 2.438	           0	           0	           0	           0	
 2.562	           0	           0	           0	           0	
 2.688	           0	           0	           0	           0	
 2.812	           0	           0	           0	           0	
 2.938	           0	           0	           0	           0	
 3.062	           0	           0	           0	           0	
 3.188	           0	           0	           0	           0	
 3.312	           0	           0	           0	           0	
 3.438	           0	           0	           0	           0	
 3.562	           0	           0	           0	           0	
 3.688	           0	           0	           0	           0	
 3.812	           0	           0	           0	           0	
 3.938	           0	           0	           0	           0	
 4.062	           0	           0	           0	           0	
 4.188	           0	           0	           0	           0	
 4.312	           0	           0	           0	           0	
 4.438	           0	           0	           0	           0	
 4.562	           0	           0	           0	           0	
 4.688	           0	           0	           0	           0	
 4.812	           0	           0	           0	           0	
 4.938	           0	           0	           0	           0	
 5.062	           0	           0	           0	           0	
 5.188	           0	           0	           0	           0	
 5.312	           0	           0	           0	           0	
 5.438	           0	           0	           0	           0	
 5.562	           0	           0	           0	           0	
 5.688	           0	           0	           0	           0	
 5.812	           0	           0	           0	           0	
 5.938	           0	           0	           0	           0	
 6.062	           0	           0	           0	           0	
 6.188	           0	           0	           0	           0	
 6.312	           0	           0	           0	           0	
 6.438	           0	           0	           0	           0	
 6.562	           0	           0	           0	           0	
 6.688	           0	           0	           0	           0	
 6.812	           0	           0	           0	           0	
 6.938	           0	           0	           0	           0	
 7.062	           0	           0	           0	           0	
 7.188	           0	           0	           0	           0	
 7.312	           0	           0	           0	           0	
 7.438	           0	           0	           0	           0	
 7.562	           0	           0	           0	           0	
 7.688	           0	           0	           0	           0	
 7.812	           0	           0	           0	           0	
 7.938	           0	           0	           0	           0	
   8.5	           0	           0	           0	           0	
   9.5	           0	           0	           0	           0	
    11	           0	           0	           0	           0	
    13	           0	           0	           0	           0	
    15	           0	           0	           0	           0	
    17	           0	           0	           0	           0	
    19	           0	           0	           0	           0	
----------------------------------------------------------------------
Total:	           0	           0	           0	           0	

	
--------- #numubar_dis ---------
	
0.0625	    0.252526	     1.03037	
0.1875	    0.842174	      6.3434	
0.3125	     1.23105	     5.92455	
0.4375	     2.15793	     8.45676	
0.5625	     4.80507	     15.0487	
0.6875	      4.3747	     18.3757	
0.8125	     6.41801	     31.8112	
0.9375	     8.62792	     52.1349	
 1.062	     10.6855	     73.5884	
 1.188	     12.3507	     79.9651	
 1.312	     14.0013	     101.317	
 1.438	     15.0507	     105.935	
 1.562	      13.865	     96.7116	
 1.688	     11.1124	     83.2979	
 1.812	     10.5324	     69.0162	
 1.938	      9.4518	     53.3225	
 2.062	     7.13765	     48.2834	
 2.188	     6.33887	     36.0802	
 2.312	     5.87775	     34.3307	
 2.438	     3.88819	     25.9047	
 2.562	      4.4427	     25.2745	
 2.688	     5.17535	     24.6719	
 2.812	     4.59787	     25.6717	
 2.938	     4.22389	     30.1382	
 3.062	     4.70883	     33.0944	
 3.188	      6.4041	     36.5198	
 3.312	     6.68696	     46.1447	
 3.438	     7.42934	     42.1073	
 3.562	     7.02016	     46.6139	
 3.688	     9.40645	     45.9722	
 3.812	     9.29311	     53.6021	
 3.938	     10.2039	     49.5976	
 4.062	     9.21573	      47.272	
 4.188	     11.7493	      43.166	
 4.312	     11.2692	     46.8514	
 4.438	     11.0823	     44.6396	
 4.562	     12.2155	     44.1643	
 4.688	     13.1998	     34.8096	
 4.812	      13.627	     36.8716	
 4.938	     11.3935	     32.2596	
 5.062	     14.2251	     32.8329	
 5.188	     12.4038	     27.5745	
 5.312	     13.7056	     21.2605	
 5.438	     14.8774	     27.3096	
 5.562	     14.6209	     24.5724	
 5.688	     12.5774	     18.4366	
 5.812	     13.9326	     17.7821	
 5.938	     13.0607	     17.2927	
 6.062	     14.8297	     13.8625	
 6.188	     10.3724	     16.2404	
 6.312	     13.0001	     12.9343	
 6.438	     14.2823	     11.3268	
 6.562	     15.3413	      12.487	
 6.688	      14.529	     12.9123	
 6.812	     12.2032	      14.392	
 6.938	     14.3688	     12.4316	
 7.062	     12.6947	     7.86836	
 7.188	     13.3897	     8.56751	
 7.312	     10.8045	     11.1778	
 7.438	     12.7542	      8.7042	
 7.562	     11.0126	     9.19359	
 7.688	     11.7668	     7.45512	
 7.812	     11.5094	     6.78805	
 7.938	     11.9191	     6.77592	
   8.5	     105.859	     84.2093	
   9.5	     133.496	     100.006	
    11	     194.207	     149.072	
    13	     134.622	     85.3162	
    15	     87.7991	     47.0269	
    17	     64.4406	     31.5108	
    19	     49.3668	     16.2207	
--------------------------------------
Total:	     1406.32	     2609.86	
	
0.0625	           0	           0	           0	           0	
0.1875	   0.0440159	           0	           0	           0	
0.3125	           0	    0.126576	    0.230972	     1.87956	
0.4375	   0.0397272	    0.127087	     0.11213	    0.920885	
0.5625	   0.0428583	   0.0477527	    0.451676	     3.39156	
0.6875	   0.0446572	   0.0681326	    0.793444	     5.67345	
0.8125	    0.156218	   0.0460829	    0.885069	     5.78452	
0.9375	     0.15601	     0.43197	    0.655963	     4.22726	
 1.062	    0.122583	    0.385587	    0.941411	     5.49653	
 1.188	    0.267155	     0.44129	    0.823635	       4.609	
 1.312	           0	    0.335361	    0.858229	     4.34316	
 1.438	    0.264721	    0.384284	    0.687355	     3.35763	
 1.562	    0.282979	     0.50736	    0.526231	     2.34841	
 1.688	    0.195726	    0.462685	      1.4311	     5.40901	
 1.812	    0.267659	     0.15607	      1.2446	     4.80628	
 1.938	    0.308497	    0.589817	    0.541694	     1.84554	
 2.062	    0.198699	    0.452585	    0.332161	     1.13507	
 2.188	    0.270453	    0.698104	    0.736359	     2.10051	
 2.312	     0.28567	    0.535734	    0.582483	     1.60537	
 2.438	    0.352288	    0.792414	    0.934194	     2.18337	
 2.562	    0.463589	    0.499622	    0.429248	     1.18843	
 2.688	    0.515203	    0.488105	    0.124427	    0.255555	
 2.812	    0.227246	    0.491347	    0.643419	     1.49376	
 2.938	    0.403682	    0.358383	    0.487601	    0.881209	
 3.062	    0.238951	    0.380066	    0.231436	    0.337472	
 3.188	     0.32214	    0.448059	     0.32463	    0.558826	
 3.312	    0.124546	    0.422587	    0.493952	    0.671551	
 3.438	     0.46458	    0.203581	    0.402523	    0.513962	
 3.562	    0.202121	    0.439087	    0.560794	    0.764188	
 3.688	    0.387599	    0.277435	    0.472845	    0.508295	
 3.812	      0.5196	    0.260767	    0.244922	    0.272886	
 3.938	    0.447908	    0.435805	    0.350989	    0.436315	
 4.062	    0.356071	    0.352299	    0.209758	    0.277966	
 4.188	    0.308905	     0.34679	    0.882852	    0.791603	
 4.312	    0.360854	    0.530941	    0.207245	    0.190676	
 4.438	    0.426763	    0.257845	    0.315857	    0.364137	
 4.562	    0.155943	    0.506937	    0.216486	    0.153891	
 4.688	    0.138954	    0.534171	    0.188198	    0.155713	
 4.812	    0.394658	    0.432709	    0.378411	    0.290573	
 4.938	    0.275472	    0.182547	    0.396501	    0.322413	
 5.062	    0.193186	   0.0318238	    0.387272	    0.230957	
 5.188	    0.334678	    0.184554	    0.642066	    0.404366	
 5.312	    0.163647	    0.262493	    0.132795	   0.0707343	
 5.438	    0.275471	    0.302774	    0.454293	    0.315855	
 5.562	    0.237727	    0.101783	           0	           0	
 5.688	      0.1652	    0.155665	    0.310151	    0.186054	
 5.812	    0.167096	    0.229712	    0.236407	    0.144705	
 5.938	    0.418197	    0.291469	    0.299628	    0.236074	
 6.062	    0.167407	   0.0380241	    0.325795	      0.1883	
 6.188	   0.0323422	    0.092609	    0.241109	    0.146725	
 6.312	    0.105359	    0.117337	           0	           0	
 6.438	    0.197536	    0.137089	    0.323958	    0.170414	
 6.562	   0.0364399	    0.128814	    0.219351	     0.14657	
 6.688	    0.129569	   0.0648934	    0.100685	   0.0483557	
 6.812	   0.0981303	    0.121595	    0.184192	   0.0942768	
 6.938	    0.166739	   0.0247604	    0.203865	   0.0746317	
 7.062	    0.174407	   0.0613247	           0	           0	
 7.188	    0.133784	   0.0818639	    0.194823	   0.0814736	
 7.312	    0.163855	   0.0837933	    0.344961	    0.179896	
 7.438	   0.0340218	   0.0962369	      0.1265	   0.0754792	
 7.562	    0.180471	   0.0316494	           0	           0	
 7.688	    0.173838	   0.0534388	    0.228076	    0.106705	
 7.812	    0.180227	    0.130768	           0	           0	
 7.938	   0.0606174	           0	           0	           0	
   8.5	    0.667677	     0.27258	    0.805169	    0.388485	
   9.5	     0.81554	    0.460436	     1.04193	    0.482517	
    11	    0.665325	     0.46003	    0.974538	    0.414955	
    13	    0.391807	    0.106687	    0.876024	    0.300193	
    15	    0.307158	    0.064986	    0.498913	    0.185451	
    17	    0.197156	   0.0206845	    0.491584	    0.148584	
    19	    0.134296	   0.0385968	    0.400033	   0.0778975	
----------------------------------------------------------------------
Total:	     17.2036	     18.6864	     30.3749	     76.4462	


