-1 0.168866 0 0 0.0516049 0 0
-0.996 0.169038 0 0 0.0516575 0 0
-0.992 0.169208 0 0 0.0517096 0 0
-0.988 0.169377 0 0 0.0517612 0 0
-0.984 0.169544 0 0 0.0518123 0 0
-0.98 0.16971 0 0 0.051863 0 0
-0.976 0.169875 0 0 0.0519132 0 0
-0.972 0.170037 0 0 0.0519629 0 0
-0.968 0.170199 0 0 0.0520122 0 0
-0.964 0.170358 0 0 0.0520611 0 0
-0.96 0.170517 0 0 0.0521095 0 0
-0.956 0.174055 0.00361057 0 0.0526974 0.000871999 0
-0.952 0.180174 0.00997817 0 0.0536972 0.00240985 0
-0.948 0.186238 0.0162875 0 0.0546878 0.00393363 0
-0.944 0.192245 0.0225389 0 0.0556694 0.00544344 0
-0.94 0.198198 0.0287331 0 0.056642 0.0069394 0
-0.936 0.204096 0.0348705 0 0.0576057 0.00842165 0
-0.932 0.20994 0.0409516 0 0.0585605 0.00989031 0
-0.928 0.21573 0.0469769 0 0.0595066 0.0113455 0
-0.924 0.221467 0.0529469 0 0.060444 0.0127873 0
-0.92 0.227152 0.0588623 0 0.0613728 0.014216 0
-0.916 0.232785 0.0647234 0 0.0622931 0.0156315 0
-0.912 0.238366 0.0705308 0 0.0632049 0.0170341 0
-0.908 0.243895 0.076285 0 0.0641084 0.0184238 0
-0.904 0.249374 0.0819864 0 0.0650036 0.0198007 0
-0.9 0.254803 0.0876355 0 0.0658906 0.0211651 0
-0.896 0.260182 0.0932328 0 0.0667695 0.0225169 0
-0.892 0.265512 0.0987788 0 0.0676403 0.0238563 0
-0.888 0.270793 0.104274 0 0.0685031 0.0251835 0
-0.884 0.276025 0.109719 0 0.069358 0.0264985 0
-0.88 0.28121 0.115114 0 0.0702051 0.0278014 0
-0.876 0.286347 0.120459 0 0.0710444 0.0290924 0
-0.872 0.291436 0.125756 0 0.0718761 0.0303715 0
-0.868 0.29648 0.131003 0 0.0727 0.031639 0
-0.864 0.301476 0.136203 0 0.0735165 0.0328947 0
-0.86 0.306428 0.141355 0 0.0743254 0.034139 0
-0.856 0.311333 0.14646 0 0.075127 0.0353719 0
-0.852 0.316194 0.151518 0 0.0759212 0.0365935 0
-0.848 0.32101 0.15653 0 0.0767081 0.0378039 0
-0.844 0.325782 0.161495 0 0.0774878 0.0390032 0
-0.84 0.330511 0.166416 0 0.0782603 0.0401914 0
-0.836 0.335196 0.171291 0 0.0790258 0.0413688 0
-0.832 0.339838 0.176121 0 0.0797842 0.0425354 0
-0.828 0.344437 0.180907 0 0.0805357 0.0436913 0
-0.824 0.348994 0.185649 0 0.0812803 0.0448366 0
-0.82 0.35351 0.190348 0 0.0820181 0.0459714 0
-0.816 0.357984 0.195004 0 0.0827491 0.0470958 0
-0.812 0.362417 0.199617 0 0.0834734 0.0482099 0
-0.808 0.366809 0.204187 0 0.0841911 0.0493138 0
-0.804 0.371161 0.208716 0 0.0849022 0.0504075 0
-0.8 0.375474 0.213203 0 0.0856067 0.0514913 0
-0.796 0.379746 0.217649 0 0.0863048 0.0525651 0
-0.792 0.38398 0.222055 0 0.0869966 0.053629 0
-0.788 0.388175 0.22642 0 0.0876819 0.0546832 0
-0.784 0.392331 0.230745 0 0.088361 0.0557278 0
-0.78 0.396449 0.23503 0 0.0890339 0.0567627 0
-0.776 0.40053 0.239276 0 0.0897006 0.0577882 0
-0.772 0.404573 0.243483 0 0.0903611 0.0588042 0
-0.768 0.408579 0.247652 0 0.0910157 0.059811 0
-0.764 0.412548 0.251782 0 0.0916642 0.0608085 0
-0.76 0.416481 0.255874 0 0.0923068 0.0617969 0
-0.756 0.420377 0.259929 0 0.0929434 0.0627762 0
-0.752 0.424238 0.263947 0 0.0935743 0.0637465 0
-0.748 0.428064 0.267928 0 0.0941993 0.0647079 0
-0.744 0.431855 0.271872 0 0.0948187 0.0656606 0
-0.74 0.43561 0.275781 0 0.0954323 0.0666045 0
-0.736 0.439332 0.279653 0 0.0960404 0.0675397 0
-0.732 0.443019 0.28349 0 0.0966428 0.0684664 0
-0.728 0.446672 0.287292 0 0.0972398 0.0693845 0
-0.724 0.450292 0.291058 0 0.0978312 0.0702943 0
-0.72 0.453879 0.294791 0 0.0984172 0.0711957 0
-0.716 0.457433 0.298489 0 0.0989979 0.0720888 0
-0.712 0.460954 0.302153 0 0.0995732 0.0729738 0
-0.708 0.464443 0.305784 0 0.100143 0.0738506 0
-0.704 0.4679 0.309381 0 0.100708 0.0747194 0
-0.7 0.471326 0.312945 0 0.101268 0.0755802 0
-0.696 0.47472 0.316477 0 0.101822 0.0764332 0
-0.692 0.478083 0.319976 0 0.102372 0.0772783 0
-0.688 0.481415 0.323444 0 0.102916 0.0781157 0
-0.684 0.484716 0.326879 0 0.103456 0.0789454 0
-0.68 0.487987 0.330283 0 0.10399 0.0797675 0
-0.676 0.492243 0.335145 0 0.104572 0.0806584 0
-0.672 0.498319 0.342692 0 0.105245 0.0816809 0
-0.668 0.50434 0.350169 0 0.105912 0.0826941 0
-0.664 0.510305 0.357578 0 0.106573 0.083698 0
-0.66 0.516216 0.364918 0 0.107228 0.0846927 0
-0.656 0.522072 0.372192 0 0.107876 0.0856782 0
-0.652 0.527875 0.379399 0 0.108519 0.0866548 0
-0.648 0.533624 0.386539 0 0.109156 0.0876223 0
-0.644 0.539321 0.393615 0 0.109787 0.088581 0
-0.64 0.544966 0.400625 0 0.110412 0.089531 0
-0.636 0.550559 0.407571 0 0.111032 0.0904722 0
-0.632 0.5561 0.414454 0 0.111645 0.0914047 0
-0.628 0.561591 0.421273 0 0.112254 0.0923288 0
-0.624 0.567031 0.42803 0 0.112856 0.0932443 0
-0.62 0.572422 0.434725 0 0.113453 0.0941515 0
-0.616 0.577763 0.441358 0 0.114045 0.0950503 0
-0.612 0.583055 0.447931 0 0.114631 0.095941 0
-0.608 0.588299 0.454443 0 0.115212 0.0968234 0
-0.604 0.593494 0.460896 0 0.115787 0.0976977 0
-0.6 0.598642 0.46729 0 0.116358 0.0985641 0
-0.596 0.603743 0.473624 0 0.116923 0.0994225 0
-0.592 0.608797 0.479901 0 0.117483 0.100273 0
-0.588 0.613805 0.486121 0 0.118037 0.101116 0
-0.584 0.618766 0.492283 0 0.118587 0.101951 0
-0.58 0.623683 0.498389 0 0.119131 0.102778 0
-0.576 0.628554 0.504439 0 0.119671 0.103598 0
-0.572 0.63338 0.510433 0 0.120206 0.10441 0
-0.568 0.638162 0.516372 0 0.120735 0.105215 0
-0.564 0.642901 0.522257 0 0.12126 0.106012 0
-0.56 0.647596 0.528088 0 0.12178 0.106802 0
-0.556 0.652248 0.533866 0 0.122295 0.107585 0
-0.552 0.656857 0.53959 0 0.122806 0.108361 0
-0.548 0.661424 0.545263 0 0.123312 0.109129 0
-0.544 0.665949 0.550883 0 0.123813 0.109891 0
-0.54 0.670433 0.556451 0 0.12431 0.110646 0
-0.536 0.674875 0.561969 0 0.124802 0.111393 0
-0.532 0.679277 0.567436 0 0.125289 0.112134 0
-0.528 0.683639 0.572852 0 0.125772 0.112868 0
-0.524 0.68796 0.578219 0 0.126251 0.113595 0
-0.52 0.692242 0.583537 0 0.126725 0.114316 0
-0.516 0.696485 0.588807 0 0.127195 0.11503 0
-0.512 0.700688 0.594027 0 0.127661 0.115737 0
-0.508 0.704865 0.599168 0 0.128144 0.116433 0
-0.504 0.709162 0.60379 0 0.128937 0.117047 0
-0.5 0.713419 0.60837 0 0.129722 0.117655 0
-0.496 0.717638 0.612908 0 0.1305 0.118258 0
-0.492 0.721818 0.617404 0 0.131271 0.118855 0
-0.488 0.725959 0.621859 0 0.132034 0.119447 0
-0.484 0.730063 0.626274 0 0.132791 0.120033 0
-0.48 0.734129 0.630648 0 0.133541 0.120614 0
-0.476 0.738158 0.634981 0 0.134284 0.12119 0
-0.472 0.74215 0.639275 0 0.13502 0.12176 0
-0.468 0.746105 0.64353 0 0.135749 0.122325 0
-0.464 0.750024 0.647746 0 0.136472 0.122885 0
-0.46 0.753907 0.651922 0 0.137188 0.12344 0
-0.456 0.757754 0.656061 0 0.137898 0.12399 0
-0.452 0.761566 0.660162 0 0.138601 0.124534 0
-0.448 0.765344 0.664225 0 0.139297 0.125074 0
-0.444 0.769086 0.668251 0 0.139987 0.125609 0
-0.44 0.772794 0.67224 0 0.140671 0.126139 0
-0.436 0.776469 0.676192 0 0.141349 0.126664 0
-0.432 0.780109 0.680109 0 0.14202 0.127184 0
-0.428 0.783716 0.683989 0 0.142685 0.127699 0
-0.424 0.78729 0.687833 0 0.143344 0.12821 0
-0.42 0.790832 0.691643 0 0.143997 0.128716 0
-0.416 0.794341 0.695417 0 0.144644 0.129217 0
-0.412 0.797817 0.699157 0 0.145285 0.129714 0
-0.408 0.801262 0.702863 0 0.145921 0.130206 0
-0.404 0.804676 0.706535 0 0.14655 0.130694 0
-0.4 0.808057 0.710173 0 0.147174 0.131177 0
-0.396 0.811408 0.713777 0 0.147792 0.131656 0
-0.392 0.814729 0.717349 0 0.148404 0.13213 0
-0.388 0.818018 0.720888 0 0.149011 0.1326 0
-0.384 0.82163 0.724884 0 0.149954 0.133523 0
-0.38 0.825353 0.729043 0 0.151029 0.134623 0
-0.376 0.829042 0.733164 0 0.152094 0.135714 0
-0.372 0.832697 0.737248 0 0.15315 0.136794 0
-0.368 0.836318 0.741294 0 0.154196 0.137865 0
-0.364 0.839906 0.745303 0 0.155232 0.138925 0
-0.36 0.843462 0.749275 0 0.156258 0.139976 0
-0.356 0.846984 0.753211 0 0.157276 0.141018 0
-0.352 0.850475 0.75711 0 0.158284 0.14205 0
-0.348 0.853933 0.760974 0 0.159282 0.143072 0
-0.344 0.85736 0.764803 0 0.160272 0.144085 0
-0.34 0.860755 0.768596 0 0.161252 0.145089 0
-0.336 0.864119 0.772355 0 0.162224 0.146083 0
-0.332 0.867452 0.776079 0 0.163186 0.147069 0
-0.328 0.870755 0.779769 0 0.16414 0.148045 0
-0.324 0.874028 0.783426 0 0.165085 0.149013 0
-0.32 0.87727 0.787048 0 0.166021 0.149971 0
-0.316 0.880483 0.790638 0 0.166949 0.150921 0
-0.312 0.883666 0.794194 0 0.167868 0.151862 0
-0.308 0.88682 0.797718 0 0.168779 0.152795 0
-0.304 0.889945 0.80121 0 0.169681 0.153718 0
-0.3 0.893042 0.80467 0 0.170575 0.154634 0
-0.296 0.89611 0.808098 0 0.171461 0.155541 0
-0.292 0.899147 0.811499 0 0.172343 0.156444 0
-0.288 0.901856 0.815321 0 0.173508 0.157745 0
-0.284 0.904541 0.819107 0 0.174663 0.159034 0
-0.28 0.907201 0.822858 0 0.175807 0.160312 0
-0.276 0.909837 0.826576 0 0.176941 0.161577 0
-0.272 0.912448 0.830259 0 0.178064 0.162831 0
-0.268 0.915036 0.833908 0 0.179177 0.164074 0
-0.264 0.9176 0.837524 0 0.18028 0.165305 0
-0.26 0.92014 0.841106 0 0.181373 0.166524 0
-0.256 0.922657 0.844656 0 0.182455 0.167733 0
-0.252 0.925151 0.848174 0 0.183528 0.16893 0
-0.248 0.927623 0.851659 0 0.184591 0.170117 0
-0.244 0.930071 0.855112 0 0.185644 0.171293 0
-0.24 0.932497 0.858533 0 0.186688 0.172457 0
-0.236 0.934901 0.861923 0 0.187722 0.173612 0
-0.232 0.937283 0.865282 0 0.188746 0.174755 0
-0.228 0.939643 0.86861 0 0.189761 0.175888 0
-0.224 0.941981 0.871908 0 0.190767 0.177011 0
-0.22 0.944298 0.875176 0 0.191764 0.178123 0
-0.216 0.946593 0.878413 0 0.192751 0.179226 0
-0.212 0.948306 0.881208 0 0.193835 0.180428 0
-0.208 0.949584 0.883669 0 0.194989 0.181702 0
-0.204 0.950849 0.886108 0 0.196132 0.182964 0
-0.2 0.952103 0.888524 0 0.197265 0.184215 0
-0.196 0.953346 0.890918 0 0.198387 0.185454 0
-0.192 0.954577 0.89329 0 0.199499 0.186682 0
-0.188 0.955797 0.89564 0 0.200601 0.187899 0
-0.184 0.957006 0.897969 0 0.201693 0.189104 0
-0.18 0.958204 0.900277 0 0.202775 0.190299 0
-0.176 0.95939 0.902563 0 0.203846 0.191482 0
-0.172 0.960566 0.904828 0 0.204908 0.192655 0
-0.168 0.961731 0.907073 0 0.205961 0.193817 0
-0.164 0.962885 0.909297 0 0.207003 0.194968 0
-0.16 0.964029 0.9115 0 0.208036 0.196109 0
-0.156 0.965162 0.913684 0 0.20906 0.197239 0
-0.152 0.966285 0.915847 0 0.210074 0.198359 0
-0.148 0.967325 0.917892 0 0.211094 0.199479 0
-0.144 0.967607 0.918915 0 0.212254 0.200699 0
-0.14 0.967887 0.919928 0 0.213404 0.201909 0
-0.136 0.968164 0.920932 0 0.214543 0.203107 0
-0.132 0.968439 0.921927 0 0.215672 0.204294 0
-0.128 0.968711 0.922913 0 0.216791 0.20547 0
-0.124 0.968981 0.923889 0 0.217899 0.206636 0
-0.12 0.969249 0.924857 0 0.218997 0.207791 0
-0.116 0.969513 0.925816 0 0.220085 0.208935 0
-0.112 0.969776 0.926766 0 0.221163 0.210069 0
-0.108 0.970036 0.927707 0 0.222231 0.211192 0
-0.104 0.970294 0.92864 0 0.22329 0.212305 0
-0.1 0.970549 0.929564 0 0.224338 0.213408 0
-0.096 0.970802 0.93048 0 0.225377 0.2145 0
-0.092 0.971053 0.931387 0 0.226407 0.215583 0
-0.088 0.970842 0.931636 0 0.227554 0.216769 0
-0.084 0.970507 0.931702 0 0.228726 0.217975 0
-0.08 0.970175 0.931768 0 0.229887 0.21917 0
-0.076 0.969846 0.931833 0 0.231038 0.220354 0
-0.072 0.96952 0.931897 0 0.232178 0.221527 0
-0.068 0.969197 0.931961 0 0.233308 0.22269 0
-0.064 0.968877 0.932024 0 0.234427 0.223842 0
-0.06 0.96856 0.932087 0 0.235536 0.224983 0
-0.056 0.968246 0.932149 0 0.236635 0.226114 0
-0.052 0.967934 0.932211 0 0.237724 0.227234 0
-0.048 0.967626 0.932272 0 0.238802 0.228344 0
-0.044 0.96732 0.932332 0 0.239871 0.229444 0
-0.04 0.966979 0.932325 0 0.240951 0.230557 0
-0.036 0.96641 0.931918 0 0.242146 0.231793 0
-0.032 0.965846 0.931515 0 0.24333 0.233017 0
-0.028 0.965287 0.931115 0 0.244503 0.234231 0
-0.024 0.964734 0.93072 0 0.245666 0.235433 0
-0.02 0.964185 0.930327 0 0.246818 0.236624 0
-0.016 0.963642 0.929939 0 0.247959 0.237805 0
-0.012 0.963103 0.929554 0 0.249089 0.238974 0
-0.008 0.96257 0.929172 0 0.25021 0.240133 0
-0.004 0.962041 0.928794 0 0.25132 0.241281 0
0 0.961518 0.92842 0 0.25242 0.242419 0
0.004 0.960999 0.928049 0 0.25351 0.243546 0
0.008 0.960344 0.927513 0 0.254674 0.244771 0
0.012 0.959666 0.926946 0 0.255846 0.246008 0
0.016 0.958993 0.926384 0 0.257008 0.247234 0
0.02 0.958327 0.925828 0 0.258159 0.248449 0
0.024 0.957667 0.925276 0 0.259299 0.249652 0
0.028 0.957013 0.92473 0 0.260428 0.250844 0
0.032 0.956365 0.924188 0 0.261548 0.252025 0
0.036 0.955723 0.923652 0 0.262657 0.253196 0
0.04 0.955087 0.92312 0 0.263756 0.254356 0
0.044 0.954456 0.922594 0 0.264845 0.255505 0
0.048 0.95367 0.921972 0 0.265945 0.256682 0
0.052 0.952772 0.921282 0 0.267053 0.257878 0
0.056 0.951882 0.920598 0 0.26815 0.259063 0
0.06 0.951 0.919921 0 0.269237 0.260237 0
0.064 0.950126 0.91925 0 0.270313 0.2614 0
0.068 0.94926 0.918584 0 0.271381 0.262552 0
0.072 0.948402 0.917925 0 0.272438 0.263694 0
0.076 0.947552 0.917272 0 0.273485 0.264825 0
0.08 0.94671 0.916625 0 0.274523 0.265947 0
0.084 0.945801 0.915945 0 0.275548 0.267058 0
0.088 0.944617 0.915118 0 0.27655 0.26816 0
0.092 0.943444 0.914299 0 0.277542 0.269252 0
0.096 0.942282 0.913488 0 0.278525 0.270334 0
0.1 0.941131 0.912684 0 0.279499 0.271407 0
0.104 0.939989 0.911888 0 0.280464 0.272469 0
0.108 0.938859 0.911099 0 0.281421 0.273522 0
0.112 0.937739 0.910317 0 0.282368 0.274565 0
0.116 0.936629 0.909542 0 0.283307 0.275598 0
0.12 0.935351 0.908648 0 0.284218 0.276606 0
0.124 0.933959 0.907673 0 0.285107 0.277593 0
0.128 0.932579 0.906708 0 0.285988 0.278571 0
0.132 0.931213 0.905751 0 0.286861 0.27954 0
0.136 0.929859 0.904803 0 0.287726 0.2805 0
0.14 0.928517 0.903864 0 0.288583 0.281451 0
0.144 0.927188 0.902933 0 0.289432 0.282394 0
0.148 0.925871 0.902011 0 0.290274 0.283327 0
0.152 0.924426 0.900967 0 0.291086 0.284232 0
0.156 0.922901 0.899844 0 0.291877 0.285115 0
0.16 0.92139 0.898732 0 0.292661 0.28599 0
0.164 0.919892 0.897631 0 0.293438 0.286857 0
0.168 0.918409 0.896539 0 0.294208 0.287716 0
0.172 0.916939 0.895457 0 0.29497 0.288567 0
0.176 0.915482 0.894386 0 0.295726 0.28941 0
0.18 0.914013 0.893289 0 0.296468 0.29024 0
0.184 0.91242 0.892019 0 0.297173 0.291028 0
0.188 0.910842 0.89076 0 0.297872 0.29181 0
0.192 0.909278 0.889513 0 0.298564 0.292584 0
0.196 0.907728 0.888278 0 0.29925 0.293352 0
0.2 0.906193 0.887053 0 0.29993 0.294112 0
0.204 0.904671 0.88584 0 0.300603 0.294865 0
0.208 0.903142 0.8846 0 0.301263 0.295603 0
0.212 0.90154 0.883216 0 0.301889 0.2963 0
0.216 0.899953 0.881844 0 0.302509 0.29699 0
0.22 0.89838 0.880484 0 0.303123 0.297673 0
0.224 0.896821 0.879138 0 0.303732 0.298351 0
0.228 0.895277 0.877803 0 0.304335 0.299022 0
0.232 0.893747 0.876481 0 0.304933 0.299687 0
0.236 0.892176 0.875073 0 0.305499 0.300315 0
0.24 0.89059 0.873626 0 0.306047 0.30092 0
0.244 0.889018 0.872192 0 0.30659 0.301519 0
0.248 0.887461 0.870771 0 0.307128 0.302114 0
0.252 0.885918 0.869364 0 0.30766 0.302702 0
0.256 0.884389 0.867969 0 0.308188 0.303286 0
0.26 0.882841 0.866537 0 0.30869 0.303838 0
0.264 0.881272 0.865063 0 0.309163 0.304358 0
0.268 0.879717 0.863603 0 0.309633 0.304873 0
0.272 0.878176 0.862156 0 0.310098 0.305383 0
0.276 0.87665 0.860723 0 0.310558 0.305889 0
0.28 0.875137 0.859303 0 0.311015 0.30639 0
0.284 0.873605 0.857855 0 0.311436 0.30685 0
0.288 0.872069 0.856399 0 0.311835 0.307285 0
0.292 0.870546 0.854956 0 0.31223 0.307716 0
0.296 0.869038 0.853527 0 0.312622 0.308143 0
0.3 0.867543 0.85211 0 0.313011 0.308566 0
0.304 0.866057 0.850702 0 0.313391 0.308979 0
0.308 0.864536 0.849269 0 0.313726 0.309338 0
0.312 0.863029 0.847849 0 0.314058 0.309694 0
0.316 0.861536 0.846442 0 0.314387 0.310047 0
0.32 0.860057 0.845048 0 0.314713 0.310397 0
0.324 0.858591 0.843666 0 0.315036 0.310743 0
0.328 0.857092 0.842265 0 0.315323 0.311045 0
0.332 0.855596 0.840869 0 0.3156 0.311337 0
0.336 0.854115 0.839486 0 0.315874 0.311626 0
0.34 0.852646 0.838116 0 0.316146 0.311912 0
0.344 0.851192 0.836758 0 0.316416 0.312195 0
0.348 0.849708 0.835383 0 0.316654 0.312443 0
0.352 0.848227 0.834013 0 0.316883 0.31268 0
0.356 0.84676 0.832656 0 0.317111 0.312915 0
0.36 0.845306 0.831311 0 0.317336 0.313148 0
0.364 0.843865 0.829978 0 0.317559 0.313378 0
0.368 0.842521 0.828622 0 0.317749 0.313573 0
0.372 0.841189 0.827279 0 0.317937 0.313766 0
0.376 0.83987 0.825948 0 0.318123 0.313958 0
0.38 0.838562 0.824629 0 0.318308 0.314147 0
0.384 0.837247 0.823309 0 0.318481 0.314324 0
0.388 0.835916 0.821979 0 0.318635 0.314484 0
0.392 0.834598 0.820661 0 0.318788 0.314642 0
0.396 0.833291 0.819356 0 0.318939 0.314799 0
0.4 0.831996 0.818062 0 0.31909 0.314954 0
0.404 0.830671 0.816817 0 0.319211 0.315087 0
0.408 0.829358 0.815583 0 0.319331 0.315219 0
0.412 0.828057 0.814361 0 0.31945 0.315349 0
0.416 0.826767 0.813149 0 0.319568 0.315478 0
0.42 0.825462 0.812002 0 0.319663 0.315592 0
0.424 0.824158 0.810882 0 0.319749 0.3157 0
0.428 0.822867 0.809774 0 0.319835 0.315806 0
0.432 0.821587 0.808675 0 0.319919 0.315912 0
0.436 0.820348 0.807563 3.6289e-12 0.319982 0.316005 3.6289e-12
0.44 0.819135 0.806449 9.08318e-12 0.320034 0.316091 9.08318e-12
0.444 0.817932 0.805345 1.44875e-11 0.320085 0.316176 1.44875e-11
0.448 0.816741 0.804252 1.98422e-11 0.320136 0.31626 1.98422e-11
0.452 0.815543 0.803144 2.5939e-11 0.320161 0.316331 2.5939e-11
0.456 0.814348 0.802036 3.22773e-11 0.320177 0.316397 3.22773e-11
0.46 0.813165 0.800939 3.85574e-11 0.320193 0.316462 3.85574e-11
0.464 0.811992 0.799852 4.47799e-11 0.320209 0.316526 4.47799e-11
0.468 0.810784 0.798745 5.09455e-11 0.32019 0.316574 5.09455e-11
0.472 0.809583 0.797645 5.70545e-11 0.32017 0.316621 5.70545e-11
0.476 0.808393 0.796555 6.31074e-11 0.320149 0.316668 6.31074e-11
0.48 0.807202 0.795492 6.91049e-11 0.320119 0.316709 6.91049e-11
0.484 0.805989 0.794488 7.50474e-11 0.32006 0.31674 7.50474e-11
0.488 0.804786 0.793492 8.09354e-11 0.320002 0.31677 8.09354e-11
0.492 0.803595 0.792506 8.67695e-11 0.319945 0.316799 8.67695e-11
0.496 0.802391 0.791502 9.255e-11 0.319863 0.316818 9.255e-11
0.5 0.80119 0.790495 9.82775e-11 0.319772 0.316833 9.82775e-11
0.504 0.8 0.789497 1.03953e-10 0.319682 0.316847 1.03953e-10
0.508 0.798812 0.788504 9.79877e-11 0.319586 0.316857 9.79877e-11
0.512 0.797614 0.787508 6.18622e-11 0.319472 0.316858 6.18622e-11
0.516 0.796426 0.78652 2.60685e-11 0.319359 0.316858 2.60685e-11
0.52 0.79525 0.785542 -9.39761e-12 0.319248 0.316859 -9.39761e-12
0.524 0.794073 0.784582 -3.19861e-11 0.319122 0.316848 -3.19861e-11
0.528 0.792907 0.783631 -5.36475e-11 0.318997 0.316836 -5.36475e-11
0.532 0.791751 0.782689 -7.51104e-11 0.318874 0.316824 -7.51104e-11
0.536 0.790615 0.781783 0.000723555 0.318747 0.316805 0.000145305
0.54 0.789492 0.780895 0.00172908 0.318619 0.316782 0.000347235
0.544 0.788379 0.780016 0.00272539 0.318493 0.31676 0.000547314
0.548 0.787296 0.779155 0.00414231 0.318369 0.316732 0.000855947
0.552 0.786238 0.77831 0.00586151 0.318249 0.316701 0.00124273
0.556 0.78519 0.777473 0.00756495 0.318129 0.316669 0.00162597
0.56 0.784181 0.776666 0.00925278 0.318018 0.316634 0.0020057
0.564 0.78321 0.775887 0.0109251 0.317914 0.316595 0.00238194
0.568 0.782247 0.775116 0.0125821 0.317811 0.316556 0.00275474
0.572 0.781343 0.77438 0.014224 0.317722 0.316513 0.00312411
0.576 0.780487 0.773675 0.0158507 0.317645 0.316468 0.0034901
0.58 0.779639 0.772976 0.0174626 0.317568 0.316422 0.00385273
0.584 0.778867 0.772312 0.0192975 0.317513 0.316373 0.00429185
0.588 0.778135 0.77167 0.0212314 0.317468 0.316321 0.00476584
0.592 0.777411 0.771033 0.0231477 0.317424 0.31627 0.00523549
0.596 0.776772 0.770431 0.0254934 0.317407 0.316214 0.00583933
0.6 0.776152 0.76984 0.027891 0.317394 0.316157 0.00646039
0.604 0.775546 0.769259 0.0302192 0.317384 0.3161 0.00708747
0.608 0.775008 0.76872 0.0321671 0.317395 0.316042 0.00779745
0.612 0.774475 0.768186 0.0340971 0.317406 0.315984 0.00850092
0.616 0.773967 0.767667 0.0358668 0.317424 0.315925 0.00920165
0.62 0.773491 0.767167 0.0374409 0.317452 0.315865 0.00990063
0.624 0.77302 0.766671 0.0390006 0.317479 0.315805 0.0105932
0.628 0.772573 0.766178 0.0403367 0.317514 0.315742 0.0112814
0.632 0.772134 0.765689 0.0416183 0.317551 0.315677 0.0119637
0.636 0.771706 0.7652 0.0428369 0.317589 0.315612 0.0126401
0.64 0.771296 0.764701 0.0439147 0.317632 0.315543 0.0133111
0.644 0.77089 0.764208 0.0449826 0.317675 0.315474 0.013976
0.648 0.77048 0.763691 0.0460474 0.317716 0.315402 0.0146994
0.652 0.770071 0.763172 0.0471041 0.317756 0.315329 0.0154331
0.656 0.769654 0.76264 0.0482491 0.317792 0.315255 0.0162389
0.66 0.769218 0.762081 0.0495583 0.317823 0.315178 0.017178
0.664 0.768786 0.761527 0.0508554 0.317853 0.315102 0.0181085
0.668 0.768302 0.760932 0.0522526 0.317867 0.315022 0.0191063
0.672 0.767821 0.760341 0.0536396 0.317881 0.314943 0.0200966
0.676 0.767293 0.759737 0.0551044 0.31788 0.314865 0.0211221
0.68 0.766742 0.75913 0.0566047 0.31787 0.314787 0.0221622
0.684 0.766158 0.758514 0.0581385 0.31785 0.314709 0.0232144
0.688 0.765517 0.75788 0.0597395 0.317811 0.314629 0.0242942
0.692 0.764868 0.757247 0.0613413 0.317769 0.31455 0.0253708
0.696 0.764138 0.756592 0.0630293 0.3177 0.314468 0.0264807
0.7 0.763415 0.755943 0.0647018 0.317631 0.314387 0.0275804
0.704 0.762617 0.755273 0.0664573 0.317537 0.314304 0.0287083
0.708 0.761822 0.754608 0.0682027 0.317442 0.314221 0.0298281
0.712 0.760977 0.75393 0.0700055 0.317328 0.314136 0.0309628
0.716 0.760125 0.753254 0.0718104 0.317211 0.314051 0.0320934
0.72 0.759241 0.752571 0.073651 0.317079 0.313965 0.0332305
0.724 0.758347 0.751889 0.0754977 0.316942 0.313878 0.0343647
0.728 0.757434 0.751204 0.0773607 0.316794 0.313789 0.035501
0.732 0.756514 0.750521 0.0792259 0.316641 0.3137 0.0366342
0.736 0.755584 0.749838 0.081094 0.316481 0.31361 0.0377666
0.74 0.754651 0.749158 0.0829579 0.316316 0.313518 0.0388949
0.744 0.753716 0.748481 0.0848197 0.316145 0.313425 0.0400204
0.748 0.752785 0.747809 0.0866738 0.315971 0.31333 0.0411405
0.752 0.751861 0.747144 0.0885227 0.315792 0.313234 0.0422564
0.756 0.750945 0.746485 0.0903606 0.315613 0.313137 0.0433653
0.76 0.750047 0.745834 0.0921901 0.315431 0.313038 0.0444687
0.764 0.74916 0.74519 0.0940057 0.315249 0.312938 0.0455635
0.768 0.748304 0.744555 0.0958087 0.315067 0.312836 0.046651
0.772 0.74746 0.743926 0.0975958 0.314887 0.312734 0.047729
0.776 0.746664 0.743308 0.0993649 0.314709 0.31263 0.0487971
0.78 0.745886 0.742697 0.101117 0.314533 0.312526 0.049855
0.784 0.745159 0.742097 0.102849 0.314362 0.312421 0.0509011
0.788 0.744464 0.741506 0.104564 0.314195 0.312315 0.0519366
0.792 0.743814 0.740924 0.106265 0.314034 0.312209 0.052961
0.796 0.743209 0.740352 0.107953 0.313878 0.312103 0.0539745
0.8 0.742632 0.73979 0.109627 0.313726 0.311997 0.0549779
0.804 0.74211 0.739241 0.111296 0.313581 0.311891 0.0559702
0.808 0.741608 0.7387 0.112952 0.313438 0.311786 0.0569529
0.812 0.74115 0.738172 0.114603 0.313301 0.311681 0.0579252
0.816 0.740718 0.737656 0.116246 0.313167 0.311576 0.058888
0.82 0.740312 0.73715 0.117881 0.313036 0.311473 0.0598413
0.824 0.739942 0.736659 0.119515 0.31291 0.31137 0.0607851
0.828 0.739587 0.736179 0.121141 0.312786 0.311269 0.0617201
0.832 0.73926 0.735714 0.122765 0.312665 0.311169 0.0626461
0.836 0.738952 0.735262 0.124388 0.312547 0.311071 0.0635635
0.84 0.738658 0.734821 0.126005 0.312431 0.310975 0.0644725
0.844 0.738385 0.7344 0.127628 0.312317 0.310881 0.0653735
0.848 0.738122 0.733992 0.129247 0.312205 0.310789 0.0662666
0.852 0.737868 0.733596 0.130863 0.312095 0.3107 0.067152
0.856 0.737625 0.73322 0.132485 0.311985 0.310613 0.0680306
0.86 0.737385 0.732854 0.134102 0.311877 0.310529 0.0689021
0.864 0.73715 0.732501 0.135716 0.31177 0.310447 0.0697667
0.868 0.736913 0.732163 0.137334 0.311662 0.310367 0.0706259
0.872 0.736674 0.731836 0.138948 0.311555 0.310289 0.0714788
0.876 0.736433 0.731519 0.140558 0.311448 0.310212 0.0723255
0.88 0.736178 0.731216 0.142172 0.311339 0.310138 0.0731683
0.884 0.735915 0.730922 0.143783 0.31123 0.310065 0.0740056
0.888 0.735641 0.730636 0.145391 0.311121 0.309993 0.0748379
0.892 0.735349 0.730361 0.147 0.311009 0.309923 0.0756666
0.896 0.735043 0.730093 0.148609 0.310897 0.309854 0.0764918
0.9 0.734726 0.729833 0.150215 0.310784 0.309786 0.0773128
0.904 0.734398 0.729579 0.151818 0.310672 0.309719 0.0781301
0.908 0.734055 0.729333 0.153425 0.31056 0.309653 0.0789463
0.912 0.733705 0.729092 0.155029 0.310449 0.309588 0.079759
0.916 0.733348 0.728855 0.156631 0.310338 0.309523 0.0805682
0.92 0.732984 0.728622 0.158233 0.31023 0.309458 0.0813738
0.924 0.732612 0.728393 0.159879 0.310123 0.309394 0.0821769
0.928 0.732236 0.728166 0.161522 0.310019 0.30933 0.0829756
0.932 0.731858 0.72794 0.163161 0.309917 0.309265 0.0837699
0.936 0.731479 0.727716 0.164797 0.309818 0.3092 0.0845595
0.94 0.731098 0.727492 0.16643 0.309723 0.309135 0.0853443
0.944 0.730719 0.727266 0.16806 0.309631 0.309068 0.0861238
0.948 0.730342 0.727041 0.169686 0.309545 0.309 0.0868975
0.952 0.729969 0.726814 0.171306 0.309462 0.308932 0.0876649
0.956 0.729602 0.726587 0.172923 0.309385 0.308864 0.0884257
0.96 0.72924 0.726359 0.174544 0.309313 0.308795 0.0891795
0.964 0.728889 0.72613 0.17617 0.309248 0.308726 0.0899258
0.968 0.728548 0.725899 0.17779 0.309189 0.308656 0.0906641
0.972 0.728218 0.725669 0.179404 0.309138 0.308588 0.0913942
0.976 0.727902 0.725437 0.181006 0.309094 0.308519 0.0921165
0.98 0.727602 0.725205 0.182595 0.309058 0.308452 0.0928315
0.984 0.727318 0.724971 0.184175 0.30903 0.308385 0.0935399
0.988 0.727053 0.724737 0.185746 0.309011 0.308319 0.0942425
0.992 0.726809 0.724502 0.187311 0.309002 0.308255 0.0949399
0.996 0.726585 0.724266 0.18887 0.309003 0.308192 0.0956332
1 0.72638 0.724029 0.190424 0.309012 0.308131 0.0963231
1.004 0.726191 0.723791 0.191975 0.309029 0.308072 0.0970102
1.008 0.726019 0.723552 0.193523 0.309053 0.308015 0.0976953
1.012 0.725862 0.723312 0.195069 0.309083 0.307961 0.0983792
1.016 0.725718 0.723072 0.196613 0.30912 0.30791 0.0990628
1.02 0.725588 0.722831 0.198156 0.309162 0.307861 0.0997468
1.024 0.725469 0.722589 0.199701 0.309209 0.307816 0.100432
1.028 0.72536 0.722346 0.20125 0.309259 0.307774 0.10112
1.032 0.725261 0.722103 0.202826 0.309313 0.307736 0.101813
1.036 0.725169 0.721858 0.204437 0.30937 0.307703 0.102512
1.04 0.725083 0.721614 0.206055 0.309428 0.307673 0.103216
1.044 0.725002 0.721369 0.207679 0.309488 0.307647 0.103922
1.048 0.724924 0.721125 0.209308 0.309548 0.307625 0.104632
1.052 0.724848 0.72088 0.210943 0.309607 0.307606 0.105343
1.056 0.724773 0.720636 0.212583 0.309665 0.30759 0.106057
1.06 0.724696 0.720392 0.214228 0.309721 0.307576 0.106772
1.064 0.724617 0.720149 0.215878 0.309774 0.307565 0.107487
1.068 0.724534 0.719908 0.217533 0.309824 0.307557 0.108203
1.072 0.724444 0.719668 0.219193 0.309869 0.30755 0.108919
1.076 0.724348 0.71943 0.220856 0.309908 0.307544 0.109634
1.08 0.724242 0.719195 0.222523 0.309941 0.30754 0.110348
1.084 0.724125 0.718962 0.224206 0.309966 0.307537 0.111062
1.088 0.723995 0.718732 0.22591 0.309983 0.307534 0.111776
1.092 0.723852 0.718507 0.22762 0.309992 0.307532 0.112487
1.096 0.723695 0.718285 0.229334 0.309991 0.307529 0.113196
1.1 0.723526 0.718068 0.231053 0.309983 0.307527 0.113901
1.104 0.723346 0.717856 0.232776 0.309966 0.307523 0.114602
1.108 0.723154 0.717649 0.2345 0.309941 0.307518 0.115299
1.112 0.722951 0.717448 0.236226 0.309908 0.307512 0.115991
1.116 0.722739 0.717253 0.237951 0.309869 0.307504 0.11668
1.12 0.722519 0.717064 0.239673 0.309824 0.307494 0.117363
1.124 0.722291 0.716881 0.24139 0.309772 0.307481 0.118041
1.128 0.722056 0.716706 0.243103 0.309715 0.307466 0.118714
1.132 0.721815 0.716538 0.244809 0.309653 0.307446 0.119381
1.136 0.72157 0.716378 0.246506 0.309587 0.307424 0.120043
1.14 0.72132 0.716224 0.248192 0.309516 0.307398 0.120698
1.144 0.721068 0.716076 0.249868 0.309442 0.30737 0.121347
1.148 0.720813 0.715935 0.25153 0.309365 0.30734 0.121988
1.152 0.720557 0.715799 0.253177 0.309285 0.307308 0.122623
1.156 0.720301 0.715668 0.254808 0.309203 0.307274 0.12325
1.16 0.720046 0.715543 0.25642 0.30912 0.307239 0.123869
1.164 0.719792 0.715422 0.258014 0.309036 0.307202 0.124481
1.168 0.71954 0.715305 0.259591 0.308951 0.307166 0.125085
1.172 0.719292 0.715193 0.261154 0.308866 0.307128 0.125683
1.176 0.719048 0.715083 0.262704 0.308782 0.307091 0.126275
1.18 0.71881 0.714977 0.264245 0.308698 0.307055 0.126863
1.184 0.718578 0.714873 0.265779 0.308617 0.307019 0.127447
1.188 0.718353 0.714772 0.267308 0.308538 0.306984 0.128028
1.192 0.718136 0.714674 0.268835 0.308461 0.306952 0.128607
1.196 0.717927 0.714577 0.270362 0.308388 0.306921 0.129184
1.2 0.717727 0.714482 0.271892 0.308317 0.306893 0.129762
1.204 0.717534 0.714389 0.273428 0.30825 0.306868 0.13034
1.208 0.717348 0.714296 0.274972 0.308186 0.306847 0.13092
1.212 0.717168 0.714204 0.276527 0.308125 0.306829 0.131503
1.216 0.716995 0.714113 0.278095 0.308066 0.306816 0.132089
1.22 0.716829 0.714023 0.27968 0.308012 0.306809 0.132679
1.224 0.716668 0.713932 0.281285 0.30796 0.306806 0.133275
1.228 0.716514 0.71384 0.282909 0.307912 0.30681 0.133878
1.232 0.716365 0.713749 0.284553 0.307868 0.306818 0.134486
1.236 0.716222 0.713657 0.286214 0.307827 0.306831 0.135099
1.24 0.716085 0.713566 0.287892 0.307789 0.306849 0.135718
1.244 0.715953 0.713474 0.289582 0.307756 0.306871 0.136341
1.248 0.715827 0.713382 0.291286 0.307726 0.306897 0.136968
1.252 0.715706 0.713289 0.293001 0.3077 0.306926 0.1376
1.256 0.715589 0.713196 0.294723 0.307679 0.306957 0.138234
1.26 0.715478 0.713102 0.296455 0.307661 0.306992 0.138871
1.264 0.715372 0.713008 0.29819 0.307648 0.307028 0.139511
1.268 0.715269 0.712913 0.299929 0.307639 0.307065 0.140153
1.272 0.715172 0.712818 0.30167 0.307635 0.307103 0.140796
1.276 0.715079 0.712721 0.30341 0.307636 0.307142 0.141441
1.28 0.714989 0.712623 0.305148 0.307641 0.307181 0.142085
1.284 0.714904 0.712525 0.30688 0.307651 0.30722 0.14273
1.288 0.714821 0.712425 0.308607 0.307665 0.307257 0.143374
1.292 0.714742 0.712324 0.310326 0.307685 0.307293 0.144017
1.296 0.714664 0.712222 0.312038 0.307709 0.307327 0.144659
1.3 0.714589 0.712118 0.313743 0.307737 0.307358 0.145301
1.304 0.714516 0.712013 0.315442 0.307769 0.307386 0.145941
1.308 0.714445 0.711906 0.317134 0.307806 0.307411 0.146581
1.312 0.714375 0.711797 0.318822 0.307846 0.307431 0.147221
1.316 0.714306 0.711687 0.320504 0.307889 0.307447 0.14786
1.32 0.714237 0.711575 0.322182 0.307934 0.307457 0.148498
1.324 0.714169 0.711462 0.323855 0.307982 0.307463 0.149136
1.328 0.714102 0.711348 0.325524 0.308033 0.307465 0.149773
1.332 0.714034 0.711232 0.327191 0.308085 0.307462 0.15041
1.336 0.713965 0.711117 0.328854 0.308138 0.307456 0.151047
1.34 0.713896 0.711 0.330514 0.308193 0.307446 0.151684
1.344 0.713825 0.710884 0.332173 0.308248 0.307434 0.15232
1.348 0.713754 0.710767 0.33383 0.308304 0.307419 0.152956
1.352 0.71368 0.710651 0.335486 0.308359 0.307402 0.153591
1.356 0.713605 0.710536 0.33714 0.308414 0.307383 0.154227
1.36 0.713528 0.710421 0.338792 0.308469 0.307363 0.154861
1.364 0.713448 0.710307 0.340441 0.308522 0.307343 0.155494
1.368 0.713366 0.710195 0.342087 0.308574 0.307322 0.156126
1.372 0.71328 0.710084 0.343728 0.308623 0.307301 0.156756
1.376 0.713192 0.709976 0.345364 0.308671 0.30728 0.157383
1.38 0.7131 0.70987 0.346994 0.308716 0.307261 0.158006
1.384 0.713004 0.709766 0.348616 0.308757 0.307243 0.158627
1.388 0.712904 0.709666 0.350231 0.308795 0.307228 0.159243
1.392 0.7128 0.70957 0.351838 0.308829 0.307215 0.159855
1.396 0.712691 0.709478 0.353434 0.308858 0.307205 0.160462
1.4 0.712578 0.709389 0.35502 0.308884 0.307199 0.161063
1.404 0.712461 0.709306 0.356595 0.308906 0.307197 0.161659
1.408 0.712341 0.709228 0.358158 0.308925 0.3072 0.162248
1.412 0.712217 0.709156 0.359708 0.308941 0.307208 0.16283
1.416 0.71209 0.709089 0.361243 0.308954 0.307222 0.163404
1.42 0.71196 0.709027 0.362767 0.308966 0.307241 0.163972
1.424 0.711829 0.708971 0.364279 0.308976 0.307265 0.164534
1.428 0.711696 0.708919 0.365783 0.308984 0.307294 0.165092
1.432 0.711562 0.708872 0.36728 0.308993 0.307329 0.165646
1.436 0.711427 0.70883 0.368773 0.309 0.307368 0.166197
1.44 0.711292 0.708791 0.370263 0.309009 0.307412 0.166748
1.444 0.711157 0.708756 0.371754 0.309018 0.307461 0.167298
1.448 0.711023 0.708724 0.373245 0.309028 0.307514 0.16785
1.452 0.71089 0.708695 0.374741 0.30904 0.307571 0.168405
1.456 0.710758 0.708669 0.376244 0.309054 0.307632 0.168963
1.46 0.710629 0.708644 0.377754 0.309071 0.307697 0.169525
1.464 0.710503 0.708621 0.379275 0.309092 0.307767 0.170094
1.468 0.71038 0.708599 0.380809 0.309116 0.307839 0.17067
1.472 0.710261 0.708578 0.382357 0.309145 0.307915 0.171255
1.476 0.710146 0.708557 0.383922 0.309178 0.307994 0.171849
1.48 0.710034 0.708536 0.385507 0.309217 0.308076 0.172455
1.484 0.709927 0.708515 0.387109 0.309261 0.308161 0.17307
1.488 0.709824 0.708493 0.388725 0.309311 0.308248 0.173694
1.492 0.709726 0.708469 0.390352 0.309368 0.308337 0.174325
1.496 0.709632 0.708444 0.391987 0.309431 0.308429 0.174963
1.5 0.709542 0.708416 0.393628 0.309501 0.308523 0.175604
1.504 0.709456 0.708386 0.39527 0.309577 0.308619 0.176248
1.508 0.709373 0.708353 0.396911 0.309657 0.308717 0.176894
1.512 0.709292 0.708318 0.398547 0.309743 0.308816 0.17754
1.516 0.709213 0.70828 0.400176 0.309832 0.308916 0.178184
1.52 0.709136 0.70824 0.401794 0.309925 0.309017 0.178825
1.524 0.70906 0.708197 0.403398 0.310021 0.309118 0.179461
1.528 0.708984 0.708151 0.404984 0.31012 0.309221 0.180091
1.532 0.708909 0.708103 0.406549 0.310221 0.309323 0.180713
1.536 0.708833 0.708052 0.40809 0.310323 0.309425 0.181326
1.54 0.708756 0.707998 0.409602 0.310425 0.309526 0.181928
1.544 0.708679 0.707942 0.411084 0.310529 0.309627 0.182517
1.548 0.708602 0.707883 0.412536 0.310632 0.309726 0.183095
1.552 0.708523 0.707822 0.413962 0.310735 0.309824 0.183662
1.556 0.708444 0.707758 0.415362 0.310838 0.30992 0.184219
1.56 0.708364 0.707692 0.41674 0.310938 0.310014 0.184767
1.564 0.708283 0.707623 0.418098 0.311038 0.310106 0.185308
1.568 0.708201 0.707552 0.419439 0.311134 0.310195 0.185842
1.572 0.708118 0.707478 0.420765 0.311228 0.31028 0.18637
1.576 0.708033 0.707401 0.422078 0.311319 0.310362 0.186894
1.58 0.707947 0.707322 0.423381 0.311406 0.31044 0.187414
1.584 0.70786 0.70724 0.424677 0.311489 0.310513 0.187933
1.588 0.707771 0.707156 0.425968 0.311567 0.310582 0.18845
1.592 0.707681 0.707069 0.427257 0.311639 0.310645 0.188967
1.596 0.707589 0.70698 0.428547 0.311706 0.310703 0.189485
1.6 0.707496 0.706888 0.429841 0.311767 0.310754 0.190005
1.604 0.707401 0.706794 0.43114 0.311823 0.3108 0.190529
1.608 0.707305 0.706698 0.432448 0.311874 0.31084 0.191057
1.612 0.707208 0.706599 0.433765 0.31192 0.310875 0.19159
1.616 0.70711 0.706498 0.435089 0.311962 0.310906 0.192127
1.62 0.707011 0.706396 0.436421 0.312001 0.310933 0.192668
1.624 0.706911 0.706292 0.437759 0.312035 0.310956 0.193213
1.628 0.70681 0.706187 0.439103 0.312067 0.310976 0.193761
1.632 0.706707 0.706082 0.440453 0.312096 0.310993 0.194313
1.636 0.706604 0.705976 0.441808 0.312122 0.311009 0.194869
1.64 0.7065 0.705869 0.443167 0.312146 0.311023 0.195428
1.644 0.706395 0.705764 0.444529 0.312168 0.311036 0.19599
1.648 0.706289 0.705658 0.445895 0.312189 0.311048 0.196554
1.652 0.706183 0.705554 0.447262 0.312209 0.311061 0.197122
1.656 0.706075 0.705451 0.448632 0.312228 0.311075 0.197692
1.66 0.705967 0.70535 0.450002 0.312247 0.31109 0.198264
1.664 0.705859 0.705252 0.451372 0.312266 0.311107 0.198838
1.668 0.705751 0.705156 0.452742 0.312286 0.311127 0.199414
1.672 0.705643 0.705062 0.45411 0.312308 0.311151 0.199993
1.676 0.705536 0.704973 0.455475 0.312332 0.311178 0.200572
1.68 0.705431 0.704887 0.456838 0.312358 0.31121 0.201152
1.684 0.705328 0.704805 0.458196 0.312388 0.311247 0.201733
1.688 0.705227 0.704727 0.45955 0.312421 0.311289 0.202313
1.692 0.70513 0.704654 0.460898 0.312459 0.311338 0.202893
1.696 0.705035 0.704583 0.462239 0.312501 0.311393 0.203472
1.7 0.704945 0.704516 0.463572 0.312549 0.311454 0.20405
1.704 0.704858 0.704452 0.464897 0.312602 0.31152 0.204626
1.708 0.704774 0.704389 0.466212 0.312659 0.311591 0.205199
1.712 0.704694 0.704328 0.467516 0.312721 0.311666 0.205769
1.716 0.704616 0.704269 0.468808 0.312786 0.311745 0.206336
1.72 0.704542 0.70421 0.470086 0.312855 0.311827 0.206898
1.724 0.70447 0.70415 0.47135 0.312928 0.311912 0.207456
1.728 0.704401 0.704091 0.472597 0.313005 0.311999 0.208007
1.732 0.704334 0.70403 0.473826 0.313084 0.312088 0.208553
1.736 0.704269 0.703968 0.475038 0.313165 0.312178 0.209091
1.74 0.704205 0.703903 0.476233 0.313249 0.312269 0.209623
1.744 0.704142 0.703835 0.477413 0.313335 0.31236 0.210149
1.748 0.704079 0.703765 0.478579 0.313422 0.312451 0.210669
1.752 0.704016 0.703692 0.479733 0.31351 0.312541 0.211184
1.756 0.703952 0.703615 0.480876 0.313598 0.312631 0.211693
1.76 0.703887 0.703536 0.48201 0.313687 0.312719 0.212197
1.764 0.70382 0.703454 0.483138 0.313775 0.312805 0.212697
1.768 0.703751 0.703369 0.484261 0.313863 0.312889 0.213193
1.772 0.703679 0.703281 0.485382 0.313949 0.312971 0.213685
1.776 0.703603 0.70319 0.486503 0.314034 0.31305 0.214175
1.78 0.703524 0.703097 0.487627 0.314117 0.313126 0.214662
1.784 0.703439 0.703 0.488756 0.314198 0.313198 0.215148
1.788 0.70335 0.702901 0.489893 0.314275 0.313267 0.215633
1.792 0.703255 0.7028 0.491041 0.314349 0.313332 0.216117
1.796 0.703154 0.702698 0.492201 0.314419 0.313394 0.216601
1.8 0.703047 0.702596 0.493374 0.314486 0.313453 0.217087
1.804 0.702934 0.702495 0.494559 0.314548 0.313511 0.217572
1.808 0.702817 0.702396 0.495754 0.314608 0.313566 0.218059
1.812 0.702696 0.702298 0.496956 0.314664 0.313621 0.218547
1.816 0.702572 0.702203 0.498162 0.314718 0.313674 0.219035
1.82 0.702445 0.702111 0.499371 0.31477 0.313727 0.219524
1.824 0.702316 0.702023 0.500579 0.314819 0.31378 0.220013
1.828 0.702185 0.70194 0.501783 0.314866 0.313834 0.220503
1.832 0.702053 0.701861 0.502979 0.314913 0.313888 0.220993
1.836 0.701921 0.701787 0.504166 0.314958 0.313943 0.221483
1.84 0.70179 0.70172 0.50534 0.315002 0.313999 0.221973
1.844 0.70166 0.701659 0.506498 0.315046 0.314058 0.222463
1.848 0.701532 0.701605 0.507636 0.31509 0.314119 0.222952
1.852 0.701407 0.701558 0.508751 0.315135 0.314183 0.22344
1.856 0.701286 0.701521 0.509839 0.315179 0.31425 0.223928
1.86 0.701169 0.701492 0.510899 0.315226 0.314321 0.224414
1.864 0.701057 0.701473 0.511929 0.315273 0.314396 0.224899
1.868 0.700952 0.701464 0.512931 0.315323 0.314475 0.225383
1.872 0.700855 0.701466 0.51391 0.315376 0.31456 0.225866
1.876 0.700766 0.70148 0.514867 0.315431 0.314651 0.226347
1.88 0.700687 0.701506 0.515805 0.31549 0.314748 0.226827
1.884 0.700619 0.701544 0.516727 0.315554 0.31485 0.227305
1.888 0.700563 0.701592 0.517637 0.315621 0.314958 0.227782
1.892 0.70052 0.701649 0.518536 0.315694 0.315071 0.228257
1.896 0.70049 0.701713 0.519428 0.315773 0.315187 0.228732
1.9 0.700475 0.701783 0.520316 0.315857 0.315308 0.229204
1.904 0.700473 0.701857 0.521203 0.315947 0.315431 0.229675
1.908 0.700484 0.701935 0.522092 0.316042 0.315557 0.230145
1.912 0.700507 0.702015 0.522986 0.316142 0.315685 0.230613
1.916 0.700541 0.702094 0.523889 0.316246 0.315815 0.231079
1.92 0.700584 0.702173 0.524804 0.316355 0.315945 0.231543
1.924 0.700637 0.702248 0.525732 0.316467 0.316076 0.232006
1.928 0.700697 0.702319 0.526674 0.316583 0.316205 0.232466
1.932 0.700764 0.702384 0.527628 0.316701 0.316334 0.232923
1.936 0.700836 0.702441 0.528591 0.316822 0.316461 0.233378
1.94 0.700911 0.702489 0.529562 0.316944 0.316586 0.233831
1.944 0.70099 0.702527 0.530539 0.317068 0.316709 0.234281
1.948 0.701069 0.702553 0.531519 0.317193 0.316828 0.234728
1.952 0.701148 0.702566 0.532502 0.317318 0.316943 0.235173
1.956 0.701225 0.702564 0.533485 0.317443 0.317054 0.235615
1.96 0.701299 0.702546 0.534465 0.317568 0.31716 0.236054
1.964 0.701369 0.702511 0.535441 0.317691 0.31726 0.236489
1.968 0.701432 0.702456 0.536411 0.317813 0.317355 0.236922
1.972 0.701489 0.70238 0.537373 0.317932 0.317442 0.237352
1.976 0.701536 0.702284 0.538324 0.318048 0.317524 0.23778
1.98 0.701572 0.702169 0.539264 0.318161 0.317598 0.238204
1.984 0.701597 0.702036 0.540191 0.31827 0.317667 0.238627
1.988 0.701608 0.701887 0.541102 0.318375 0.31773 0.239047
1.992 0.701605 0.701725 0.541999 0.318475 0.317789 0.239465
1.996 0.701588 0.70155 0.542883 0.31857 0.317843 0.239882
2 0.701555 0.701364 0.543754 0.318659 0.317892 0.240298
2.004 0.701516 0.701175 0.544616 0.318745 0.31794 0.240712
2.008 0.701477 0.700988 0.54547 0.318831 0.317988 0.241122
2.012 0.701439 0.700802 0.546316 0.318916 0.318035 0.241528
2.016 0.701401 0.700618 0.547155 0.319 0.318081 0.24193
2.02 0.701364 0.700436 0.547985 0.319083 0.318127 0.242329
2.024 0.701326 0.700256 0.548808 0.319165 0.318173 0.242724
2.028 0.701289 0.700077 0.549624 0.319247 0.318219 0.243115
2.032 0.701253 0.6999 0.550432 0.319328 0.318263 0.243503
2.036 0.701217 0.699724 0.551233 0.319409 0.318308 0.243887
2.04 0.701181 0.69955 0.552026 0.319488 0.318352 0.244268
2.044 0.701145 0.699378 0.552812 0.319567 0.318396 0.244645
2.048 0.70111 0.699207 0.553591 0.319645 0.318439 0.245019
2.052 0.701075 0.699038 0.554363 0.319722 0.318482 0.245389
2.056 0.70104 0.69887 0.555127 0.319799 0.318524 0.245756
2.06 0.701006 0.698704 0.555885 0.319875 0.318566 0.24612
2.064 0.700972 0.698539 0.556636 0.31995 0.318608 0.24648
2.068 0.700938 0.698376 0.557379 0.320025 0.318649 0.246837
2.072 0.700905 0.698214 0.558116 0.320099 0.31869 0.24719
2.076 0.700872 0.698054 0.558847 0.320172 0.318731 0.247541
2.08 0.700839 0.697896 0.55957 0.320244 0.318771 0.247888
2.084 0.700807 0.697738 0.560287 0.320316 0.318811 0.248232
2.088 0.700774 0.697583 0.560997 0.320388 0.31885 0.248573
2.092 0.700743 0.697428 0.561701 0.320458 0.318889 0.248911
2.096 0.700711 0.697275 0.562398 0.320528 0.318928 0.249245
2.1 0.70068 0.697124 0.563089 0.320597 0.318966 0.249577
2.104 0.700649 0.696974 0.563774 0.320666 0.319004 0.249906
2.108 0.700618 0.696825 0.564452 0.320734 0.319042 0.250231
2.112 0.700588 0.696678 0.565125 0.320801 0.319079 0.250554
2.116 0.700558 0.696532 0.56579 0.320868 0.319116 0.250873
2.12 0.700528 0.696387 0.56645 0.320934 0.319153 0.25119
2.124 0.700498 0.696243 0.567104 0.321 0.319189 0.251504
2.128 0.700469 0.696101 0.567752 0.321065 0.319225 0.251814
2.132 0.70044 0.695961 0.568394 0.321129 0.319261 0.252123
2.136 0.700411 0.695821 0.56903 0.321193 0.319296 0.252428
2.14 0.700382 0.695683 0.56966 0.321256 0.319331 0.25273
2.144 0.700354 0.695546 0.570284 0.321319 0.319366 0.25303
2.148 0.700326 0.69541 0.570903 0.321381 0.3194 0.253327
2.152 0.700298 0.695276 0.571516 0.321442 0.319434 0.253621
2.156 0.700271 0.695143 0.572123 0.321503 0.319468 0.253912
2.16 0.700244 0.695011 0.572725 0.321563 0.319502 0.254201
2.164 0.700217 0.69488 0.573322 0.321623 0.319535 0.254487
2.168 0.70019 0.69475 0.573912 0.321682 0.319568 0.254771
2.172 0.700163 0.694622 0.574498 0.321741 0.3196 0.255052
2.176 0.700137 0.694495 0.575078 0.321799 0.319632 0.25533
2.18 0.700111 0.694369 0.575653 0.321857 0.319664 0.255606
2.184 0.700085 0.694244 0.576222 0.321914 0.319696 0.255879
2.188 0.70006 0.69412 0.576786 0.321971 0.319727 0.25615
2.192 0.700034 0.693998 0.577345 0.322027 0.319758 0.256418
2.196 0.700009 0.693876 0.577899 0.322082 0.319789 0.256684
2.2 0.699985 0.693756 0.578448 0.322137 0.319819 0.256947
2.204 0.69996 0.693636 0.578992 0.322192 0.31985 0.257208
2.208 0.699936 0.693518 0.579531 0.322246 0.31988 0.257467
2.212 0.699911 0.693401 0.580065 0.322299 0.319909 0.257723
2.216 0.699887 0.693285 0.580594 0.322352 0.319939 0.257977
2.22 0.699864 0.69317 0.581118 0.322405 0.319968 0.258228
2.224 0.69984 0.693056 0.581637 0.322457 0.319997 0.258478
2.228 0.699817 0.692943 0.582152 0.322509 0.320025 0.258725
2.232 0.699794 0.692832 0.582661 0.32256 0.320053 0.258969
2.236 0.699771 0.692721 0.583167 0.32261 0.320082 0.259212
2.24 0.699748 0.692611 0.583667 0.322661 0.320109 0.259452
2.244 0.699726 0.692502 0.584163 0.32271 0.320137 0.25969
2.248 0.699704 0.692395 0.584655 0.32276 0.320164 0.259926
2.252 0.699682 0.692288 0.585142 0.322808 0.320191 0.260159
2.256 0.69966 0.692182 0.585624 0.322857 0.320218 0.260391
2.26 0.699638 0.692077 0.586102 0.322905 0.320245 0.26062
2.264 0.699617 0.691973 0.586576 0.322952 0.320271 0.260848
2.268 0.699595 0.69187 0.587045 0.322999 0.320297 0.261073
2.272 0.699574 0.691768 0.58751 0.323046 0.320323 0.261296
2.276 0.699553 0.691667 0.587971 0.323092 0.320348 0.261517
2.28 0.699533 0.691567 0.588427 0.323138 0.320374 0.261736
2.284 0.699512 0.691468 0.58888 0.323183 0.320399 0.261953
2.288 0.699492 0.69137 0.589328 0.323228 0.320424 0.262168
2.292 0.699472 0.691272 0.589772 0.323273 0.320448 0.262381
2.296 0.699452 0.691176 0.590212 0.323317 0.320473 0.262593
2.3 0.699432 0.69108 0.590648 0.32336 0.320497 0.262802
2.304 0.699413 0.690985 0.59108 0.323404 0.320521 0.263009
2.308 0.699393 0.690892 0.591508 0.323447 0.320545 0.263214
2.312 0.699374 0.690799 0.591932 0.323489 0.320568 0.263418
2.316 0.699355 0.690706 0.592352 0.323531 0.320592 0.26362
2.32 0.699336 0.690615 0.592768 0.323573 0.320615 0.263819
2.324 0.699318 0.690525 0.593181 0.323614 0.320638 0.264017
2.328 0.699299 0.690435 0.59359 0.323655 0.32066 0.264214
2.332 0.699281 0.690346 0.593995 0.323696 0.320683 0.264408
2.336 0.699263 0.690258 0.594396 0.323736 0.320705 0.2646
2.34 0.699245 0.690171 0.594794 0.323776 0.320727 0.264791
2.344 0.699227 0.690085 0.595188 0.323816 0.320749 0.26498
2.348 0.699209 0.689999 0.595578 0.323855 0.320771 0.265168
2.352 0.699192 0.689914 0.595965 0.323894 0.320792 0.265353
2.356 0.699174 0.68983 0.596348 0.323932 0.320814 0.265537
2.36 0.699157 0.689747 0.596728 0.32397 0.320835 0.265719
2.364 0.69914 0.689664 0.597104 0.324008 0.320856 0.2659
2.368 0.699123 0.689583 0.597477 0.324045 0.320876 0.266079
2.372 0.699106 0.689502 0.597846 0.324082 0.320897 0.266256
2.376 0.69909 0.689421 0.598212 0.324119 0.320917 0.266432
2.38 0.699073 0.689342 0.598575 0.324155 0.320937 0.266606
2.384 0.699057 0.689263 0.598934 0.324191 0.320957 0.266778
2.388 0.699041 0.689185 0.59929 0.324227 0.320977 0.266949
2.392 0.699025 0.689108 0.599643 0.324262 0.320997 0.267118
2.396 0.699009 0.689031 0.599992 0.324297 0.321016 0.267286
2.4 0.698994 0.688955 0.600338 0.324332 0.321035 0.267452
2.404 0.698978 0.68888 0.600682 0.324366 0.321054 0.267617
2.408 0.698963 0.688805 0.601021 0.324401 0.321073 0.26778
2.412 0.698947 0.688731 0.601358 0.324434 0.321092 0.267942
2.416 0.698932 0.688658 0.601692 0.324468 0.321111 0.268102
2.42 0.698917 0.688586 0.602023 0.324501 0.321129 0.268261
2.424 0.698903 0.688514 0.602351 0.324534 0.321147 0.268418
2.428 0.698888 0.688443 0.602675 0.324566 0.321165 0.268574
2.432 0.698873 0.688372 0.602997 0.324599 0.321183 0.268728
2.436 0.698859 0.688302 0.603316 0.324631 0.321201 0.268881
2.44 0.698845 0.688233 0.603631 0.324662 0.321218 0.269032
2.444 0.69883 0.688164 0.603944 0.324694 0.321236 0.269183
2.448 0.698816 0.688096 0.604254 0.324725 0.321253 0.269331
2.452 0.698802 0.688029 0.604562 0.324756 0.32127 0.269479
2.456 0.698789 0.687962 0.604866 0.324786 0.321287 0.269625
2.46 0.698775 0.687896 0.605168 0.324816 0.321304 0.26977
2.464 0.698761 0.68783 0.605467 0.324846 0.32132 0.269913
2.468 0.698748 0.687765 0.605763 0.324876 0.321337 0.270055
2.472 0.698735 0.687701 0.606056 0.324905 0.321353 0.270196
2.476 0.698722 0.687637 0.606347 0.324934 0.321369 0.270336
2.48 0.698709 0.687574 0.606635 0.324963 0.321385 0.270474
2.484 0.698696 0.687512 0.60692 0.324992 0.321401 0.270611
2.488 0.698683 0.68745 0.607203 0.32502 0.321417 0.270746
2.492 0.69867 0.687388 0.607483 0.325048 0.321432 0.270881
2.496 0.698658 0.687327 0.607761 0.325076 0.321448 0.271014
2.5 0.698645 0.687267 0.608036 0.325104 0.321463 0.271146
2.504 0.698633 0.687207 0.608308 0.325131 0.321478 0.271277
2.508 0.698621 0.687148 0.608579 0.325158 0.321493 0.271406
2.512 0.698608 0.687089 0.608846 0.325185 0.321508 0.271535
2.516 0.698596 0.687031 0.609111 0.325212 0.321523 0.271662
2.52 0.698585 0.686974 0.609374 0.325238 0.321537 0.271788
2.524 0.698573 0.686916 0.609634 0.325264 0.321552 0.271913
2.528 0.698561 0.68686 0.609892 0.32529 0.321566 0.272037
2.532 0.69855 0.686804 0.610148 0.325316 0.32158 0.272159
2.536 0.698538 0.686748 0.610401 0.325341 0.321594 0.272281
2.54 0.698527 0.686693 0.610652 0.325366 0.321608 0.272401
2.544 0.698516 0.686639 0.6109 0.325391 0.321622 0.272521
2.548 0.698504 0.686585 0.611147 0.325416 0.321636 0.272639
2.552 0.698493 0.686531 0.611391 0.32544 0.321649 0.272756
2.556 0.698482 0.686478 0.611632 0.325464 0.321663 0.272872
2.56 0.698472 0.686426 0.611872 0.325488 0.321676 0.272987
2.564 0.698461 0.686374 0.612109 0.325512 0.321689 0.273101
2.568 0.69845 0.686322 0.612345 0.325536 0.321702 0.273214
2.572 0.69844 0.686271 0.612578 0.325559 0.321715 0.273326
2.576 0.698429 0.68622 0.612809 0.325582 0.321728 0.273436
2.58 0.698419 0.68617 0.613037 0.325605 0.321741 0.273546
2.584 0.698409 0.68612 0.613264 0.325628 0.321753 0.273655
2.588 0.698398 0.686071 0.613489 0.325651 0.321766 0.273763
2.592 0.698388 0.686022 0.613711 0.325673 0.321778 0.27387
2.596 0.698378 0.685974 0.613932 0.325695 0.32179 0.273975
2.6 0.698368 0.685926 0.61415 0.325717 0.321802 0.27408
2.604 0.698359 0.685879 0.614367 0.325739 0.321814 0.274184
2.608 0.698349 0.685832 0.614581 0.32576 0.321826 0.274287
2.612 0.698339 0.685785 0.614794 0.325781 0.321838 0.274389
2.616 0.69833 0.685739 0.615004 0.325803 0.32185 0.27449
2.62 0.69832 0.685693 0.615213 0.325823 0.321861 0.27459
2.624 0.698311 0.685648 0.61542 0.325844 0.321873 0.27469
2.628 0.698302 0.685603 0.615625 0.325865 0.321884 0.274788
2.632 0.698292 0.685558 0.615828 0.325885 0.321896 0.274885
2.636 0.698283 0.685514 0.616029 0.325905 0.321907 0.274982
2.64 0.698274 0.68547 0.616228 0.325925 0.321918 0.275077
2.644 0.698265 0.685427 0.616426 0.325945 0.321929 0.275172
2.648 0.698257 0.685384 0.616621 0.325965 0.32194 0.275266
2.652 0.698248 0.685342 0.616815 0.325984 0.32195 0.275359
2.656 0.698239 0.6853 0.617007 0.326003 0.321961 0.275451
2.66 0.69823 0.685258 0.617197 0.326022 0.321972 0.275543
2.664 0.698222 0.685216 0.617386 0.326041 0.321982 0.275633
2.668 0.698213 0.685175 0.617573 0.32606 0.321993 0.275723
2.672 0.698205 0.685135 0.617758 0.326079 0.322003 0.275812
2.676 0.698197 0.685095 0.617941 0.326097 0.322013 0.2759
2.68 0.698189 0.685055 0.618123 0.326115 0.322023 0.275987
2.684 0.69818 0.685015 0.618303 0.326133 0.322033 0.276073
2.688 0.698172 0.684976 0.618482 0.326151 0.322043 0.276159
2.692 0.698164 0.684937 0.618658 0.326169 0.322053 0.276244
2.696 0.698156 0.684899 0.618834 0.326186 0.322063 0.276328
2.7 0.698149 0.684861 0.619007 0.326204 0.322072 0.276411
2.704 0.698141 0.684823 0.619179 0.326221 0.322082 0.276494
2.708 0.698133 0.684786 0.619349 0.326238 0.322091 0.276575
2.712 0.698125 0.684749 0.619518 0.326255 0.322101 0.276656
2.716 0.698118 0.684712 0.619686 0.326272 0.32211 0.276737
2.72 0.69811 0.684676 0.619851 0.326289 0.322119 0.276816
2.724 0.698103 0.68464 0.620016 0.326305 0.322128 0.276895
2.728 0.698096 0.684604 0.620178 0.326321 0.322137 0.276973
2.732 0.698088 0.684569 0.62034 0.326337 0.322146 0.27705
2.736 0.698081 0.684534 0.620499 0.326353 0.322155 0.277127
2.74 0.698074 0.684499 0.620658 0.326369 0.322164 0.277203
2.744 0.698067 0.684465 0.620814 0.326385 0.322173 0.277278
2.748 0.69806 0.68443 0.62097 0.326401 0.322181 0.277353
2.752 0.698053 0.684397 0.621124 0.326416 0.32219 0.277427
2.756 0.698046 0.684363 0.621276 0.326431 0.322198 0.2775
2.76 0.698039 0.68433 0.621427 0.326447 0.322207 0.277572
2.764 0.698032 0.684297 0.621577 0.326462 0.322215 0.277644
2.768 0.698025 0.684265 0.621726 0.326476 0.322223 0.277716
2.772 0.698019 0.684232 0.621873 0.326491 0.322231 0.277786
2.776 0.698012 0.684201 0.622018 0.326506 0.322239 0.277856
2.78 0.698006 0.684169 0.622163 0.32652 0.322247 0.277925
2.784 0.697999 0.684137 0.622306 0.326535 0.322255 0.277994
2.788 0.697993 0.684106 0.622448 0.326549 0.322263 0.278062
2.792 0.697986 0.684076 0.622588 0.326563 0.322271 0.278129
2.796 0.69798 0.684045 0.622727 0.326577 0.322279 0.278196
2.8 0.697974 0.684015 0.622865 0.326591 0.322286 0.278262
2.804 0.697968 0.683985 0.623002 0.326604 0.322294 0.278328
2.808 0.697962 0.683955 0.623137 0.326618 0.322302 0.278393
2.812 0.697956 0.683926 0.623271 0.326631 0.322309 0.278457
2.816 0.69795 0.683897 0.623404 0.326645 0.322316 0.278521
2.82 0.697944 0.683868 0.623536 0.326658 0.322324 0.278584
2.824 0.697938 0.683839 0.623666 0.326671 0.322331 0.278647
2.828 0.697932 0.683811 0.623795 0.326684 0.322338 0.278709
2.832 0.697926 0.683783 0.623923 0.326697 0.322345 0.27877
2.836 0.69792 0.683755 0.62405 0.32671 0.322352 0.278831
2.84 0.697915 0.683727 0.624176 0.326722 0.322359 0.278891
2.844 0.697909 0.6837 0.624301 0.326735 0.322366 0.278951
2.848 0.697903 0.683673 0.624424 0.326747 0.322373 0.27901
2.852 0.697898 0.683646 0.624546 0.326759 0.32238 0.279069
2.856 0.697892 0.68362 0.624668 0.326771 0.322387 0.279127
2.86 0.697887 0.683593 0.624788 0.326783 0.322393 0.279185
2.864 0.697881 0.683567 0.624907 0.326795 0.3224 0.279242
2.868 0.697876 0.683541 0.625024 0.326807 0.322406 0.279299
2.872 0.697871 0.683516 0.625141 0.326819 0.322413 0.279355
2.876 0.697866 0.68349 0.625257 0.326831 0.322419 0.27941
2.88 0.69786 0.683465 0.625372 0.326842 0.322426 0.279465
2.884 0.697855 0.68344 0.625485 0.326853 0.322432 0.27952
2.888 0.69785 0.683416 0.625598 0.326865 0.322438 0.279574
2.892 0.697845 0.683391 0.625709 0.326876 0.322444 0.279627
2.896 0.69784 0.683367 0.62582 0.326887 0.322451 0.27968
2.9 0.697835 0.683343 0.625929 0.326898 0.322457 0.279733
2.904 0.69783 0.683319 0.626038 0.326909 0.322463 0.279785
2.908 0.697825 0.683295 0.626145 0.32692 0.322469 0.279837
2.912 0.697821 0.683272 0.626252 0.32693 0.322475 0.279888
2.916 0.697816 0.683249 0.626358 0.326941 0.32248 0.279938
2.92 0.697811 0.683226 0.626462 0.326951 0.322486 0.279989
2.924 0.697806 0.683203 0.626566 0.326962 0.322492 0.280038
2.928 0.697802 0.683181 0.626668 0.326972 0.322498 0.280088
2.932 0.697797 0.683158 0.62677 0.326982 0.322503 0.280136
2.936 0.697793 0.683136 0.626871 0.326992 0.322509 0.280185
2.94 0.697788 0.683114 0.626971 0.327002 0.322515 0.280233
2.944 0.697784 0.683093 0.62707 0.327012 0.32252 0.28028
2.948 0.697779 0.683071 0.627168 0.327022 0.322525 0.280327
2.952 0.697775 0.68305 0.627265 0.327032 0.322531 0.280374
2.956 0.69777 0.683029 0.627361 0.327041 0.322536 0.28042
2.96 0.697766 0.683008 0.627457 0.327051 0.322542 0.280466
2.964 0.697762 0.682987 0.627551 0.327061 0.322547 0.280511
2.968 0.697758 0.682967 0.627645 0.32707 0.322552 0.280556
2.972 0.697753 0.682946 0.627738 0.327079 0.322557 0.280601
2.976 0.697749 0.682926 0.627829 0.327088 0.322562 0.280645
2.98 0.697745 0.682906 0.627921 0.327098 0.322567 0.280688
2.984 0.697741 0.682886 0.628011 0.327107 0.322572 0.280732
2.988 0.697737 0.682867 0.6281 0.327116 0.322577 0.280775
2.992 0.697733 0.682847 0.628189 0.327124 0.322582 0.280817
2.996 0.697729 0.682828 0.628277 0.327133 0.322587 0.280859
3 0.697725 0.682809 0.628364 0.327142 0.322592 0.280901
