energy(#dis)<
@energy = {0, 15, 0.126033, 0.126033, 0.126033, 0.126033, 0.0041316, 0.0041316, 0.0041316, 0.0041316, 4.55e-05, 4.55e-05, 4.55e-05, 4.55e-05, 2e-07, 2e-07, 2e-07, 2e-07}:
{0, 15, 0.193139, 0.193139, 0.193139, 0.193139, 0.0148711, 0.0148711, 0.0148711, 0.0148711, 0.0002621, 0.0002621, 0.0002621, 0.0002621, 1.3e-06, 1.3e-06, 1.3e-06, 1.3e-06}:
{0, 19, 0.217295, 0.217295, 0.217295, 0.217295, 0.0401527, 0.0401527, 0.0401527, 0.0401527, 0.0011768, 0.0011768, 0.0011768, 0.0011768, 8.4e-06, 8.4e-06, 8.4e-06, 8.4e-06, 1e-07, 1e-07, 1e-07, 1e-07}:
{0, 19, 0.185454, 0.185454, 0.185454, 0.185454, 0.0839037, 0.0839037, 0.0839037, 0.0839037, 0.0042481, 0.0042481, 0.0042481, 0.0042481, 4.44e-05, 4.44e-05, 4.44e-05, 4.44e-05, 8e-07, 8e-07, 8e-07, 8e-07}:
{0, 23, 0.122043, 0.122043, 0.122043, 0.122043, 0.137844, 0.137844, 0.137844, 0.137844, 0.012521, 0.012521, 0.012521, 0.012521, 0.0001981, 0.0001981, 0.0001981, 0.0001981, 4e-06, 4e-06, 4e-06, 4e-06, 1e-07, 1e-07, 1e-07, 1e-07}:
{0, 23, 0.0625037, 0.0625037, 0.0625037, 0.0625037, 0.179669, 0.179669, 0.179669, 0.179669, 0.0304042, 0.0304042, 0.0304042, 0.0304042, 0.0007526, 0.0007526, 0.0007526, 0.0007526, 1.84e-05, 1.84e-05, 1.84e-05, 1.84e-05, 4e-07, 4e-07, 4e-07, 4e-07}:
{0, 23, 0.0250566, 0.0250566, 0.0250566, 0.0250566, 0.186859, 0.186859, 0.186859, 0.186859, 0.0611693, 0.0611693, 0.0611693, 0.0611693, 0.0024462, 0.0024462, 0.0024462, 0.0024462, 7.43e-05, 7.43e-05, 7.43e-05, 7.43e-05, 1.8e-06, 1.8e-06, 1.8e-06, 1.8e-06}:
{0, 27, 0.0078925, 0.0078925, 0.0078925, 0.0078925, 0.155654, 0.155654, 0.155654, 0.155654, 0.10235, 0.10235, 0.10235, 0.10235, 0.006828, 0.006828, 0.006828, 0.006828, 0.0002656, 0.0002656, 0.0002656, 0.0002656, 7.4e-06, 7.4e-06, 7.4e-06, 7.4e-06, 2e-07, 2e-07, 2e-07, 2e-07}:
{0, 27, 0.0019584, 0.0019584, 0.0019584, 0.0019584, 0.104127, 0.104127, 0.104127, 0.104127, 0.142809, 0.142809, 0.142809, 0.142809, 0.0164117, 0.0164117, 0.0164117, 0.0164117, 0.0008395, 0.0008395, 0.0008395, 0.0008395, 2.76e-05, 2.76e-05, 2.76e-05, 2.76e-05, 7e-07, 7e-07, 7e-07, 7e-07}:
{0, 31, 0.0003836, 0.0003836, 0.0003836, 0.0003836, 0.0560475, 0.0560475, 0.0560475, 0.0560475, 0.166488, 0.166488, 0.166488, 0.166488, 0.0340333, 0.0340333, 0.0340333, 0.0340333, 0.0023532, 0.0023532, 0.0023532, 0.0023532, 9.34e-05, 9.34e-05, 9.34e-05, 9.34e-05, 2.6e-06, 2.6e-06, 2.6e-06, 2.6e-06, 1e-07, 1e-07, 1e-07, 1e-07}:
{0, 31, 5.94e-05, 5.94e-05, 5.94e-05, 5.94e-05, 0.0243081, 0.0243081, 0.0243081, 0.0243081, 0.162408, 0.162408, 0.162408, 0.162408, 0.0609794, 0.0609794, 0.0609794, 0.0609794, 0.0058569, 0.0058569, 0.0058569, 0.0058569, 0.0002868, 0.0002868, 0.0002868, 0.0002868, 9.4e-06, 9.4e-06, 9.4e-06, 9.4e-06, 5e-07, 5e-07, 5e-07, 5e-07}:
{0, 35, 7.3e-06, 7.3e-06, 7.3e-06, 7.3e-06, 0.0085037, 0.0085037, 0.0085037, 0.0085037, 0.132712, 0.132712, 0.132712, 0.132712, 0.0945111, 0.0945111, 0.0945111, 0.0945111, 0.0129584, 0.0129584, 0.0129584, 0.0129584, 0.0007989, 0.0007989, 0.0007989, 0.0007989, 3.08e-05, 3.08e-05, 3.08e-05, 3.08e-05, 1.8e-06, 1.8e-06, 1.8e-06, 1.8e-06, 1e-07, 1e-07, 1e-07, 1e-07}:
{0, 35, 7e-07, 7e-07, 7e-07, 7e-07, 0.0024015, 0.0024015, 0.0024015, 0.0024015, 0.0909236, 0.0909236, 0.0909236, 0.0909236, 0.126821, 0.126821, 0.126821, 0.126821, 0.0255095, 0.0255095, 0.0255095, 0.0255095, 0.0020206, 0.0020206, 0.0020206, 0.0020206, 9.32e-05, 9.32e-05, 9.32e-05, 9.32e-05, 5.8e-06, 5.8e-06, 5.8e-06, 5.8e-06, 2e-07, 2e-07, 2e-07, 2e-07}:
{0, 39, 1e-07, 1e-07, 1e-07, 1e-07, 0.0005478, 0.0005478, 0.0005478, 0.0005478, 0.0522641, 0.0522641, 0.0522641, 0.0522641, 0.14744, 0.14744, 0.14744, 0.14744, 0.0447126, 0.0447126, 0.0447126, 0.0447126, 0.0046432, 0.0046432, 0.0046432, 0.0046432, 0.0002593, 0.0002593, 0.0002593, 0.0002593, 1.73e-05, 1.73e-05, 1.73e-05, 1.73e-05, 7e-07, 7e-07, 7e-07, 7e-07, 1e-07, 1e-07, 1e-07, 1e-07}:
{4, 39, 0.000101, 0.000101, 0.000101, 0.000101, 0.0252192, 0.0252192, 0.0252192, 0.0252192, 0.148597, 0.148597, 0.148597, 0.148597, 0.0698214, 0.0698214, 0.0698214, 0.0698214, 0.0097006, 0.0097006, 0.0097006, 0.0097006, 0.0006654, 0.0006654, 0.0006654, 0.0006654, 4.83e-05, 4.83e-05, 4.83e-05, 4.83e-05, 2.1e-06, 2.1e-06, 2.1e-06, 2.1e-06, 2e-07, 2e-07, 2e-07, 2e-07}:
{4, 43, 1.51e-05, 1.51e-05, 1.51e-05, 1.51e-05, 0.0102201, 0.0102201, 0.0102201, 0.0102201, 0.129892, 0.129892, 0.129892, 0.129892, 0.0971822, 0.0971822, 0.0971822, 0.0971822, 0.018434, 0.018434, 0.018434, 0.018434, 0.0015755, 0.0015755, 0.0015755, 0.0015755, 0.0001266, 0.0001266, 0.0001266, 0.0001266, 6.3e-06, 6.3e-06, 6.3e-06, 6.3e-06, 5e-07, 5e-07, 5e-07, 5e-07, 1e-07, 1e-07, 1e-07, 1e-07}:
{4, 43, 1.8e-06, 1.8e-06, 1.8e-06, 1.8e-06, 0.0034796, 0.0034796, 0.0034796, 0.0034796, 0.098514, 0.098514, 0.098514, 0.098514, 0.120614, 0.120614, 0.120614, 0.120614, 0.0318755, 0.0318755, 0.0318755, 0.0318755, 0.0034431, 0.0034431, 0.0034431, 0.0034431, 0.0003104, 0.0003104, 0.0003104, 0.0003104, 1.75e-05, 1.75e-05, 1.75e-05, 1.75e-05, 1.5e-06, 1.5e-06, 1.5e-06, 1.5e-06, 2e-07, 2e-07, 2e-07, 2e-07}:
{4, 47, 2e-07, 2e-07, 2e-07, 2e-07, 0.0009956, 0.0009956, 0.0009956, 0.0009956, 0.0648488, 0.0648488, 0.0648488, 0.0648488, 0.133526, 0.133526, 0.133526, 0.133526, 0.0501719, 0.0501719, 0.0501719, 0.0501719, 0.0069474, 0.0069474, 0.0069474, 0.0069474, 0.0007129, 0.0007129, 0.0007129, 0.0007129, 4.61e-05, 4.61e-05, 4.61e-05, 4.61e-05, 4e-06, 4e-06, 4e-06, 4e-06, 5e-07, 5e-07, 5e-07, 5e-07, 1e-07, 1e-07, 1e-07, 1e-07}:
{8, 47, 0.0002394, 0.0002394, 0.0002394, 0.0002394, 0.0370607, 0.0370607, 0.0370607, 0.0370607, 0.131892, 0.131892, 0.131892, 0.131892, 0.0719038, 0.0719038, 0.0719038, 0.0719038, 0.0129466, 0.0129466, 0.0129466, 0.0129466, 0.0015339, 0.0015339, 0.0015339, 0.0015339, 0.0001146, 0.0001146, 0.0001146, 0.0001146, 1.05e-05, 1.05e-05, 1.05e-05, 1.05e-05, 1.4e-06, 1.4e-06, 1.4e-06, 1.4e-06, 2e-07, 2e-07, 2e-07, 2e-07}:
{8, 47, 4.84e-05, 4.84e-05, 4.84e-05, 4.84e-05, 0.0183922, 0.0183922, 0.0183922, 0.0183922, 0.116268, 0.116268, 0.116268, 0.116268, 0.0938513, 0.0938513, 0.0938513, 0.0938513, 0.022287, 0.022287, 0.022287, 0.022287, 0.0030928, 0.0030928, 0.0030928, 0.0030928, 0.0002685, 0.0002685, 0.0002685, 0.0002685, 2.6e-05, 2.6e-05, 2.6e-05, 2.6e-05, 3.5e-06, 3.5e-06, 3.5e-06, 3.5e-06, 4e-07, 4e-07, 4e-07, 4e-07}:
{8, 47, 8.2e-06, 8.2e-06, 8.2e-06, 8.2e-06, 0.0079277, 0.0079277, 0.0079277, 0.0079277, 0.0914923, 0.0914923, 0.0914923, 0.0914923, 0.111588, 0.111588, 0.111588, 0.111588, 0.0354492, 0.0354492, 0.0354492, 0.0354492, 0.0058451, 0.0058451, 0.0058451, 0.0058451, 0.0005934, 0.0005934, 0.0005934, 0.0005934, 6.13e-05, 6.13e-05, 6.13e-05, 6.13e-05, 8.3e-06, 8.3e-06, 8.3e-06, 8.3e-06, 1e-06, 1e-06, 1e-06, 1e-06}:
{8, 51, 1.2e-06, 1.2e-06, 1.2e-06, 1.2e-06, 0.0029684, 0.0029684, 0.0029684, 0.0029684, 0.0642784, 0.0642784, 0.0642784, 0.0642784, 0.120883, 0.120883, 0.120883, 0.120883, 0.0521077, 0.0521077, 0.0521077, 0.0521077, 0.0103561, 0.0103561, 0.0103561, 0.0103561, 0.0012377, 0.0012377, 0.0012377, 0.0012377, 0.0001378, 0.0001378, 0.0001378, 0.0001378, 1.9e-05, 1.9e-05, 1.9e-05, 1.9e-05, 2.3e-06, 2.3e-06, 2.3e-06, 2.3e-06, 1e-07, 1e-07, 1e-07, 1e-07}:
{8, 61, 1e-07, 1e-07, 1e-07, 1e-07, 0.0009657, 0.0009657, 0.0009657, 0.0009657, 0.0403249, 0.0403249, 0.0403249, 0.0403249, 0.11933, 0.11933, 0.11933, 0.11933, 0.0707959, 0.0707959, 0.0707959, 0.0707959, 0.017204, 0.017204, 0.017204, 0.017204, 0.0024363, 0.0024363, 0.0024363, 0.0024363, 0.0002952, 0.0002952, 0.0002952, 0.0002952, 4.2e-05, 4.2e-05, 4.2e-05, 4.2e-05, 5.4e-06, 5.4e-06, 5.4e-06, 5.4e-06, 2e-07, 2e-07, 2e-07, 2e-07, 1e-07, 1e-07, 1e-07, 1e-07, 2e-07, 2e-07, 2e-07, 2e-07, 1.4e-06, 1.4e-06}:
{12, 61, 0.000273, 0.000273, 0.000273, 0.000273, 0.0225926, 0.0225926, 0.0225926, 0.0225926, 0.107359, 0.107359, 0.107359, 0.107359, 0.0889174, 0.0889174, 0.0889174, 0.0889174, 0.0268013, 0.0268013, 0.0268013, 0.0268013, 0.0045267, 0.0045267, 0.0045267, 0.0045267, 0.0006024, 0.0006024, 0.0006024, 0.0006024, 8.9e-05, 8.9e-05, 8.9e-05, 8.9e-05, 1.21e-05, 1.21e-05, 1.21e-05, 1.21e-05, 6e-07, 6e-07, 6e-07, 6e-07, 2e-07, 2e-07, 2e-07, 2e-07, 3e-07, 3e-07, 3e-07, 3e-07, 2.2e-06, 2.2e-06}:
{12, 61, 6.7e-05, 6.7e-05, 6.7e-05, 6.7e-05, 0.0113057, 0.0113057, 0.0113057, 0.0113057, 0.0880402, 0.0880402, 0.0880402, 0.0880402, 0.103251, 0.103251, 0.103251, 0.103251, 0.0391587, 0.0391587, 0.0391587, 0.0391587, 0.0079401, 0.0079401, 0.0079401, 0.0079401, 0.0011717, 0.0011717, 0.0011717, 0.0011717, 0.0001812, 0.0001812, 0.0001812, 0.0001812, 2.62e-05, 2.62e-05, 2.62e-05, 2.62e-05, 1.5e-06, 1.5e-06, 1.5e-06, 1.5e-06, 4e-07, 4e-07, 4e-07, 4e-07, 7e-07, 7e-07, 7e-07, 7e-07, 3.4e-06, 3.4e-06}:
{12, 61, 1.43e-05, 1.43e-05, 1.43e-05, 1.43e-05, 0.0050537, 0.0050537, 0.0050537, 0.0050537, 0.0658153, 0.0658153, 0.0658153, 0.0658153, 0.11086, 0.11086, 0.11086, 0.11086, 0.0536658, 0.0536658, 0.0536658, 0.0536658, 0.013149, 0.013149, 0.013149, 0.013149, 0.0021718, 0.0021718, 0.0021718, 0.0021718, 0.0003546, 0.0003546, 0.0003546, 0.0003546, 5.45e-05, 5.45e-05, 5.45e-05, 5.45e-05, 3.4e-06, 3.4e-06, 3.4e-06, 3.4e-06, 1e-06, 1e-06, 1e-06, 1e-06, 1.3e-06, 1.3e-06, 1.3e-06, 1.3e-06, 5.2e-06, 5.2e-06}:
{12, 61, 2.7e-06, 2.7e-06, 2.7e-06, 2.7e-06, 0.0020181, 0.0020181, 0.0020181, 0.0020181, 0.0448558, 0.0448558, 0.0448558, 0.0448558, 0.110073, 0.110073, 0.110073, 0.110073, 0.0689932, 0.0689932, 0.0689932, 0.0689932, 0.0205606, 0.0205606, 0.0205606, 0.0205606, 0.003837, 0.003837, 0.003837, 0.003837, 0.0006669, 0.0006669, 0.0006669, 0.0006669, 0.0001095, 0.0001095, 0.0001095, 0.0001095, 7.7e-06, 7.7e-06, 7.7e-06, 7.7e-06, 2e-06, 2e-06, 2e-06, 2e-06, 2.5e-06, 2.5e-06, 2.5e-06, 2.5e-06, 7.9e-06, 7.9e-06}:
{12, 61, 4e-07, 4e-07, 4e-07, 4e-07, 0.00072, 0.00072, 0.00072, 0.00072, 0.0278736, 0.0278736, 0.0278736, 0.0278736, 0.101074, 0.101074, 0.101074, 0.101074, 0.0832136, 0.0832136, 0.0832136, 0.0832136, 0.0303594, 0.0303594, 0.0303594, 0.0303594, 0.0064618, 0.0064618, 0.0064618, 0.0064618, 0.0012058, 0.0012058, 0.0012058, 0.0012058, 0.0002122, 0.0002122, 0.0002122, 0.0002122, 1.67e-05, 1.67e-05, 1.67e-05, 1.67e-05, 4.2e-06, 4.2e-06, 4.2e-06, 4.2e-06, 4.7e-06, 4.7e-06, 4.7e-06, 4.7e-06, 1.18e-05, 1.18e-05}:
{12, 61, 1e-07, 1e-07, 1e-07, 1e-07, 0.0002295, 0.0002295, 0.0002295, 0.0002295, 0.0157938, 0.0157938, 0.0157938, 0.0157938, 0.0858413, 0.0858413, 0.0858413, 0.0858413, 0.0941666, 0.0941666, 0.0941666, 0.0941666, 0.0423349, 0.0423349, 0.0423349, 0.0423349, 0.0103742, 0.0103742, 0.0103742, 0.0103742, 0.0020958, 0.0020958, 0.0020958, 0.0020958, 0.000397, 0.000397, 0.000397, 0.000397, 3.49e-05, 3.49e-05, 3.49e-05, 3.49e-05, 8.5e-06, 8.5e-06, 8.5e-06, 8.5e-06, 8.8e-06, 8.8e-06, 8.8e-06, 8.8e-06, 1.74e-05, 1.74e-05}:
{16, 61, 6.54e-05, 6.54e-05, 6.54e-05, 6.54e-05, 0.0081607, 0.0081607, 0.0081607, 0.0081607, 0.0674337, 0.0674337, 0.0674337, 0.0674337, 0.0999875, 0.0999875, 0.0999875, 0.0999875, 0.0557553, 0.0557553, 0.0557553, 0.0557553, 0.0158788, 0.0158788, 0.0158788, 0.0158788, 0.0035016, 0.0035016, 0.0035016, 0.0035016, 0.0007166, 0.0007166, 0.0007166, 0.0007166, 7.06e-05, 7.06e-05, 7.06e-05, 7.06e-05, 1.68e-05, 1.68e-05, 1.68e-05, 1.68e-05, 1.58e-05, 1.58e-05, 1.58e-05, 1.58e-05, 2.55e-05, 2.55e-05}:
{16, 61, 1.66e-05, 1.66e-05, 1.66e-05, 1.66e-05, 0.0038454, 0.0038454, 0.0038454, 0.0038454, 0.0490017, 0.0490017, 0.0490017, 0.0490017, 0.0996253, 0.0996253, 0.0996253, 0.0996253, 0.0693558, 0.0693558, 0.0693558, 0.0693558, 0.0231725, 0.0231725, 0.0231725, 0.0231725, 0.0056248, 0.0056248, 0.0056248, 0.0056248, 0.0012482, 0.0012482, 0.0012482, 0.0012482, 0.0001378, 0.0001378, 0.0001378, 0.0001378, 3.22e-05, 3.22e-05, 3.22e-05, 3.22e-05, 2.8e-05, 2.8e-05, 2.8e-05, 2.8e-05, 3.7e-05, 3.7e-05}:
{16, 61, 3.8e-06, 3.8e-06, 3.8e-06, 3.8e-06, 0.0016525, 0.0016525, 0.0016525, 0.0016525, 0.03294, 0.03294, 0.03294, 0.03294, 0.0931525, 0.0931525, 0.0931525, 0.0931525, 0.0814922, 0.0814922, 0.0814922, 0.0814922, 0.0322438, 0.0322438, 0.0322438, 0.0322438, 0.0086872, 0.0086872, 0.0086872, 0.0086872, 0.0020986, 0.0020986, 0.0020986, 0.0020986, 0.0002602, 0.0002602, 0.0002602, 0.0002602, 6e-05, 6e-05, 6e-05, 6e-05, 4.86e-05, 4.86e-05, 4.86e-05, 4.86e-05, 5.31e-05, 5.31e-05}:
{16, 61, 8e-07, 8e-07, 8e-07, 8e-07, 0.0006477, 0.0006477, 0.0006477, 0.0006477, 0.0204851, 0.0204851, 0.0204851, 0.0204851, 0.0817418, 0.0817418, 0.0817418, 0.0817418, 0.0904503, 0.0904503, 0.0904503, 0.0904503, 0.0427822, 0.0427822, 0.0427822, 0.0427822, 0.0129006, 0.0129006, 0.0129006, 0.0129006, 0.0034054, 0.0034054, 0.0034054, 0.0034054, 0.0004745, 0.0004745, 0.0004745, 0.0004745, 0.000109, 0.000109, 0.000109, 0.000109, 8.25e-05, 8.25e-05, 8.25e-05, 8.25e-05, 7.55e-05, 7.55e-05}:
{16, 61, 1e-07, 1e-07, 1e-07, 1e-07, 0.0002316, 0.0002316, 0.0002316, 0.0002316, 0.0117863, 0.0117863, 0.0117863, 0.0117863, 0.0673195, 0.0673195, 0.0673195, 0.0673195, 0.0948387, 0.0948387, 0.0948387, 0.0948387, 0.0541307, 0.0541307, 0.0541307, 0.0541307, 0.0184213, 0.0184213, 0.0184213, 0.0184213, 0.0053338, 0.0053338, 0.0053338, 0.0053338, 0.0008365, 0.0008365, 0.0008365, 0.0008365, 0.0001925, 0.0001925, 0.0001925, 0.0001925, 0.0001371, 0.0001371, 0.0001371, 0.0001371, 0.0001062, 0.0001062}:
{20, 61, 7.55e-05, 7.55e-05, 7.55e-05, 7.55e-05, 0.0062742, 0.0062742, 0.0062742, 0.0062742, 0.052036, 0.052036, 0.052036, 0.052036, 0.0939427, 0.0939427, 0.0939427, 0.0939427, 0.0653145, 0.0653145, 0.0653145, 0.0653145, 0.0252946, 0.0252946, 0.0252946, 0.0252946, 0.008064, 0.008064, 0.008064, 0.008064, 0.0014254, 0.0014254, 0.0014254, 0.0014254, 0.0003312, 0.0003312, 0.0003312, 0.0003312, 0.0002232, 0.0002232, 0.0002232, 0.0002232, 0.000148, 0.000148}:
{20, 61, 2.25e-05, 2.25e-05, 2.25e-05, 2.25e-05, 0.0030903, 0.0030903, 0.0030903, 0.0030903, 0.037753, 0.037753, 0.037753, 0.037753, 0.0879147, 0.0879147, 0.0879147, 0.0879147, 0.0751585, 0.0751585, 0.0751585, 0.0751585, 0.0334006, 0.0334006, 0.0334006, 0.0334006, 0.0117688, 0.0117688, 0.0117688, 0.0117688, 0.0023477, 0.0023477, 0.0023477, 0.0023477, 0.0005548, 0.0005548, 0.0005548, 0.0005548, 0.0003559, 0.0003559, 0.0003559, 0.0003559, 0.0002041, 0.0002041}:
{20, 61, 6.1e-06, 6.1e-06, 6.1e-06, 6.1e-06, 0.0014084, 0.0014084, 0.0014084, 0.0014084, 0.0257099, 0.0257099, 0.0257099, 0.0257099, 0.0777315, 0.0777315, 0.0777315, 0.0777315, 0.0824835, 0.0824835, 0.0824835, 0.0824835, 0.0424147, 0.0424147, 0.0424147, 0.0424147, 0.0165805, 0.0165805, 0.0165805, 0.0165805, 0.0037379, 0.0037379, 0.0037379, 0.0037379, 0.0009047, 0.0009047, 0.0009047, 0.0009047, 0.000556, 0.000556, 0.000556, 0.000556, 0.0002789, 0.0002789}:
{20, 61, 1.5e-06, 1.5e-06, 1.5e-06, 1.5e-06, 0.0005939, 0.0005939, 0.0005939, 0.0005939, 0.0164348, 0.0164348, 0.0164348, 0.0164348, 0.064936, 0.064936, 0.064936, 0.064936, 0.086336, 0.086336, 0.086336, 0.086336, 0.0517999, 0.0517999, 0.0517999, 0.0517999, 0.0225509, 0.0225509, 0.0225509, 0.0225509, 0.0057529, 0.0057529, 0.0057529, 0.0057529, 0.0014366, 0.0014366, 0.0014366, 0.0014366, 0.0008507, 0.0008507, 0.0008507, 0.0008507, 0.0003772, 0.0003772}:
{20, 61, 3e-07, 3e-07, 3e-07, 3e-07, 0.0002318, 0.0002318, 0.0002318, 0.0002318, 0.0098619, 0.0098619, 0.0098619, 0.0098619, 0.0512556, 0.0512556, 0.0512556, 0.0512556, 0.0861921, 0.0861921, 0.0861921, 0.0861921, 0.0608425, 0.0608425, 0.0608425, 0.0608425, 0.0296104, 0.0296104, 0.0296104, 0.0296104, 0.0085594, 0.0085594, 0.0085594, 0.0085594, 0.0022213, 0.0022213, 0.0022213, 0.0022213, 0.0012749, 0.0012749, 0.0012749, 0.0012749, 0.0005053, 0.0005053}:
{20, 61, 1e-07, 1e-07, 1e-07, 1e-07, 8.37e-05, 8.37e-05, 8.37e-05, 8.37e-05, 0.0055552, 0.0055552, 0.0055552, 0.0055552, 0.0382277, 0.0382277, 0.0382277, 0.0382277, 0.0820742, 0.0820742, 0.0820742, 0.0820742, 0.0687327, 0.0687327, 0.0687327, 0.0687327, 0.0375364, 0.0375364, 0.0375364, 0.0375364, 0.0123115, 0.0123115, 0.0123115, 0.0123115, 0.0033444, 0.0033444, 0.0033444, 0.0033444, 0.0018718, 0.0018718, 0.0018718, 0.0018718, 0.0006704, 0.0006704}:
{24, 61, 2.8e-05, 2.8e-05, 2.8e-05, 2.8e-05, 0.0029376, 0.0029376, 0.0029376, 0.0029376, 0.0269406, 0.0269406, 0.0269406, 0.0269406, 0.0745456, 0.0745456, 0.0745456, 0.0745456, 0.0746813, 0.0746813, 0.0746813, 0.0746813, 0.0459411, 0.0459411, 0.0459411, 0.0459411, 0.0171199, 0.0171199, 0.0171199, 0.0171199, 0.0049034, 0.0049034, 0.0049034, 0.0049034, 0.0026921, 0.0026921, 0.0026921, 0.0026921, 0.0008808, 0.0008808}:
{24, 61, 8.6e-06, 8.6e-06, 8.6e-06, 8.6e-06, 0.0014583, 0.0014583, 0.0014583, 0.0014583, 0.0179407, 0.0179407, 0.0179407, 0.0179407, 0.064584, 0.064584, 0.064584, 0.064584, 0.0780482, 0.0780482, 0.0780482, 0.0780482, 0.0542879, 0.0542879, 0.0542879, 0.0542879, 0.0230158, 0.0230158, 0.0230158, 0.0230158, 0.0070008, 0.0070008, 0.0070008, 0.0070008, 0.0037932, 0.0037932, 0.0037932, 0.0037932, 0.0011461, 0.0011461}:
{24, 61, 2.5e-06, 2.5e-06, 2.5e-06, 2.5e-06, 0.0006797, 0.0006797, 0.0006797, 0.0006797, 0.0112899, 0.0112899, 0.0112899, 0.0112899, 0.0533737, 0.0533737, 0.0533737, 0.0533737, 0.0784563, 0.0784563, 0.0784563, 0.0784563, 0.0619394, 0.0619394, 0.0619394, 0.0619394, 0.0299154, 0.0299154, 0.0299154, 0.0299154, 0.0097338, 0.0097338, 0.0097338, 0.0097338, 0.0052359, 0.0052359, 0.0052359, 0.0052359, 0.0014771, 0.0014771}:
{24, 62, 7e-07, 7e-07, 7e-07, 7e-07, 0.0002974, 0.0002974, 0.0002974, 0.0002974, 0.0067137, 0.0067137, 0.0067137, 0.0067137, 0.0420763, 0.0420763, 0.0420763, 0.0420763, 0.0758607, 0.0758607, 0.0758607, 0.0758607, 0.0682346, 0.0682346, 0.0682346, 0.0682346, 0.0375942, 0.0375942, 0.0375942, 0.0375942, 0.01318, 0.01318, 0.01318, 0.01318, 0.0070807, 0.0070807, 0.0070807, 0.0070807, 0.0018855, 0.0018855, 1.79529e-11}:
{24, 62, 2e-07, 2e-07, 2e-07, 2e-07, 0.0001222, 0.0001222, 0.0001222, 0.0001222, 0.0037728, 0.0037728, 0.0037728, 0.0037728, 0.0316422, 0.0316422, 0.0316422, 0.0316422, 0.0705569, 0.0705569, 0.0705569, 0.0705569, 0.0725813, 0.0725813, 0.0725813, 0.0725813, 0.0456784, 0.0456784, 0.0456784, 0.0456784, 0.0173801, 0.0173801, 0.0173801, 0.0173801, 0.0093811, 0.0093811, 0.0093811, 0.0093811, 0.0023838, 0.0023838, 4.24011e-11}:
{28, 62, 4.71e-05, 4.71e-05, 4.71e-05, 4.71e-05, 0.0020036, 0.0020036, 0.0020036, 0.0020036, 0.0226998, 0.0226998, 0.0226998, 0.0226998, 0.0631254, 0.0631254, 0.0631254, 0.0631254, 0.074548, 0.074548, 0.074548, 0.074548, 0.0536631, 0.0536631, 0.0536631, 0.0536631, 0.0223205, 0.0223205, 0.0223205, 0.0223205, 0.0121771, 0.0121771, 0.0121771, 0.0121771, 0.0029852, 0.0029852, 9.86174e-11}:
{28, 62, 1.71e-05, 1.71e-05, 1.71e-05, 1.71e-05, 0.0010056, 0.0010056, 0.0010056, 0.0010056, 0.015535, 0.015535, 0.015535, 0.015535, 0.0543274, 0.0543274, 0.0543274, 0.0543274, 0.0739345, 0.0739345, 0.0739345, 0.0739345, 0.0609568, 0.0609568, 0.0609568, 0.0609568, 0.0279175, 0.0279175, 0.0279175, 0.0279175, 0.0154865, 0.0154865, 0.0154865, 0.0154865, 0.0037028, 0.0037028, 2.25874e-10}:
{28, 62, 5.8e-06, 5.8e-06, 5.8e-06, 5.8e-06, 0.0004769, 0.0004769, 0.0004769, 0.0004769, 0.0101425, 0.0101425, 0.0101425, 0.0101425, 0.0449772, 0.0449772, 0.0449772, 0.0449772, 0.0708053, 0.0708053, 0.0708053, 0.0708053, 0.0669513, 0.0669513, 0.0669513, 0.0669513, 0.034008, 0.034008, 0.034008, 0.034008, 0.0192969, 0.0192969, 0.0192969, 0.0192969, 0.0045494, 0.0045494, 5.09462e-10}:
{28, 62, 1.9e-06, 1.9e-06, 1.9e-06, 1.9e-06, 0.0002138, 0.0002138, 0.0002138, 0.0002138, 0.0063172, 0.0063172, 0.0063172, 0.0063172, 0.0358205, 0.0358205, 0.0358205, 0.0358205, 0.0654786, 0.0654786, 0.0654786, 0.0654786, 0.0711038, 0.0711038, 0.0711038, 0.0711038, 0.040348, 0.040348, 0.040348, 0.040348, 0.0235588, 0.0235588, 0.0235588, 0.0235588, 0.0055367, 0.0055367, 1.1316e-09}:
{28, 62, 6e-07, 6e-07, 6e-07, 6e-07, 9.06e-05, 9.06e-05, 9.06e-05, 9.06e-05, 0.0037537, 0.0037537, 0.0037537, 0.0037537, 0.0274437, 0.0274437, 0.0274437, 0.0274437, 0.058473, 0.058473, 0.058473, 0.058473, 0.0730182, 0.0730182, 0.0730182, 0.0730182, 0.0466239, 0.0466239, 0.0466239, 0.0466239, 0.0281813, 0.0281813, 0.0281813, 0.0281813, 0.0066746, 0.0066746, 2.4752e-09}:
{28, 62, 2e-07, 2e-07, 2e-07, 2e-07, 3.63e-05, 3.63e-05, 3.63e-05, 3.63e-05, 0.002128, 0.002128, 0.002128, 0.002128, 0.0202271, 0.0202271, 0.0202271, 0.0202271, 0.0504242, 0.0504242, 0.0504242, 0.0504242, 0.072507, 0.072507, 0.072507, 0.072507, 0.0524742, 0.0524742, 0.0524742, 0.0524742, 0.0330305, 0.0330305, 0.0330305, 0.0330305, 0.0079704, 0.0079704, 5.33166e-09}:
{32, 62, 1.37e-05, 1.37e-05, 1.37e-05, 1.37e-05, 0.0011509, 0.0011509, 0.0011509, 0.0011509, 0.014342, 0.014342, 0.014342, 0.014342, 0.041991, 0.041991, 0.041991, 0.041991, 0.0696219, 0.0696219, 0.0696219, 0.0696219, 0.0575228, 0.0575228, 0.0575228, 0.0575228, 0.0379334, 0.0379334, 0.0379334, 0.0379334, 0.0094282, 0.0094282, 1.13096e-08}:
{32, 63, 4.9e-06, 4.9e-06, 4.9e-06, 4.9e-06, 0.0005939, 0.0005939, 0.0005939, 0.0005939, 0.009783, 0.009783, 0.009783, 0.009783, 0.0337687, 0.0337687, 0.0337687, 0.0337687, 0.0646449, 0.0646449, 0.0646449, 0.0646449, 0.0614183, 0.0614183, 0.0614183, 0.0614183, 0.0426862, 0.0426862, 0.0426862, 0.0426862, 0.0110478, 0.0110478, 2.36249e-08, 2.0783e-11}:
{32, 63, 1.7e-06, 1.7e-06, 1.7e-06, 1.7e-06, 0.0002924, 0.0002924, 0.0002924, 0.0002924, 0.00642, 0.00642, 0.00642, 0.00642, 0.0262252, 0.0262252, 0.0262252, 0.0262252, 0.0580432, 0.0580432, 0.0580432, 0.0580432, 0.063874, 0.063874, 0.063874, 0.063874, 0.0470671, 0.0470671, 0.0470671, 0.0470671, 0.0128241, 0.0128241, 4.8599e-08, 4.43223e-11}:
{32, 63, 5e-07, 5e-07, 5e-07, 5e-07, 0.0001373, 0.0001373, 0.0001373, 0.0001373, 0.0040532, 0.0040532, 0.0040532, 0.0040532, 0.0196686, 0.0196686, 0.0196686, 0.0196686, 0.0503966, 0.0503966, 0.0503966, 0.0503966, 0.0647029, 0.0647029, 0.0647029, 0.0647029, 0.050853, 0.050853, 0.050853, 0.050853, 0.0147464, 0.0147464, 9.84507e-08, 9.3393e-11}:
{32, 63, 2e-07, 2e-07, 2e-07, 2e-07, 6.15e-05, 6.15e-05, 6.15e-05, 6.15e-05, 0.0024619, 0.0024619, 0.0024619, 0.0024619, 0.0142457, 0.0142457, 0.0142457, 0.0142457, 0.0423145, 0.0423145, 0.0423145, 0.0423145, 0.0638414, 0.0638414, 0.0638414, 0.0638414, 0.053838, 0.053838, 0.053838, 0.053838, 0.016798, 0.016798, 1.96402e-07, 1.9444e-10}:
{36, 63, 2.63e-05, 2.63e-05, 2.63e-05, 2.63e-05, 0.0014386, 0.0014386, 0.0014386, 0.0014386, 0.0099644, 0.0099644, 0.0099644, 0.0099644, 0.0343574, 0.0343574, 0.0343574, 0.0343574, 0.061357, 0.061357, 0.061357, 0.061357, 0.0558523, 0.0558523, 0.0558523, 0.0558523, 0.018956, 0.018956, 3.8584e-07, 3.99979e-10}:
{36, 63, 1.07e-05, 1.07e-05, 1.07e-05, 1.07e-05, 0.0008088, 0.0008088, 0.0008088, 0.0008088, 0.0067311, 0.0067311, 0.0067311, 0.0067311, 0.0269773, 0.0269773, 0.0269773, 0.0269773, 0.0574399, 0.0574399, 0.0574399, 0.0574399, 0.0567775, 0.0567775, 0.0567775, 0.0567775, 0.0211913, 0.0211913, 7.46454e-07, 8.12956e-10}:
{36, 63, 4.2e-06, 4.2e-06, 4.2e-06, 4.2e-06, 0.0004375, 0.0004375, 0.0004375, 0.0004375, 0.0043913, 0.0043913, 0.0043913, 0.0043913, 0.0204846, 0.0204846, 0.0204846, 0.0204846, 0.0523788, 0.0523788, 0.0523788, 0.0523788, 0.0565587, 0.0565587, 0.0565587, 0.0565587, 0.023469, 0.023469, 1.42211e-06, 1.63259e-09}:
{36, 63, 1.6e-06, 1.6e-06, 1.6e-06, 1.6e-06, 0.0002277, 0.0002277, 0.0002277, 0.0002277, 0.0027667, 0.0027667, 0.0027667, 0.0027667, 0.0150423, 0.0150423, 0.0150423, 0.0150423, 0.0465257, 0.0465257, 0.0465257, 0.0465257, 0.0552095, 0.0552095, 0.0552095, 0.0552095, 0.0257492, 0.0257492, 2.66809e-06, 3.2394e-09}:
{36, 64, 8e-07, 8e-07, 8e-07, 8e-07, 0.0002138, 0.0002138, 0.0002138, 0.0002138, 0.0038652, 0.0038652, 0.0038652, 0.0038652, 0.0306129, 0.0306129, 0.0306129, 0.0306129, 0.185585, 0.185585, 0.185585, 0.185585, 0.37304, 0.37304, 0.37304, 0.37304, 0.56546, 0.56546, 0.000301901, 6.74796e-07, 1.57104e-09}:
{48, 66, 8e-07, 8e-07, 8e-07, 8e-07, 0.000244, 0.000244, 0.000244, 0.000244, 0.0048064, 0.0048064, 0.0048064, 0.0048064, 0.238605, 0.238605, 0.109455, 0.00148086, 9.10421e-06, 4.85795e-08, 3.01262e-10}:
{62, 68, 0.78048, 0.149734, 0.0044375, 6.01147e-05, 6.37387e-07, 6.93111e-09, 8.83711e-11}:
{62, 70, 0.109455, 0.69757, 0.181918, 0.00972588, 0.000245964, 4.60439e-06, 8.14056e-08, 1.55159e-09, 3.4188e-11}:
{62, 72, 0.000301901, 0.149734, 0.627271, 0.20573, 0.017312, 0.000721686, 2.16784e-05, 5.82798e-07, 1.59023e-08, 4.73355e-10, 1.5997e-11}:
{62, 74, 1.63773e-08, 0.00148086, 0.181918, 0.568968, 0.222246, 0.0266889, 0.00166889, 7.44946e-05, 2.87506e-06, 1.0786e-07, 4.22396e-09, 1.80186e-10, 8.57974e-12}:
{63, 75, 6.74796e-07, 0.0044375, 0.20573, 0.520391, 0.232874, 0.0371413, 0.00324038, 0.00020204, 1.06614e-05, 5.30286e-07, 2.66269e-08, 1.40946e-09, 8.07808e-11}:
{64, 77, 9.10421e-06, 0.00972588, 0.222246, 0.479422, 0.238954, 0.047966, 0.00551862, 0.000457142, 3.16527e-05, 2.02134e-06, 1.2705e-07, 8.20329e-09, 5.59431e-10, 4.101e-11}:
{64, 79, 1.57104e-09, 6.01147e-05, 0.017312, 0.232874, 0.444427, 0.241622, 0.0585902, 0.00850291, 0.000898295, 7.88277e-05, 6.28405e-06, 4.83713e-07, 3.74747e-08, 3.00507e-09, 2.54112e-10, 2.29344e-11}:
{65, 81, 4.85795e-08, 0.000245964, 0.0266889, 0.238954, 0.414194, 0.241781, 0.0686065, 0.012121, 0.0015792, 0.000170549, 1.65618e-05, 1.53076e-06, 1.40122e-07, 1.30595e-08, 1.26318e-09, 1.28503e-10, 1.39118e-11}:
{66, 83, 6.37387e-07, 0.000721686, 0.0371413, 0.241622, 0.387811, 0.240128, 0.0777614, 0.0162524, 0.00253981, 0.000329267, 3.81288e-05, 4.15764e-06, 4.43335e-07, 4.74934e-08, 5.21241e-09, 5.9594e-10, 7.26035e-11, 9.76845e-12}:
{66, 85, 3.01262e-10, 4.60439e-06, 0.00166889, 0.047966, 0.241781, 0.364589, 0.237192, 0.0859246, 0.0207539, 0.00380108, 0.000579131, 7.85009e-05, 9.94132e-06, 1.21898e-06, 1.48597e-07, 1.8413e-08, 2.38276e-09, 3.34923e-10, 5.34714e-11, 1.00359e-11}:
{67, 85, 6.93111e-09, 2.16784e-05, 0.00324038, 0.0585902, 0.240128, 0.34399, 0.233366, 0.093055, 0.0254793, 0.00536387, 0.000943172, 0.000147252, 2.13575e-05, 2.97733e-06, 4.10344e-07, 5.77255e-08, 8.65476e-09, 1.45079e-09, 2.82164e-10}:
{68, 85, 8.14056e-08, 7.44946e-05, 0.00551862, 0.0686065, 0.237192, 0.325594, 0.228941, 0.0991716, 0.030294, 0.00721099, 0.00144073, 0.000255445, 4.19265e-05, 6.59592e-06, 1.03233e-06, 1.6856e-07, 3.0228e-08, 6.19611e-09}:
{68, 85, 8.83711e-11, 5.82798e-07, 0.00020204, 0.00850291, 0.0777614, 0.233366, 0.309067, 0.224134, 0.104331, 0.0350822, 0.00931129, 0.00208563, 0.000414949, 7.64725e-05, 1.36279e-05, 2.47426e-06, 4.83656e-07, 1.06269e-07}:
{69, 85, 1.55159e-09, 2.87506e-06, 0.000457142, 0.012121, 0.0859246, 0.228941, 0.294136, 0.219102, 0.108609, 0.0397504, 0.0116244, 0.00288634, 0.000639496, 0.000132803, 2.73733e-05, 5.9427e-06, 1.42352e-06}:
{70, 85, 1.59023e-08, 1.06614e-05, 0.000898295, 0.0162524, 0.093055, 0.224134, 0.280581, 0.213961, 0.112093, 0.0442279, 0.0141106, 0.00385721, 0.000955314, 0.000228244, 5.60728e-05, 1.48934e-05}:
{70, 85, 3.4188e-11, 1.0786e-07, 3.16527e-05, 0.0015792, 0.0207539, 0.0991716, 0.219102, 0.26822, 0.208796, 0.114872, 0.0484826, 0.0167807, 0.00507281, 0.00143437, 0.000406296, 0.000121701}:
{71, 85, 4.73355e-10, 5.30286e-07, 7.88277e-05, 0.00253981, 0.0254793, 0.104331, 0.213961, 0.256903, 0.203669, 0.117077, 0.0526565, 0.0198845, 0.00679381, 0.00226076, 0.000776718}:
{72, 85, 4.22396e-09, 2.02134e-06, 0.000170549, 0.00380108, 0.030294, 0.108609, 0.208796, 0.246507, 0.198704, 0.119178, 0.0575365, 0.0242525, 0.00966021, 0.00387172}:
{72, 85, 1.5997e-11, 2.66269e-08, 6.28405e-06, 0.000329267, 0.00536387, 0.0350822, 0.112093, 0.203669, 0.237019, 0.194554, 0.122895, 0.0652514, 0.0316986, 0.0150736}:
{73, 85, 1.80186e-10, 1.2705e-07, 1.65618e-05, 0.000579131, 0.00721099, 0.0397504, 0.114872, 0.198704, 0.229081, 0.193772, 0.132316, 0.079876, 0.0458351}:
{74, 85, 1.40946e-09, 4.83713e-07, 3.81288e-05, 0.000943172, 0.00931129, 0.0442279, 0.117077, 0.194554, 0.225532, 0.202222, 0.154566, 0.108856}:
{74, 85, 8.57974e-12, 8.20329e-09, 1.53076e-06, 7.85009e-05, 0.00144073, 0.0116244, 0.0484826, 0.119178, 0.193772, 0.232934, 0.229684, 0.201917}:
{75, 85, 8.07808e-11, 3.74747e-08, 4.15764e-06, 0.000147252, 0.00208563, 0.0141106, 0.0526565, 0.122895, 0.202222, 0.262102, 0.292528};
>