energy(#asignalc)<
@energy = {0, 7, 0.31155269999999996, 0.31155269999999996, 0.0168911, 0.0168911, 0.0002785, 0.0002785, 4.e-7, 4.e-7}:
{0, 7, 0.3941037, 0.3941037, 0.10887219999999999, 0.10887219999999999, 0.0045471999999999995, 0.0045471999999999995, 0.0000184, 0.0000184}:
{0, 9, 0.1732434, 0.1732434, 0.2992583, 0.2992583, 0.0368583, 0.0368583, 0.00043779999999999996, 0.00043779999999999996, 2.e-6, 2.e-6}:
{0, 11, 0.026243, 0.026243, 0.35281769999999996, 0.35281769999999996, 0.1490166, 0.1490166, 0.005575999999999999, 0.005575999999999999, 0.000058399999999999997, 0.000058399999999999997, 1.e-7, 1.e-7}:
{0, 11, 0.0013480999999999999, 0.0013480999999999999, 0.17862789999999998, 0.17862789999999998, 0.30163219999999996, 0.30163219999999996, 0.038115199999999995, 0.038115199999999995, 0.0009611999999999999, 0.0009611999999999999, 3.2999999999999997e-6, 3.2999999999999997e-6}:
{0, 13, 0.0000231, 0.0000231, 0.038693899999999996, 0.038693899999999996, 0.30633099999999996, 0.30633099999999996, 0.1402622, 0.1402622, 0.0090508, 0.0090508, 0.0000809, 0.0000809, 7.e-7, 7.e-7}:
{0, 15, 1.e-7, 1.e-7, 0.00356, 0.00356, 0.1560975, 0.1560975, 0.2785742, 0.2785742, 0.0489027, 0.0489027, 0.0011803, 0.0011803, 0.0000161, 0.0000161, 1.e-7, 1.e-7}:
{2, 15, 0.0001379, 0.0001379, 0.0398294, 0.0398294, 0.2990448, 0.2990448, 0.1519458, 0.1519458, 0.01011, 0.01011, 0.00024599999999999996, 0.00024599999999999996, 2.2e-6, 2.2e-6}:
{2, 17, 2.2e-6, 2.2e-6, 0.00507, 0.00507, 0.1735398, 0.1735398, 0.2719215, 0.2719215, 0.0509673, 0.0509673, 0.0023943, 0.0023943, 0.000040799999999999996, 0.000040799999999999996, 3.e-7, 3.e-7}:
{4, 19, 0.0003205, 0.0003205, 0.0543781, 0.0543781, 0.2805298, 0.2805298, 0.1514915, 0.1514915, 0.014888499999999999, 0.014888499999999999, 0.0004887, 0.0004887, 6.799999999999999e-6, 6.799999999999999e-6, 1.e-7, 1.e-7}:
{4, 19, 9.999999999999999e-6, 9.999999999999999e-6, 0.0091795, 0.0091795, 0.1668448, 0.1668448, 0.2658411, 0.2658411, 0.059207499999999996, 0.059207499999999996, 0.0038639, 0.0038639, 0.000092, 0.000092, 1.4e-6, 1.4e-6}:
{4, 21, 2.e-7, 2.e-7, 0.0008323, 0.0008323, 0.0571604, 0.0571604, 0.2756222, 0.2756222, 0.1507174, 0.1507174, 0.0201957, 0.0201957, 0.0008556, 0.0008556, 0.0000198, 0.0000198, 1.e-7, 1.e-7}:
{6, 21, 0.0000404, 0.0000404, 0.0112632, 0.0112632, 0.1688429, 0.1688429, 0.24576199999999998, 0.24576199999999998, 0.0698406, 0.0698406, 0.0054889, 0.0054889, 0.0002072, 0.0002072, 1.8e-6, 1.8e-6}:
{6, 23, 1.e-6, 1.e-6, 0.0012737999999999998, 0.0012737999999999998, 0.0610719, 0.0610719, 0.2568008, 0.2568008, 0.15990959999999999, 0.15990959999999999, 0.0243127, 0.0243127, 0.0015431, 0.0015431, 0.0000241, 0.0000241, 3.e-7, 3.e-7}:
{8, 25, 0.0000825, 0.0000825, 0.013026699999999999, 0.013026699999999999, 0.17195729999999998, 0.17195729999999998, 0.24253439999999998, 0.24253439999999998, 0.0743987, 0.0743987, 0.008195599999999999, 0.008195599999999999, 0.0002303, 0.0002303, 4.1e-6, 4.1e-6, 1.e-7, 1.e-7}:
{8, 25, 3.1e-6, 3.1e-6, 0.0016357, 0.0016357, 0.0737641, 0.0737641, 0.2437347, 0.2437347, 0.15735369999999999, 0.15735369999999999, 0.031055199999999998, 0.031055199999999998, 0.0015998, 0.0015998, 0.000046099999999999996, 0.000046099999999999996, 1.5e-6, 1.5e-6}:
{8, 27, 1.e-7, 1.e-7, 0.00012069999999999999, 0.00012069999999999999, 0.020257499999999998, 0.020257499999999998, 0.16229559999999998, 0.16229559999999998, 0.2300943, 0.2300943, 0.0839871, 0.0839871, 0.0080682, 0.0080682, 0.00038239999999999997, 0.00038239999999999997, 0.0000163, 0.0000163, 4.e-7, 4.e-7}:
{10, 27, 5.199999999999999e-6, 5.199999999999999e-6, 0.0035583, 0.0035583, 0.0715862, 0.0715862, 0.2326605, 0.2326605, 0.1621639, 0.1621639, 0.0295555, 0.0295555, 0.0023404999999999997, 0.0023404999999999997, 0.0001368, 0.0001368, 4.5e-6, 4.5e-6}:
{10, 29, 1.e-7, 1.e-7, 0.0003993, 0.0003993, 0.020905999999999998, 0.020905999999999998, 0.16267679999999998, 0.16267679999999998, 0.22358979999999998, 0.22358979999999998, 0.078666, 0.078666, 0.0105726, 0.0105726, 0.0008736, 0.0008736, 0.0000376, 0.0000376, 1.e-7, 1.e-7}:
{12, 31, 0.000028599999999999997, 0.000028599999999999997, 0.0040395, 0.0040395, 0.07863959999999999, 0.07863959999999999, 0.2201669, 0.2201669, 0.1521715, 0.1521715, 0.0352576, 0.0352576, 0.0042568, 0.0042568, 0.0002478, 0.0002478, 1.6999999999999998e-6, 1.6999999999999998e-6, 2.e-7, 2.e-7}:
{12, 33, 1.2999999999999998e-6, 1.2999999999999998e-6, 0.000516, 0.000516, 0.026274199999999998, 0.026274199999999998, 0.1548284, 0.1548284, 0.21397059999999998, 0.21397059999999998, 0.0868235, 0.0868235, 0.0158296, 0.0158296, 0.0012901, 0.0012901, 0.0000173, 0.0000173, 2.e-6, 2.e-6, 1.e-7, 1.e-7}:
{14, 33, 0.0000435, 0.0000435, 0.006064399999999999, 0.006064399999999999, 0.077749, 0.077749, 0.2187196, 0.2187196, 0.1579152, 0.1579152, 0.0449303, 0.0449303, 0.005311, 0.005311, 0.000133, 0.000133, 0.0000157, 0.0000157, 6.e-7, 6.e-7}:
{14, 35, 2.4e-6, 2.4e-6, 0.0009664, 0.0009664, 0.027873, 0.027873, 0.1625298, 0.1625298, 0.2121652, 0.2121652, 0.09735769999999999, 0.09735769999999999, 0.017292699999999998, 0.017292699999999998, 0.0007953999999999999, 0.0007953999999999999, 0.0001004, 0.0001004, 5.199999999999999e-6, 5.199999999999999e-6, 2.e-7, 2.e-7}:
{14, 37, 1.e-7, 1.e-7, 0.0001063, 0.0001063, 0.0071313999999999995, 0.0071313999999999995, 0.0877908, 0.0877908, 0.21058069999999998, 0.21058069999999998, 0.161071, 0.161071, 0.0445386, 0.0445386, 0.0037031, 0.0037031, 0.0005235999999999999, 0.0005235999999999999, 0.0000349, 0.0000349, 1.5e-6, 1.5e-6, 1.e-7, 1.e-7}:
{16, 37, 8.1e-6, 8.1e-6, 0.0013017, 0.0013017, 0.0344632, 0.0344632, 0.1544028, 0.1544028, 0.2034774, 0.2034774, 0.0907499, 0.0907499, 0.0134194, 0.0134194, 0.002224, 0.002224, 0.0001928, 0.0001928, 0.0000106, 0.0000106, 4.e-7, 4.e-7}:
{16, 37, 4.e-7, 4.e-7, 0.0001694, 0.0001694, 0.0098297, 0.0098297, 0.0836277, 0.0836277, 0.1962834, 0.1962834, 0.1462937, 0.1462937, 0.0378564, 0.0378564, 0.007692, 0.007692, 0.0008799999999999999, 0.0008799999999999999, 0.0000618, 0.0000618, 3.2e-6, 3.2e-6}:
{18, 41, 0.0000157, 0.0000157, 0.0020364, 0.0020364, 0.033453199999999995, 0.033453199999999995, 0.1445824, 0.1445824, 0.18659499999999998, 0.18659499999999998, 0.0831473, 0.0831473, 0.0216658, 0.0216658, 0.0033173, 0.0033173, 0.00030209999999999997, 0.00030209999999999997, 0.0000191, 0.0000191, 3.e-7, 3.e-7, 3.e-7, 3.e-7}:
{18, 41, 1.e-6, 1.e-6, 0.00030629999999999996, 0.00030629999999999996, 0.009881599999999999, 0.009881599999999999, 0.0813183, 0.0813183, 0.1883137, 0.1883137, 0.1422008, 0.1422008, 0.0497018, 0.0497018, 0.0103269, 0.0103269, 0.0012364, 0.0012364, 0.00009769999999999999, 0.00009769999999999999, 2.1e-6, 2.1e-6, 1.4e-6, 1.4e-6}:
{20, 41, 0.0000334, 0.0000334, 0.0021548, 0.0021548, 0.0349187, 0.0349187, 0.1503744, 0.1503744, 0.1893789, 0.1893789, 0.0928661, 0.0928661, 0.026549, 0.026549, 0.0042369999999999994, 0.0042369999999999994, 0.0004254, 0.0004254, 0.0000137, 0.0000137, 7.3999999999999995e-6, 7.3999999999999995e-6}:
{20, 43, 2.5999999999999997e-6, 2.5999999999999997e-6, 0.00034669999999999997, 0.00034669999999999997, 0.0114463, 0.0114463, 0.0950092, 0.0950092, 0.1964053, 0.1964053, 0.14133479999999998, 0.14133479999999998, 0.056370199999999995, 0.056370199999999995, 0.0121578, 0.0121578, 0.0015739999999999999, 0.0015739999999999999, 0.000075, 0.000075, 0.000032999999999999996, 0.000032999999999999996, 1.e-7, 1.e-7}:
{20, 43, 2.e-7, 2.e-7, 0.0000412, 0.0000412, 0.0028637, 0.0028637, 0.0474939, 0.0474939, 0.15862379999999998, 0.15862379999999998, 0.1752105, 0.1752105, 0.0988531, 0.0988531, 0.0292126, 0.0292126, 0.0049492, 0.0049492, 0.0003456, 0.0003456, 0.0001307, 0.0001307, 6.e-7, 6.e-7}:
{22, 45, 3.6e-6, 3.6e-6, 0.0005467, 0.0005467, 0.0187827, 0.0187827, 0.09976159999999999, 0.09976159999999999, 0.1769278, 0.1769278, 0.1431797, 0.1431797, 0.0587781, 0.0587781, 0.0132248, 0.0132248, 0.0013452, 0.0013452, 0.00045769999999999996, 0.00045769999999999996, 3.6999999999999997e-6, 3.6999999999999997e-6, 2.e-7, 2.e-7}:
{22, 45, 2.e-7, 2.e-7, 0.0000796, 0.0000796, 0.005876, 0.005876, 0.0488551, 0.0488551, 0.1455313, 0.1455313, 0.17128949999999998, 0.17128949999999998, 0.0990392, 0.0990392, 0.030032299999999998, 0.030032299999999998, 0.0044211, 0.0044211, 0.0014153, 0.0014153, 0.0000213, 0.0000213, 1.6e-6, 1.6e-6}:
{24, 49, 8.8e-6, 8.8e-6, 0.001454, 0.001454, 0.018628, 0.018628, 0.0975065, 0.0975065, 0.1692546, 0.1692546, 0.139751, 0.139751, 0.0579617, 0.0579617, 0.0122691, 0.0122691, 0.0038669, 0.0038669, 0.00010449999999999999, 0.00010449999999999999, 8.8e-6, 8.8e-6, 3.e-7, 3.e-7, 0, 0}:
{24, 49, 7.e-7, 7.e-7, 0.0002845, 0.0002845, 0.005529399999999999, 0.005529399999999999, 0.0532124, 0.0532124, 0.1381363, 0.1381363, 0.1651455, 0.1651455, 0.09507389999999999, 0.09507389999999999, 0.0287521, 0.0287521, 0.0093343, 0.0093343, 0.0004388, 0.0004388, 0.0000423, 0.0000423, 2.e-6, 2.e-6, 0, 0}:
{26, 52, 0.000044, 0.000044, 0.0012776, 0.0012776, 0.0236524, 0.0236524, 0.0931162, 0.0931162, 0.1634353, 0.1634353, 0.1325433, 0.1325433, 0.056900599999999996, 0.056900599999999996, 0.0199074, 0.0199074, 0.0015753, 0.0015753, 0.0001779, 0.0001779, 0.000011099999999999999, 0.000011099999999999999, 2.e-7, 2.e-7, 1.6e-6, 1.6e-6, 0}:
{26, 52, 5.4e-6, 5.4e-6, 0.0002297, 0.0002297, 0.0085623, 0.0085623, 0.0518418, 0.0518418, 0.1354541, 0.1354541, 0.15705, 0.15705, 0.0950969, 0.0950969, 0.0375119, 0.0375119, 0.0048365, 0.0048365, 0.0006506999999999999, 0.0006506999999999999, 0.000053299999999999995, 0.000053299999999999995, 1.4e-6, 1.4e-6, 6.699999999999999e-6, 6.699999999999999e-6, 0}:
{26, 54, 5.e-7, 5.e-7, 0.0000321, 0.0000321, 0.0025242999999999997, 0.0025242999999999997, 0.0238372, 0.0238372, 0.094016, 0.094016, 0.15816339999999998, 0.15816339999999998, 0.1342239, 0.1342239, 0.0624519, 0.0624519, 0.0126999, 0.0126999, 0.0020716, 0.0020716, 0.00022229999999999998, 0.00022229999999999998, 8.3e-6, 8.3e-6, 0.0000251, 0.0000251, 2.e-7, 2.e-7, 0}:
{28, 56, 3.5e-6, 3.5e-6, 0.000606, 0.000606, 0.0090517, 0.0090517, 0.0546471, 0.0546471, 0.1353829, 0.1353829, 0.1599979, 0.1599979, 0.09186509999999999, 0.09186509999999999, 0.028522199999999998, 0.028522199999999998, 0.0057409, 0.0057409, 0.0008047999999999999, 0.0008047999999999999, 0.0000414, 0.0000414, 0.0000857, 0.0000857, 1.2999999999999998e-6, 1.2999999999999998e-6, 0, 0, 1.e-7}:
{28, 58, 3.e-7, 3.e-7, 0.0001185, 0.0001185, 0.0028384, 0.0028384, 0.0265997, 0.0265997, 0.0984941, 0.0984941, 0.16107359999999998, 0.16107359999999998, 0.1193945, 0.1193945, 0.0547898, 0.0547898, 0.013848399999999999, 0.013848399999999999, 0.0025291999999999997, 0.0025291999999999997, 0.0001796, 0.0001796, 0.00026639999999999997, 0.00026639999999999997, 6.1e-6, 6.1e-6, 2.e-7, 2.e-7, 3.e-7, 3.e-7, 0}:
{30, 60, 0.0000189, 0.0000189, 0.000735, 0.000735, 0.0108422, 0.0108422, 0.060903599999999995, 0.060903599999999995, 0.13695, 0.13695, 0.1371038, 0.1371038, 0.0900241, 0.0900241, 0.0290792, 0.0290792, 0.0069004, 0.0069004, 0.0006745, 0.0006745, 0.0007519, 0.0007519, 0.000026, 0.000026, 9.e-7, 9.e-7, 1.1e-6, 1.1e-6, 2.e-7, 2.e-7, 4.6e-6}:
{30, 60, 2.4e-6, 2.4e-6, 0.0001571, 0.0001571, 0.0037005999999999996, 0.0037005999999999996, 0.0320077, 0.0320077, 0.09833889999999999, 0.09833889999999999, 0.13910609999999998, 0.13910609999999998, 0.1265227, 0.1265227, 0.053154, 0.053154, 0.0163442, 0.0163442, 0.0021923, 0.0021923, 0.0019279999999999998, 0.0019279999999999998, 0.000099, 0.000099, 4.4e-6, 4.4e-6, 4.2e-6, 4.2e-6, 7.e-7, 7.e-7, 9.7e-6}:
{30, 60, 3.e-7, 3.e-7, 0.0000277, 0.0000277, 0.0010576, 0.0010576, 0.014296699999999999, 0.014296699999999999, 0.0596362, 0.0596362, 0.12470239999999999, 0.12470239999999999, 0.152102, 0.152102, 0.0845797, 0.0845797, 0.033608599999999995, 0.033608599999999995, 0.0061667, 0.0061667, 0.0044913, 0.0044913, 0.0003362, 0.0003362, 0.0000188, 0.0000188, 0.000014599999999999999, 0.000014599999999999999, 2.7e-6, 2.7e-6, 0.0000199}:
{32, 60, 4.e-6, 4.e-6, 0.00025309999999999997, 0.00025309999999999997, 0.0054272999999999995, 0.0054272999999999995, 0.0305427, 0.0305427, 0.098772, 0.098772, 0.1564094, 0.1564094, 0.11716009999999999, 0.11716009999999999, 0.059999399999999994, 0.059999399999999994, 0.0150119, 0.0150119, 0.009504799999999999, 0.009504799999999999, 0.0010192, 0.0010192, 0.0000726, 0.0000726, 0.0000471, 0.0000471, 9.8e-6, 9.8e-6, 0.0000396}:
{32, 60, 5.e-7, 5.e-7, 0.0000507, 0.0000507, 0.0017509, 0.0017509, 0.0132102, 0.0132102, 0.0691228, 0.0691228, 0.1375796, 0.1375796, 0.1412802, 0.1412802, 0.09299489999999999, 0.09299489999999999, 0.0316276, 0.0316276, 0.0182739, 0.0182739, 0.0027584, 0.0027584, 0.00025049999999999996, 0.00025049999999999996, 0.0001402, 0.0001402, 0.0000324, 0.0000324, 0.0000767}:
{34, 60, 8.5e-6, 8.5e-6, 0.00048009999999999996, 0.00048009999999999996, 0.004824999999999999, 0.004824999999999999, 0.04274, 0.04274, 0.1035161, 0.1035161, 0.14831139999999998, 0.14831139999999998, 0.1251388, 0.1251388, 0.0576703, 0.0576703, 0.0319183, 0.0319183, 0.006665, 0.006665, 0.0007731999999999999, 0.0007731999999999999, 0.00038459999999999997, 0.00038459999999999997, 0.0000987, 0.0000987, 0.000144}:
{34, 60, 1.2e-6, 1.2e-6, 0.0001119, 0.0001119, 0.0014881999999999999, 0.0014881999999999999, 0.023349099999999998, 0.023349099999999998, 0.06662259999999999, 0.06662259999999999, 0.135538, 0.135538, 0.1462001, 0.1462001, 0.09101179999999999, 0.09101179999999999, 0.0506488, 0.0506488, 0.0143769, 0.0143769, 0.0021345, 0.0021345, 0.0009712999999999999, 0.0009712999999999999, 0.0002766, 0.0002766, 0.0002621}:
{34, 61, 1.e-7, 1.e-7, 0.0000221, 0.0000221, 0.0003876, 0.0003876, 0.011269999999999999, 0.011269999999999999, 0.036676799999999996, 0.036676799999999996, 0.1078306, 0.1078306, 0.1482957, 0.1482957, 0.1243102, 0.1243102, 0.0730166, 0.0730166, 0.027686199999999998, 0.027686199999999998, 0.0052713, 0.0052713, 0.0022597999999999997, 0.0022597999999999997, 0.0007147, 0.0007147, 0.00046269999999999997, 1.e-7}:
{36, 61, 3.6999999999999997e-6, 3.6999999999999997e-6, 0.0000852, 0.0000852, 0.0048061, 0.0048061, 0.0172707, 0.0172707, 0.0746821, 0.0746821, 0.1305975, 0.1305975, 0.1469539, 0.1469539, 0.095631, 0.095631, 0.0475991, 0.0475991, 0.0116452, 0.0116452, 0.0048425, 0.0048425, 0.0017025999999999999, 0.0017025999999999999, 0.0007924999999999999, 2.e-7}:
{36, 61, 5.e-7, 5.e-7, 0.000015799999999999998, 0.000015799999999999998, 0.0018108, 0.0018108, 0.0069561, 0.0069561, 0.045028, 0.045028, 0.0998539, 0.0998539, 0.1503562, 0.1503562, 0.1137892, 0.1137892, 0.0730589, 0.0730589, 0.0230133, 0.0230133, 0.0095579, 0.0095579, 0.0037386, 0.0037386, 0.0013164, 4.e-7}:
{36, 61, 1.e-7, 1.e-7, 2.4999999999999998e-6, 2.4999999999999998e-6, 0.0006027, 0.0006027, 0.0023964, 0.0023964, 0.023634, 0.023634, 0.0662852, 0.0662852, 0.1331455, 0.1331455, 0.1230068, 0.1230068, 0.1001126, 0.1001126, 0.0406834, 0.0406834, 0.0173761, 0.0173761, 0.0075673, 0.0075673, 0.0021211, 9.e-7}:
{38, 61, 3.e-7, 3.e-7, 0.0001773, 0.0001773, 0.0007061, 0.0007061, 0.010798799999999999, 0.010798799999999999, 0.0382019, 0.0382019, 0.1020455, 0.1020455, 0.1208046, 0.1208046, 0.12247509999999999, 0.12247509999999999, 0.0643379, 0.0643379, 0.0290961, 0.0290961, 0.0141192, 0.0141192, 0.0033147999999999997, 1.8e-6}:
{40, 61, 0.000046099999999999996, 0.000046099999999999996, 0.0001779, 0.0001779, 0.0042953, 0.0042953, 0.0191146, 0.0191146, 0.0676891, 0.0676891, 0.1077863, 0.1077863, 0.1337676, 0.1337676, 0.0910179, 0.0910179, 0.0448764, 0.0448764, 0.024283799999999998, 0.024283799999999998, 0.0050247, 3.5e-6}:
{40, 61, 0.0000106, 0.0000106, 0.000038299999999999996, 0.000038299999999999996, 0.0014872, 0.0014872, 0.0083033, 0.0083033, 0.038859399999999995, 0.038859399999999995, 0.0873714, 0.0873714, 0.13043649999999998, 0.13043649999999998, 0.11518569999999999, 0.11518569999999999, 0.0637527, 0.0637527, 0.0384999, 0.0384999, 0.007387599999999999, 6.5999999999999995e-6}:
{40, 61, 2.1e-6, 2.1e-6, 7.1e-6, 7.1e-6, 0.0004483, 0.0004483, 0.0031313, 0.0031313, 0.0193071, 0.0193071, 0.0643429, 0.0643429, 0.11355119999999999, 0.11355119999999999, 0.13040169999999998, 0.13040169999999998, 0.0834217, 0.0834217, 0.056265699999999995, 0.056265699999999995, 0.0105352, 0.000012299999999999999}:
{40, 61, 4.e-7, 4.e-7, 1.1e-6, 1.1e-6, 0.0001176, 0.0001176, 0.0010252, 0.0010252, 0.0083018, 0.0083018, 0.043048199999999995, 0.043048199999999995, 0.08825279999999999, 0.08825279999999999, 0.1320627, 0.1320627, 0.1005447, 0.1005447, 0.07579999999999999, 0.07579999999999999, 0.014572199999999999, 0.000022499999999999998}:
{40, 61, 1.e-7, 1.e-7, 2.e-7, 2.e-7, 0.0000269, 0.0000269, 0.0002914, 0.0002914, 0.0030892999999999997, 0.0030892999999999997, 0.0261658, 0.0261658, 0.0612362, 0.0612362, 0.1196434, 0.1196434, 0.1116194, 0.1116194, 0.0941318, 0.0941318, 0.0195502, 0.0000401}:
{44, 61, 5.3e-6, 5.3e-6, 0.0000719, 0.0000719, 0.0009948, 0.0009948, 0.0144488, 0.0144488, 0.0379339, 0.0379339, 0.0969633, 0.0969633, 0.1141353, 0.1141353, 0.1077572, 0.1077572, 0.0254403, 0.00007}:
{44, 61, 9.e-7, 9.e-7, 0.000015399999999999998, 0.000015399999999999998, 0.00027719999999999996, 0.00027719999999999996, 0.0072485, 0.0072485, 0.0209791, 0.0209791, 0.0702967, 0.0702967, 0.107498, 0.107498, 0.1137102, 0.1137102, 0.032109599999999995, 0.00011949999999999999}:
{44, 61, 1.e-7, 1.e-7, 2.8999999999999998e-6, 2.8999999999999998e-6, 0.0000669, 0.0000669, 0.0033036, 0.0033036, 0.0103581, 0.0103581, 0.045589899999999996, 0.045589899999999996, 0.0932568, 0.0932568, 0.1106105, 0.1106105, 0.0393089, 0.0001997}:
{46, 61, 5.e-7, 5.e-7, 0.0000169, 0.0000169, 0.0021333, 0.0021333, 0.007264499999999999, 0.007264499999999999, 0.050632699999999996, 0.050632699999999996, 0.21619909999999998, 0.21619909999999998, 0.3506767, 0.3506767, 0.8027611, 0.18345809999999999}:
{58, 61, 3.e-7, 3.e-7, 0.034742499999999996, 0.8160643};
>