# Copyright 2004 The GLoBES Team
#
# If you modify this file you have to rename it.
#
# If you are using this file for producing a scientific publication
# or a talk please cite the following references.
#
#* @Article{Vogel:1999zy,
#*     author    = "Vogel, P. and Beacom, John F.",
#*     title     = "The angular distribution of the neutron inverse beta decay,
#*                  anti-nu/e + p --> e+ + n",
#*     journal   = "Phys. Rev.",
#*     volume    = "D60",
#*     year      = "1999",
#*     pages     = "053003",
#*     eprint    = "hep-ph/9903554",
#*     SLACcitation  = "%%CITATION = HEP-PH 9903554;%%"
#* }
#
-2.741362717275923    0.   0.   0.   167.22750826902617   0.   0.
-2.7404841904135178   0.   0.   0.   185.17204083738457   0.   0.
-2.739605663551113    0.   0.   0.   203.1529098328227    0.   0.
-2.7387271366887074   0.   0.   0.   221.17018883409122   0.   0.
-2.737848609826302    0.   0.   0.   239.22395156890272   0.   0.
-2.736970082963897    0.   0.   0.   257.3142719142632    0.   0.
-2.7360915561014916   0.   0.   0.   275.4412238968049    0.   0.
-2.735213029239086    0.   0.   0.   293.60488169302755   0.   0.
-2.7343345023766807   0.   0.   0.   311.8053196296461    0.   0.
-2.7334559755142758   0.   0.   0.   330.04261218387006   0.   0.
-2.7325774486518704   0.   0.   0.   348.3168339837481    0.   0.
-2.731698921789465    0.   0.   0.   366.62805980841796   0.   0.
-2.73082039492706     0.   0.   0.   384.97636458844096   0.   0.
-2.7299418680646546   0.   0.   0.   403.3618234061339    0.   0.
-2.729063341202249    0.   0.   0.   421.7845114958231    0.   0.
-2.728184814339844    0.   0.   0.   440.24450424417915   0.   0.
-2.7273062874774388   0.   0.   0.   458.74187719055175   0.   0.
-2.7264277606150333   0.   0.   0.   477.2767060272281    0.   0.
-2.7255492337526284   0.   0.   0.   495.8490665997623    0.   0.
-2.724670706890223    0.   0.   0.   514.459034907323     0.   0.
-2.7237921800278175   0.   0.   0.   533.1066871029401    0.   0.
-2.722913653165412    0.   0.   0.   551.7920994938594    0.   0.
-2.722035126303007    0.   0.   0.   570.5153485418343    0.   0.
-2.7211565994406017   0.   0.   0.   589.2765108634753    0.   0.
-2.7202780725781963   0.   0.   0.   608.0756632305083    0.   0.
-2.7193995457157913   0.   0.   0.   626.9128825701166    0.   0.
-2.718521018853386    0.   0.   0.   645.7882459652847    0.   0.
-2.7176424919909805   0.   0.   0.   662.8326638123771    0.   0.
-2.7167639651285755   0.   0.   0.   677.8272263750608    0.   0.
-2.71588543826617     0.   0.   0.   692.8521518812963    0.   0.
-2.7150069114037647   0.   0.   0.   707.9075018139192    0.   0.
-2.7141283845413593   0.   0.   0.   722.9933377802712    0.   0.
-2.7132498576789543   0.   0.   0.   738.1097215124367    0.   0.
-2.712371330816549    0.   0.   0.   753.2567148675269    0.   0.
-2.7114928039541435   0.   0.   0.   768.434379827886     0.   0.
-2.7106142770917385   0.   0.   0.   783.6427785013674    0.   0.
-2.709735750229333    0.   0.   0.   798.8819731216136    0.   0.
-2.7088572233669277   0.   0.   0.   814.1520260482607    0.   0.
-2.7079786965045227   0.   0.   0.   829.452999767219     0.   0.
-2.7071001696421173   0.   0.   0.   844.784956890953     0.   0.
-2.706221642779712    0.   0.   0.   860.1479601586898    0.   0.
-2.705343115917307    0.   0.   0.   875.5420724366968    0.   0.
-2.7044645890549015   0.   0.   0.   890.9673567185656    0.   0.
-2.703586062192496    0.   0.   0.   906.4238761254247    0.   0.
-2.7027075353300907   0.   0.   0.   921.9116939062206    0.   0.
-2.7018290084676857   0.   0.   0.   937.4308734379736    0.   0.
-2.7009504816052803   0.   0.   0.   952.9814782260564    0.   0.
-2.700071954742875    0.   0.   0.   968.5635719044134    0.   0.
-2.69919342788047     0.   0.   0.   984.1772182358445    0.   0.
-2.6983149010180645   0.   0.   0.   999.8224811122877    0.   0.
-2.697436374155659    0.   0.   0.   1015.4994245550329   0.   0.
-2.696557847293254    0.   0.   0.   1031.2081127150104   0.   0.
-2.6956793204308487   0.   0.   0.   1046.933540927329    0.   0.
-2.6948007935684433   0.   0.   0.   1062.6551642482236   0.   0.
-2.6939222667060383   0.   0.   0.   1078.4086227599867   0.   0.
-2.693043739843633    0.   0.   0.   1094.1939809266794   0.   0.
-2.6921652129812275   0.   0.   0.   1110.0113033428665   0.   0.
-2.691286686118822    0.   0.   0.   1125.8606547339266   0.   0.
-2.690408159256417    0.   0.   0.   1141.7420999562894   0.   0.
-2.6895296323940117   0.   0.   0.   1157.6557039977456   0.   0.
-2.6886511055316062   0.   0.   0.   1173.601531977649    0.   0.
-2.6877725786692013   0.   0.   0.   1189.579649147223    0.   0.
-2.686894051806796    0.   0.   0.   1205.5901208898395   0.   0.
-2.6860155249443904   0.   0.   0.   1221.6330127212445   0.   0.
-2.6851369980819855   0.   0.   0.   1237.7083902898482   0.   0.
-2.68425847121958     0.   0.   0.   1253.816319377022    0.   0.
-2.6833799443571746   0.   0.   0.   1269.95686589731     0.   0.
-2.6825014174947692   0.   0.   0.   1286.1300958987424   0.   0.
-2.6816228906323643   0.   0.   0.   1302.336075563079    0.   0.
-2.680744363769959    0.   0.   0.   1318.57487120612     0.   0.
-2.6798658369075534   0.   0.   0.   1334.8465492779262   0.   0.
-2.6789873100451485   0.   0.   0.   1351.1511763631142   0.   0.
-2.678108783182743    0.   0.   0.   1367.4888191811542   0.   0.
-2.6772302563203376   0.   0.   0.   1383.8595445865978   0.   0.
-2.6763517294579326   0.   0.   0.   1400.2634195693659   0.   0.
-2.6754732025955272   0.   0.   0.   1416.7005112550578   0.   0.
-2.674594675733122    0.   0.   0.   1433.3083266716324   0.   0.
-2.673716148870717    0.   0.   0.   1450.214624143637    0.   0.
-2.6728376220083114   0.   0.   0.   1467.1551556890684   0.   0.
-2.671959095145906    0.   0.   0.   1484.1299906295349   0.   0.
-2.6710805682835006   0.   0.   0.   1501.1391984270133   0.   0.
-2.6702020414210956   0.   0.   0.   1518.182848684138    0.   0.
-2.66932351455869     0.   0.   0.   1535.2610111445028   0.   0.
-2.668444987696285    0.   0.   0.   1552.3737556929054   0.   0.
-2.66756646083388     0.   0.   0.   1569.5211523556522   0.   0.
-2.6666879339714744   0.   0.   0.   1586.7032713008746   0.   0.
-2.665809407109069    0.   0.   0.   1603.9201828387693   0.   0.
-2.664930880246664    0.   0.   0.   1621.1719574218966   0.   0.
-2.6640523533842586   0.   0.   0.   1638.4586656455128   0.   0.
-2.663173826521853    0.   0.   0.   1655.780378247792    0.   0.
-2.6622952996594482   0.   0.   0.   1673.1371661101527   0.   0.
-2.661416772797043    0.   0.   0.   1690.5291002575696   0.   0.
-2.6605382459346374   0.   0.   0.   1707.9562518588073   0.   0.
-2.659659719072232    0.   0.   0.   1725.4186922267575   0.   0.
-2.658781192209827    0.   0.   0.   1742.9164928186995   0.   0.
-2.6579026653474216   0.   0.   0.   1760.4497252366393   0.   0.
-2.657024138485016    0.   0.   0.   1778.0184612275473   0.   0.
-2.656145611622611    0.   0.   0.   1795.6227726836723   0.   0.
-2.655267084760206    0.   0.   0.   1813.2627316428689   0.   0.
-2.6543885578978004   0.   0.   0.   1831.190741806119    0.   0.
-2.6535100310353954   0.   0.   0.   1849.4139740045916   0.   0.
-2.65263150417299     0.   0.   0.   1867.6741069774805   0.   0.
-2.6517529773105846   0.   0.   0.   1885.9712154462682   0.   0.
-2.6508744504481796   0.   0.   0.   1904.305374283746    0.   0.
-2.649995923585774    0.   0.   0.   1922.6766585143487   0.   0.
-2.6491173967233688   0.   0.   0.   1941.0851433143969   0.   0.
-2.6482388698609634   0.   0.   0.   1959.5309040124478   0.   0.
-2.6473603429985584   0.   0.   0.   1978.0140160895915   0.   0.
-2.646481816136153    0.   0.   0.   1996.5345551797789   0.   0.
-2.6456032892737475   0.   0.   0.   2015.092597070095    0.   0.
-2.6447247624113426   0.   0.   0.   2033.6882177010848   0.   0.
-2.643846235548937    0.   0.   0.   2052.321493167097    0.   0.
-2.6429677086865317   0.   0.   0.   2070.9924997165363   0.   0.
-2.6420891818241268   0.   0.   0.   2089.701313752207    0.   0.
-2.6412106549617214   0.   0.   0.   2108.44801183165     0.   0.
-2.640332128099316    0.   0.   0.   2127.2326706674025   0.   0.
-2.6394536012369105   0.   0.   0.   2146.055367127351    0.   0.
-2.6385750743745056   0.   0.   0.   2164.9161782350216   0.   0.
-2.6376965475121      0.   0.   0.   2183.815181169935    0.   0.
-2.6368180206496947   0.   0.   0.   2202.75245326787     0.   0.
-2.6359394937872898   0.   0.   0.   2221.7280720212034   0.   0.
-2.6350609669248843   0.   0.   0.   2241.0884846273943   0.   0.
-2.634182440062479    0.   0.   0.   2260.6705004745572   0.   0.
-2.633303913200074    0.   0.   0.   2280.2921685382494   0.   0.
-2.6324253863376685   0.   0.   0.   2299.953569111464    0.   0.
-2.631546859475263    0.   0.   0.   2319.6547826497517   0.   0.
-2.630668332612858    0.   0.   0.   2339.3958897715806   0.   0.
-2.6297898057504527   0.   0.   0.   2359.1769712586943   0.   0.
-2.6289112788880473   0.   0.   0.   2378.998108056389    0.   0.
-2.628032752025642    0.   0.   0.   2398.8593812738704   0.   0.
-2.627154225163237    0.   0.   0.   2418.760872184581    0.   0.
-2.6262756983008315   0.   0.   0.   2438.7026622265666   0.   0.
-2.625397171438426    0.   0.   0.   2458.6848330027465   0.   0.
-2.624518644576021    0.   0.   0.   2478.7074662812834   0.   0.
-2.6236401177136157   0.   0.   0.   2498.7706439959397   0.   0.
-2.6227615908512103   0.   0.   0.   2518.874448246363    0.   0.
-2.6218830639888053   0.   0.   0.   2539.018961298446    0.   0.
-2.6210045371264      0.   0.   0.   2559.2042655846917   0.   0.
-2.6201260102639945   0.   0.   0.   2579.4304437044957   0.   0.
-2.6192474834015895   0.   0.   0.   2599.6975784245087   0.   0.
-2.618368956539184    0.   0.   0.   2620.005752679012    0.   0.
-2.6174904296767787   0.   0.   0.   2640.355049570191    0.   0.
-2.6166119028143733   0.   0.   0.   2661.126931396904    0.   0.
-2.6157333759519683   0.   0.   0.   2682.0744365090814   0.   0.
-2.614854849089563    0.   0.   0.   2703.0643588583494   0.   0.
-2.6139763222271575   0.   0.   0.   2724.096784336642    0.   0.
-2.6130977953647525   0.   0.   0.   2745.171799009821    0.   0.
-2.612219268502347    0.   0.   0.   2766.2894891180586   0.   0.
-2.6113407416399417   0.   0.   0.   2787.4499410761223   0.   0.
-2.6104622147775367   0.   0.   0.   2808.653241473768    0.   0.
-2.6095836879151313   0.   0.   0.   2829.8994770761183   0.   0.
-2.608705161052726    0.   0.   0.   2851.1887348239575   0.   0.
-2.6078266341903205   0.   0.   0.   2872.52110183413     0.   0.
-2.6069481073279155   0.   0.   0.   2893.896665399874    0.   0.
-2.60606958046551     0.   0.   0.   2915.315512991227    0.   0.
-2.6051910536031047   0.   0.   0.   2936.7777322553075   0.   0.
-2.6043125267406997   0.   0.   0.   2958.2834110167205   0.   0.
-2.6034339998782943   0.   0.   0.   2979.832637277938    0.   0.
-2.602555473015889    0.   0.   0.   3001.4254992195984   0.   0.
-2.601676946153484    0.   0.   0.   3023.0620852009033   0.   0.
-2.6007984192910785   0.   0.   0.   3044.7424837600033   0.   0.
-2.599919892428673    0.   0.   0.   3066.4667836143058   0.   0.
-2.599041365566268    0.   0.   0.   3088.5655148022943   0.   0.
-2.5981628387038627   0.   0.   0.   3110.867963107658    0.   0.
-2.5972843118414572   0.   0.   0.   3133.2155723155806   0.   0.
-2.596405784979052    0.   0.   0.   3155.6084338737382   0.   0.
-2.595527258116647    0.   0.   0.   3178.0466394149744   0.   0.
-2.5946487312542414   0.   0.   0.   3200.530280757713    0.   0.
-2.593770204391836    0.   0.   0.   3223.059449906278    0.   0.
-2.592891677529431    0.   0.   0.   3245.634239051283    0.   0.
-2.5920131506670256   0.   0.   0.   3268.254740570067    0.   0.
-2.5911346238046202   0.   0.   0.   3290.9210470269873   0.   0.
-2.5902560969422153   0.   0.   0.   3313.6332511738365   0.   0.
-2.58937757007981     0.   0.   0.   3336.391445950258    0.   0.
-2.5884990432174044   0.   0.   0.   3359.19572448406     0.   0.
-2.5876205163549995   0.   0.   0.   3382.0461800916264   0.   0.
-2.586741989492594    0.   0.   0.   3404.9429062783324   0.   0.
-2.5858634626301886   0.   0.   0.   3427.8859967388644   0.   0.
-2.584984935767783    0.   0.   0.   3450.8755453576427   0.   0.
-2.5841064089053782   0.   0.   0.   3473.911646209188    0.   0.
-2.583227882042973    0.   0.   0.   3496.994393558546    0.   0.
-2.5823493551805674   0.   0.   0.   3520.3045073874155   0.   0.
-2.5814708283181624   0.   0.   0.   3543.941352277867    0.   0.
-2.580592301455757    0.   0.   0.   3567.6260601309164   0.   0.
-2.5797137745933516   0.   0.   0.   3591.3587278657174   0.   0.
-2.5788352477309466   0.   0.   0.   3615.1394525976707   0.   0.
-2.577956720868541    0.   0.   0.   3638.9683316388705   0.   0.
-2.577078194006136    0.   0.   0.   3662.8454624984224   0.   0.
-2.576199667143731    0.   0.   0.   3686.770942882883    0.   0.
-2.5753211402813254   0.   0.   0.   3710.7448706966898   0.   0.
-2.57444261341892     0.   0.   0.   3734.7673440424974   0.   0.
-2.5735640865565146   0.   0.   0.   3758.8384612216246   0.   0.
-2.5726855596941096   0.   0.   0.   3782.9583207344276   0.   0.
-2.571807032831704    0.   0.   0.   3807.1270212807594   0.   0.
-2.570928505969299    0.   0.   0.   3831.344661760293    0.   0.
-2.570049979106894    0.   0.   0.   3855.611341272969    0.   0.
-2.5691714522444884   0.   0.   0.   3879.9271591194342   0.   0.
-2.568292925382083    0.   0.   0.   3904.2922148013736   0.   0.
-2.567414398519678    0.   0.   0.   3928.706608021961    0.   0.
-2.5665358716572726   0.   0.   0.   3953.170438686296    0.   0.
-2.565657344794867    0.   0.   0.   3978.042497757605    0.   0.
-2.5647788179324618   0.   0.   0.   4003.03631657683     0.   0.
-2.563900291070057    0.   0.   0.   4028.0807461362065   0.   0.
-2.5630217642076514   0.   0.   0.   4053.17588891898     0.   0.
-2.562143237345246    0.   0.   0.   4078.32184761588     0.   0.
-2.561264710482841    0.   0.   0.   4103.518725125577    0.   0.
-2.5603861836204356   0.   0.   0.   4128.766624555137    0.   0.
-2.55950765675803     0.   0.   0.   4154.065649220383    0.   0.
-2.558629129895625    0.   0.   0.   4179.415902646337    0.   0.
-2.5577506030332198   0.   0.   0.   4204.817488567689    0.   0.
-2.5568720761708144   0.   0.   0.   4230.270510929154    0.   0.
-2.5559935493084094   0.   0.   0.   4255.775073885922    0.   0.
-2.555115022446004    0.   0.   0.   4281.3312818041295   0.   0.
-2.5542364955835986   0.   0.   0.   4306.93923926121     0.   0.
-2.553357968721193    0.   0.   0.   4332.599051046371    0.   0.
-2.552479441858788    0.   0.   0.   4358.310822160998    0.   0.
-2.5516009149963828   0.   0.   0.   4384.074657819134    0.   0.
-2.5507223881339773   0.   0.   0.   4409.890663447837    0.   0.
-2.5498438612715724   0.   0.   0.   4436.138672750785    0.   0.
-2.548965334409167    0.   0.   0.   4462.461066959071    0.   0.
-2.5480868075467615   0.   0.   0.   4488.836762180036    0.   0.
-2.5472082806843566   0.   0.   0.   4515.265866344502    0.   0.
-2.546329753821951    0.   0.   0.   4541.74848760188     0.   0.
-2.5454512269595457   0.   0.   0.   4568.284734320539    0.   0.
-2.5445727000971408   0.   0.   0.   4594.874715088287    0.   0.
-2.5436941732347353   0.   0.   0.   4621.518538712852    0.   0.
-2.54281564637233     0.   0.   0.   4648.216314222248    0.   0.
-2.5419371195099245   0.   0.   0.   4674.968150865281    0.   0.
-2.5410585926475195   0.   0.   0.   4701.774158111967    0.   0.
-2.540180065785114    0.   0.   0.   4728.634445654022    0.   0.
-2.5393015389227087   0.   0.   0.   4755.54912340525     0.   0.
-2.5384230120603037   0.   0.   0.   4782.518301502014    0.   0.
-2.5375444851978983   0.   0.   0.   4809.542090303744    0.   0.
-2.536665958335493    0.   0.   0.   4836.620600393292    0.   0.
-2.535787431473088    0.   0.   0.   4863.75394257744     0.   0.
-2.5349089046106825   0.   0.   0.   4891.198152806314    0.   0.
-2.534030377748277    0.   0.   0.   4918.815893878581    0.   0.
-2.533151850885872    0.   0.   0.   4946.489558950584    0.   0.
-2.5322733240234667   0.   0.   0.   4974.219261264548    0.   0.
-2.5313947971610613   0.   0.   0.   5002.005114291968    0.   0.
-2.530516270298656    0.   0.   0.   5029.847231734123    0.   0.
-2.529637743436251    0.   0.   0.   5057.745727522512    0.   0.
-2.5287592165738455   0.   0.   0.   5085.700715819388    0.   0.
-2.52788068971144     0.   0.   0.   5113.712311018125    0.   0.
-2.527002162849035    0.   0.   0.   5141.780627743735    0.   0.
-2.5261236359866297   0.   0.   0.   5169.905780853386    0.   0.
-2.5252451091242243   0.   0.   0.   5198.087885436778    0.   0.
-2.5243665822618193   0.   0.   0.   5226.327056816658    0.   0.
-2.523488055399414    0.   0.   0.   5254.623410549339    0.   0.
-2.5226095285370085   0.   0.   0.   5282.977062425083    0.   0.
-2.521731001674603    0.   0.   0.   5311.388128468633    0.   0.
-2.520852474812198    0.   0.   0.   5339.8584150722245   0.   0.
-2.5199739479497927   0.   0.   0.   5368.7321600585865   0.   0.
-2.5190954210873873   0.   0.   0.   5397.664372365034    0.   0.
-2.5182168942249823   0.   0.   0.   5426.655170383801    0.   0.
-2.517338367362577    0.   0.   0.   5455.704672746898    0.   0.
-2.5164598405001715   0.   0.   0.   5484.812998326512    0.   0.
-2.5155813136377665   0.   0.   0.   5513.980266235542    0.   0.
-2.514702786775361    0.   0.   0.   5543.206595828126    0.   0.
-2.5138242599129557   0.   0.   0.   5572.492106700035    0.   0.
-2.5129457330505507   0.   0.   0.   5601.836918689222    0.   0.
-2.5120672061881453   0.   0.   0.   5631.24115187634     0.   0.
-2.51118867932574     0.   0.   0.   5660.704926585161    0.   0.
-2.5103101524633344   0.   0.   0.   5690.22836338311     0.   0.
-2.5094316256009295   0.   0.   0.   5719.811583081743    0.   0.
-2.508553098738524    0.   0.   0.   5749.454706737296    0.   0.
-2.5076745718761186   0.   0.   0.   5779.15785565109     0.   0.
-2.5067960450137137   0.   0.   0.   5808.921151370069    0.   0.
-2.5059175181513083   0.   0.   0.   5839.026347409093    0.   0.
-2.505038991288903    0.   0.   0.   5869.234818520861    0.   0.
-2.504160464426498    0.   0.   0.   5899.504459680024    0.   0.
-2.5032819375640925   0.   0.   0.   5929.835394751699    0.   0.
-2.502403410701687    0.   0.   0.   5960.227747851768    0.   0.
-2.501524883839282    0.   0.   0.   5990.681643347438    0.   0.
-2.5006463569768766   0.   0.   0.   6021.1972058577985   0.   0.
-2.4997678301144712   0.   0.   0.   6051.774560254242    0.   0.
-2.498889303252066    0.   0.   0.   6082.413831661026    0.   0.
-2.498010776389661    0.   0.   0.   6113.115145455766    0.   0.
-2.4971322495272554   0.   0.   0.   6143.87862727        0.   0.
-2.49625372266485     0.   0.   0.   6174.704402989616    0.   0.
-2.495375195802445    0.   0.   0.   6205.592598755413    0.   0.
-2.4944966689400396   0.   0.   0.   6236.543340963665    0.   0.
-2.493618142077634    0.   0.   0.   6267.55675626654     0.   0.
-2.4927396152152292   0.   0.   0.   6298.706492523314    0.   0.
-2.491861088352824    0.   0.   0.   6330.147116335503    0.   0.
-2.4909825614904184   0.   0.   0.   6361.6514052184      0.   0.
-2.490104034628013    0.   0.   0.   6393.219488089335    0.   0.
-2.489225507765608    0.   0.   0.   6424.851494126668    0.   0.
-2.4883469809032026   0.   0.   0.   6456.547552770384    0.   0.
-2.487468454040797    0.   0.   0.   6488.307793722528    0.   0.
-2.4865899271783922   0.   0.   0.   6520.132346947787    0.   0.
-2.485711400315987    0.   0.   0.   6552.0213426740565   0.   0.
-2.4848328734535814   0.   0.   0.   6583.974911392895    0.   0.
-2.4839543465911764   0.   0.   0.   6615.993183860091    0.   0.
-2.483075819728771    0.   0.   0.   6648.076291096256    0.   0.
-2.4821972928663656   0.   0.   0.   6680.224364387259    0.   0.
-2.4813187660039606   0.   0.   0.   6712.437535284815    0.   0.
-2.480440239141555    0.   0.   0.   6744.715935607069    0.   0.
-2.47956171227915     0.   0.   0.   6777.087095956524    0.   0.
-2.4786831854167444   0.   0.   0.   6809.777256916193    0.   0.
-2.4778046585543394   0.   0.   0.   6842.53361317214     0.   0.
-2.476926131691934    0.   0.   0.   6875.35629876526     0.   0.
-2.4760476048295286   0.   0.   0.   6908.245448007814    0.   0.
-2.4751690779671236   0.   0.   0.   6941.201195484047    0.   0.
-2.474290551104718    0.   0.   0.   6974.223676050766    0.   0.
-2.4734120242423128   0.   0.   0.   7007.31302483781     0.   0.
-2.472533497379908    0.   0.   0.   7040.469377248645    0.   0.
-2.4716549705175024   0.   0.   0.   7073.692868960972    0.   0.
-2.470776443655097    0.   0.   0.   7106.9836359271785   0.   0.
-2.469897916792692    0.   0.   0.   7140.341814374941    0.   0.
-2.4690193899302866   0.   0.   0.   7173.767540807848    0.   0.
-2.468140863067881    0.   0.   0.   7207.260952005837    0.   0.
-2.4672623362054757   0.   0.   0.   7240.82218502584     0.   0.
-2.4663838093430708   0.   0.   0.   7274.556280128634    0.   0.
-2.4655052824806654   0.   0.   0.   7308.51525780289     0.   0.
-2.46462675561826     0.   0.   0.   7342.543000038808    0.   0.
-2.463748228755855    0.   0.   0.   7376.6396460798105   0.   0.
-2.4628697018934496   0.   0.   0.   7410.805335451338    0.   0.
-2.461991175031044    0.   0.   0.   7445.040207961297    0.   0.
-2.461112648168639    0.   0.   0.   7479.344403700702    0.   0.
-2.4602341213062338   0.   0.   0.   7513.718063044295    0.   0.
-2.4593555944438283   0.   0.   0.   7548.161326651014    0.   0.
-2.4584770675814234   0.   0.   0.   7582.674335464615    0.   0.
-2.457598540719018    0.   0.   0.   7617.257230714321    0.   0.
-2.4567200138566125   0.   0.   0.   7651.910153915267    0.   0.
-2.455841486994207    0.   0.   0.   7686.633246869175    0.   0.
-2.454962960131802    0.   0.   0.   7721.426651664886    0.   0.
-2.4540844332693967   0.   0.   0.   7756.3220459778395   0.   0.
-2.4532059064069913   0.   0.   0.   7791.500209686657    0.   0.
-2.4523273795445863   0.   0.   0.   7826.749606723822    0.   0.
-2.451448852682181    0.   0.   0.   7862.070381331886    0.   0.
-2.4505703258197755   0.   0.   0.   7897.462678045437    0.   0.
-2.4496917989573705   0.   0.   0.   7932.926641691736    0.   0.
-2.448813272094965    0.   0.   0.   7968.462417391357    0.   0.
-2.4479347452325597   0.   0.   0.   8004.070150558684    0.   0.
-2.4470562183701543   0.   0.   0.   8039.749986902569    0.   0.
-2.4461776915077493   0.   0.   0.   8075.502072426901    0.   0.
-2.445299164645344    0.   0.   0.   8111.326553431264    0.   0.
-2.4444206377829385   0.   0.   0.   8147.223576511443    0.   0.
-2.4435421109205335   0.   0.   0.   8183.193288560064    0.   0.
-2.442663584058128    0.   0.   0.   8219.235836767251    0.   0.
-2.4417850571957227   0.   0.   0.   8255.409922167002    0.   0.
-2.4409065303333177   0.   0.   0.   8291.82569129581     0.   0.
-2.4400280034709123   0.   0.   0.   8328.315199817664    0.   0.
-2.439149476608507    0.   0.   0.   8364.878597049681    0.   0.
-2.438270949746102    0.   0.   0.   8401.516032611327    0.   0.
-2.4373924228836965   0.   0.   0.   8438.227656425093    0.   0.
-2.436513896021291    0.   0.   0.   8475.013618716997    0.   0.
-2.4356353691588857   0.   0.   0.   8511.874070017277    0.   0.
-2.4347568422964807   0.   0.   0.   8548.809161160954    0.   0.
-2.4338783154340753   0.   0.   0.   8585.81904328855     0.   0.
-2.43299978857167     0.   0.   0.   8622.903867846571    0.   0.
-2.432121261709265    0.   0.   0.   8660.063786588193    0.   0.
-2.4312427348468595   0.   0.   0.   8697.29895157394     0.   0.
-2.430364207984454    0.   0.   0.   8734.609515172187    0.   0.
-2.429485681122049    0.   0.   0.   8772.157826063745    0.   0.
-2.4286071542596437   0.   0.   0.   8809.831935656846    0.   0.
-2.4277286273972383   0.   0.   0.   8847.58233269467     0.   0.
-2.4268501005348333   0.   0.   0.   8885.409171653953    0.   0.
-2.425971573672428    0.   0.   0.   8923.312607324297    0.   0.
-2.4250930468100225   0.   0.   0.   8961.292794808674    0.   0.
-2.424214519947617    0.   0.   0.   8999.349889524161    0.   0.
-2.423335993085212    0.   0.   0.   9037.484047202515    0.   0.
-2.4224574662228067   0.   0.   0.   9075.695423890906    0.   0.
-2.4215789393604013   0.   0.   0.   9113.984175952417    0.   0.
-2.4207004124979963   0.   0.   0.   9152.35046006677     0.   0.
-2.419821885635591    0.   0.   0.   9190.794433231002    0.   0.
-2.4189433587731854   0.   0.   0.   9229.316252760002    0.   0.
-2.4180648319107805   0.   0.   0.   9268.040390303848    0.   0.
-2.417186305048375    0.   0.   0.   9306.915666335935    0.   0.
-2.4163077781859696   0.   0.   0.   9345.869662091018    0.   0.
-2.4154292513235642   0.   0.   0.   9384.90253697105     0.   0.
-2.4145507244611593   0.   0.   0.   9424.014450700737    0.   0.
-2.413672197598754    0.   0.   0.   9463.205563328278    0.   0.
-2.4127936707363484   0.   0.   0.   9502.476035225898    0.   0.
-2.4119151438739435   0.   0.   0.   9541.826027090568    0.   0.
-2.411036617011538    0.   0.   0.   9581.25569994471     0.   0.
-2.4101580901491326   0.   0.   0.   9620.765215136755    0.   0.
-2.4092795632867277   0.   0.   0.   9660.354734341849    0.   0.
-2.4084010364243222   0.   0.   0.   9700.024419562576    0.   0.
-2.407522509561917    0.   0.   0.   9739.774433129514    0.   0.
-2.406643982699512    0.   0.   0.   9779.758837097757    0.   0.
-2.4057654558371064   0.   0.   0.   9819.854240668648    0.   0.
-2.404886928974701    0.   0.   0.   9860.030834635723    0.   0.
-2.4040084021122956   0.   0.   0.   9900.288783403867    0.   0.
-2.4031298752498906   0.   0.   0.   9940.62825171086     0.   0.
-2.402251348387485    0.   0.   0.   9981.049404628118    0.   0.
-2.40137282152508     0.   0.   0.   10021.55240756127    0.   0.
-2.400494294662675    0.   0.   0.   10062.137426250862   0.   0.
-2.3996157678002694   0.   0.   0.   10102.804626773124   0.   0.
-2.398737240937864    0.   0.   0.   10143.554175540521   0.   0.
-2.397858714075459    0.   0.   0.   10184.38623930248    0.   0.
-2.3969801872130536   0.   0.   0.   10225.300985146156   0.   0.
-2.396101660350648    0.   0.   0.   10266.36113279564    0.   0.
-2.3952231334882432   0.   0.   0.   10307.613193118072   0.   0.
-2.394344606625838    0.   0.   0.   10348.948785985966   0.   0.
-2.3934660797634324   0.   0.   0.   10390.36808054688    0.   0.
-2.392587552901027    0.   0.   0.   10431.871246290908   0.   0.
-2.391709026038622    0.   0.   0.   10473.45845305132    0.   0.
-2.3908304991762166   0.   0.   0.   10515.129871005362   0.   0.
-2.389951972313811    0.   0.   0.   10556.885670674805   0.   0.
-2.389073445451406    0.   0.   0.   10598.72602292672    0.   0.
-2.388194918589001    0.   0.   0.   10640.651098974231   0.   0.
-2.3873163917265954   0.   0.   0.   10682.66107037709    0.   0.
-2.3864378648641904   0.   0.   0.   10724.756109042455   0.   0.
-2.385559338001785    0.   0.   0.   10766.968349281653   0.   0.
-2.3846808111393796   0.   0.   0.   10809.393436951155   0.   0.
-2.3838022842769746   0.   0.   0.   10851.904432464655   0.   0.
-2.382923757414569    0.   0.   0.   10894.50150977959    0.   0.
-2.3820452305521638   0.   0.   0.   10937.184843205574   0.   0.
-2.3811667036897584   0.   0.   0.   10979.954607405232   0.   0.
-2.3802881768273534   0.   0.   0.   11022.810977394818   0.   0.
-2.379409649964948    0.   0.   0.   11065.754128545072   0.   0.
-2.3785311231025426   0.   0.   0.   11108.78423658176    0.   0.
-2.3776525962401376   0.   0.   0.   11151.901477586498   0.   0.
-2.376774069377732    0.   0.   0.   11195.106027997515   0.   0.
-2.3758955425153268   0.   0.   0.   11238.398064610243   0.   0.
-2.375017015652922    0.   0.   0.   11281.826487407528   0.   0.
-2.3741384887905164   0.   0.   0.   11325.442620414056   0.   0.
-2.373259961928111    0.   0.   0.   11369.14707304835    0.   0.
-2.3723814350657055   0.   0.   0.   11412.9400241515     0.   0.
-2.3715029082033006   0.   0.   0.   11456.821652926712   0.   0.
-2.370624381340895    0.   0.   0.   11500.792138940129   0.   0.
-2.3697458544784897   0.   0.   0.   11544.851662121444   0.   0.
-2.3688673276160848   0.   0.   0.   11589.000402764686   0.   0.
-2.3679888007536793   0.   0.   0.   11633.238541529045   0.   0.
-2.367110273891274    0.   0.   0.   11677.566259439454   0.   0.
-2.366231747028869    0.   0.   0.   11721.983737887414   0.   0.
-2.3653532201664635   0.   0.   0.   11766.491158631809   0.   0.
-2.364474693304058    0.   0.   0.   11811.189819735833   0.   0.
-2.363596166441653    0.   0.   0.   11856.015603846434   0.   0.
-2.3627176395792477   0.   0.   0.   11900.932157043957   0.   0.
-2.3618391127168423   0.   0.   0.   11945.939663129448   0.   0.
-2.360960585854437    0.   0.   0.   11991.038306276163   0.   0.
-2.360082058992032    0.   0.   0.   12036.228271030279   0.   0.
-2.3592035321296265   0.   0.   0.   12081.509742311717   0.   0.
-2.358325005267221    0.   0.   0.   12126.882905414805   0.   0.
-2.357446478404816    0.   0.   0.   12172.347946009053   0.   0.
-2.3565679515424107   0.   0.   0.   12217.905050140022   0.   0.
-2.3556894246800053   0.   0.   0.   12263.554404229935   0.   0.
-2.3548108978176003   0.   0.   0.   12309.348301924749   0.   0.
-2.353932370955195    0.   0.   0.   12355.311208426594   0.   0.
-2.3530538440927895   0.   0.   0.   12401.367186608879   0.   0.
-2.3521753172303845   0.   0.   0.   12447.516424935253   0.   0.
-2.351296790367979    0.   0.   0.   12493.75911225104    0.   0.
-2.3504182635055737   0.   0.   0.   12540.095437783908   0.   0.
-2.3495397366431683   0.   0.   0.   12586.525591144722   0.   0.
-2.3486612097807633   0.   0.   0.   12633.049762328259   0.   0.
-2.347782682918358    0.   0.   0.   12679.668141714108   0.   0.
-2.3469041560559525   0.   0.   0.   12726.380920067279   0.   0.
-2.3460256291935475   0.   0.   0.   12773.188288539073   0.   0.
-2.345147102331142    0.   0.   0.   12820.129807960962   0.   0.
-2.3442685754687367   0.   0.   0.   12867.245807399271   0.   0.
-2.3433900486063317   0.   0.   0.   12914.457213450787   0.   0.
-2.3425115217439263   0.   0.   0.   12961.764219307293   0.   0.
-2.341632994881521    0.   0.   0.   13009.167018551705   0.   0.
-2.3407544680191155   0.   0.   0.   13056.665805158957   0.   0.
-2.3398759411567105   0.   0.   0.   13104.260773496731   0.   0.
-2.338997414294305    0.   0.   0.   13151.952118326384   0.   0.
-2.3381188874318997   0.   0.   0.   13199.740034803559   0.   0.
-2.3372403605694947   0.   0.   0.   13247.624718479092   0.   0.
-2.3363618337070893   0.   0.   0.   13295.606365299851   0.   0.
-2.335483306844684    0.   0.   0.   13343.740189889815   0.   0.
-2.334604779982279    0.   0.   0.   13392.026596325508   0.   0.
-2.3337262531198735   0.   0.   0.   13440.410779367005   0.   0.
-2.332847726257468    0.   0.   0.   13488.892937005086   0.   0.
-2.331969199395063    0.   0.   0.   13537.473267631463   0.   0.
-2.3310906725326577   0.   0.   0.   13586.151970039631   0.   0.
-2.3302121456702523   0.   0.   0.   13634.929243425568   0.   0.
-2.329333618807847    0.   0.   0.   13683.80528738863    0.   0.
-2.328455091945442    0.   0.   0.   13732.780301932326   0.   0.
-2.3275765650830365   0.   0.   0.   13781.85448746522    0.   0.
-2.326698038220631    0.   0.   0.   13831.028044801633   0.   0.
-2.325819511358226    0.   0.   0.   13880.392759238051   0.   0.
-2.3249409844958207   0.   0.   0.   13929.86758965277    0.   0.
-2.3240624576334152   0.   0.   0.   13979.442603148951   0.   0.
-2.3231839307710103   0.   0.   0.   14029.118002590323   0.   0.
-2.322305403908605    0.   0.   0.   14078.89399125148    0.   0.
-2.3214268770461994   0.   0.   0.   14128.770772818547   0.   0.
-2.3205483501837945   0.   0.   0.   14178.748551390101   0.   0.
-2.319669823321389    0.   0.   0.   14228.827531478093   0.   0.
-2.3187912964589836   0.   0.   0.   14279.007918008505   0.   0.
-2.317912769596578    0.   0.   0.   14329.289916322316   0.   0.
-2.3170342427341732   0.   0.   0.   14379.722780201715   0.   0.
-2.316155715871768    0.   0.   0.   14430.30250522361    0.   0.
-2.3152771890093624   0.   0.   0.   14480.984650661498   0.   0.
-2.3143986621469574   0.   0.   0.   14531.769423909553   0.   0.
-2.313520135284552    0.   0.   0.   14582.657032781986   0.   0.
-2.3126416084221466   0.   0.   0.   14633.64768551374    0.   0.
-2.3117630815597416   0.   0.   0.   14684.741590761421   0.   0.
-2.3108845546973362   0.   0.   0.   14735.93895760422    0.   0.
-2.310006027834931    0.   0.   0.   14787.239995544629   0.   0.
-2.309127500972526    0.   0.   0.   14838.644914509363   0.   0.
-2.3082489741101204   0.   0.   0.   14890.185053362273   0.   0.
-2.307370447247715    0.   0.   0.   14941.885061473859   0.   0.
-2.3064919203853096   0.   0.   0.   14993.689758496575   0.   0.
-2.3056133935229046   0.   0.   0.   15045.599356418139   0.   0.
-2.304734866660499    0.   0.   0.   15097.6140676556     0.   0.
-2.303856339798094    0.   0.   0.   15149.734105056077   0.   0.
-2.302977812935689    0.   0.   0.   15201.95968189767    0.   0.
-2.3020992860732834   0.   0.   0.   15254.291011890447   0.   0.
-2.301220759210878    0.   0.   0.   15306.728309177131   0.   0.
-2.300342232348473    0.   0.   0.   15359.271788334085   0.   0.
-2.2994637054860676   0.   0.   0.   15411.95339086431    0.   0.
-2.298585178623662    0.   0.   0.   15464.789182859393   0.   0.
-2.2977066517612568   0.   0.   0.   15517.731963648761   0.   0.
-2.296828124898852    0.   0.   0.   15570.781949877235   0.   0.
-2.2959495980364464   0.   0.   0.   15623.939358628411   0.   0.
-2.295071071174041    0.   0.   0.   15677.204407425377   0.   0.
-2.294192544311636    0.   0.   0.   15730.577314231696   0.   0.
-2.2933140174492306   0.   0.   0.   15784.05829745236    0.   0.
-2.292435490586825    0.   0.   0.   15837.647575934556   0.   0.
-2.29155696372442     0.   0.   0.   15891.3453689686     0.   0.
-2.2906784368620148   0.   0.   0.   15945.198222743418   0.   0.
-2.2897999099996094   0.   0.   0.   15999.186392958418   0.   0.
-2.2889213831372044   0.   0.   0.   16053.283885453206   0.   0.
-2.288042856274799    0.   0.   0.   16107.490921597839   0.   0.
-2.2871643294123936   0.   0.   0.   16161.807723210535   0.   0.
-2.286285802549988    0.   0.   0.   16216.234512558716   0.   0.
-2.285407275687583    0.   0.   0.   16270.771512359848   0.   0.
-2.2845287488251778   0.   0.   0.   16325.418945782472   0.   0.
-2.2836502219627723   0.   0.   0.   16380.177036446938   0.   0.
-2.2827716951003674   0.   0.   0.   16435.050311373827   0.   0.
-2.281893168237962    0.   0.   0.   16490.09645864724    0.   0.
-2.2810146413755565   0.   0.   0.   16545.25407053025    0.   0.
-2.2801361145131516   0.   0.   0.   16600.523372730873   0.   0.
-2.279257587650746    0.   0.   0.   16655.904591414277   0.   0.
-2.2783790607883407   0.   0.   0.   16711.39795320351    0.   0.
-2.2775005339259358   0.   0.   0.   16767.003685180505   0.   0.
-2.2766220070635304   0.   0.   0.   16822.72201488712    0.   0.
-2.275743480201125    0.   0.   0.   16878.55317032587    0.   0.
-2.2748649533387195   0.   0.   0.   16934.497379961005   0.   0.
-2.2739864264763145   0.   0.   0.   16990.595305382994   0.   0.
-2.273107899613909    0.   0.   0.   17046.82641194657    0.   0.
-2.2722293727515037   0.   0.   0.   17103.17138257967    0.   0.
-2.2713508458890987   0.   0.   0.   17159.630447849053   0.   0.
-2.2704723190266933   0.   0.   0.   17216.203838788464   0.   0.
-2.269593792164288    0.   0.   0.   17272.891786899385   0.   0.
-2.268715265301883    0.   0.   0.   17329.694524152063   0.   0.
-2.2678367384394775   0.   0.   0.   17386.612282986574   0.   0.
-2.266958211577072    0.   0.   0.   17443.645296313567   0.   0.
-2.2660796847146667   0.   0.   0.   17500.81842677826    0.   0.
-2.2652011578522617   0.   0.   0.   17558.136545120436   0.   0.
-2.2643226309898563   0.   0.   0.   17615.570728655202   0.   0.
-2.263444104127451    0.   0.   0.   17673.12121240646    0.   0.
-2.262565577265046    0.   0.   0.   17730.788231873998   0.   0.
-2.2616870504026405   0.   0.   0.   17788.57202303458    0.   0.
-2.260808523540235    0.   0.   0.   17846.472822342716   0.   0.
-2.25992999667783     0.   0.   0.   17904.490866731703   0.   0.
-2.2590514698154247   0.   0.   0.   17962.626393614726   0.   0.
-2.2581729429530193   0.   0.   0.   18020.899286628628   0.   0.
-2.2572944160906143   0.   0.   0.   18079.318464285418   0.   0.
-2.256415889228209    0.   0.   0.   18137.85593670313    0.   0.
-2.2555373623658035   0.   0.   0.   18196.51194342038    0.   0.
-2.254658835503398    0.   0.   0.   18255.286724460857   0.   0.
-2.253780308640993    0.   0.   0.   18314.180520334252   0.   0.
-2.2529017817785877   0.   0.   0.   18373.193572037366   0.   0.
-2.2520232549161823   0.   0.   0.   18432.3261210549     0.   0.
-2.2511447280537773   0.   0.   0.   18491.57840936056    0.   0.
-2.250266201191372    0.   0.   0.   18550.97328085611    0.   0.
-2.2493876743289665   0.   0.   0.   18610.508877128836   0.   0.
-2.2485091474665615   0.   0.   0.   18670.16502883227    0.   0.
-2.247630620604156    0.   0.   0.   18729.941980082807   0.   0.
-2.2467520937417507   0.   0.   0.   18789.83997549109    0.   0.
-2.2458735668793457   0.   0.   0.   18849.859260163055   0.   0.
-2.2449950400169403   0.   0.   0.   18910.00007970107    0.   0.
-2.244116513154535    0.   0.   0.   18970.262680204723   0.   0.
-2.2432379862921294   0.   0.   0.   19030.647308271993   0.   0.
-2.2423594594297245   0.   0.   0.   19091.185431019316   0.   0.
-2.241480932567319    0.   0.   0.   19151.854092547776   0.   0.
-2.2406024057049136   0.   0.   0.   19212.645603885096   0.   0.
-2.2397238788425087   0.   0.   0.   19273.560213793557   0.   0.
-2.2388453519801033   0.   0.   0.   19334.598171539234   0.   0.
-2.237966825117698    0.   0.   0.   19395.75972689286    0.   0.
-2.237088298255293    0.   0.   0.   19457.045130130948   0.   0.
-2.2362097713928875   0.   0.   0.   19518.454632036886   0.   0.
-2.235331244530482    0.   0.   0.   19579.995066408064   0.   0.
-2.234452717668077    0.   0.   0.   19641.683407563687   0.   0.
-2.2335741908056717   0.   0.   0.   19703.49666330835    0.   0.
-2.2326956639432662   0.   0.   0.   19765.435086585345   0.   0.
-2.231817137080861    0.   0.   0.   19827.498930850204   0.   0.
-2.230938610218456    0.   0.   0.   19889.688450071648   0.   0.
-2.2300600833560504   0.   0.   0.   19952.003898732757   0.   0.
-2.229181556493645    0.   0.   0.   20014.44553183184    0.   0.
-2.22830302963124     0.   0.   0.   20077.013604883552   0.   0.
-2.2274245027688346   0.   0.   0.   20139.732755800018   0.   0.
-2.226545975906429    0.   0.   0.   20202.585390173503   0.   0.
-2.2256674490440242   0.   0.   0.   20265.565296748537   0.   0.
-2.224788922181619    0.   0.   0.   20328.672733242514   0.   0.
-2.2239103953192134   0.   0.   0.   20391.907957894593   0.   0.
-2.223031868456808    0.   0.   0.   20455.27122946689    0.   0.
-2.222153341594403    0.   0.   0.   20518.762807245443   0.   0.
-2.2212748147319976   0.   0.   0.   20582.382951041454   0.   0.
-2.220396287869592    0.   0.   0.   20646.141882485153   0.   0.
-2.2195177610071872   0.   0.   0.   20710.03984626803    0.   0.
-2.218639234144782    0.   0.   0.   20774.067198971676   0.   0.
-2.2177607072823764   0.   0.   0.   20838.2242025996     0.   0.
-2.2168821804199714   0.   0.   0.   20902.511119685852   0.   0.
-2.216003653557566    0.   0.   0.   20966.928213296185   0.   0.
-2.2151251266951606   0.   0.   0.   21031.47574702896    0.   0.
-2.2142465998327556   0.   0.   0.   21096.153985016284   0.   0.
-2.21336807297035     0.   0.   0.   21160.970594703587   0.   0.
-2.212489546107945    0.   0.   0.   21225.932283945436   0.   0.
-2.2116110192455394   0.   0.   0.   21291.025516077905   0.   0.
-2.2107324923831344   0.   0.   0.   21356.25055746613    0.   0.
-2.209853965520729    0.   0.   0.   21421.607675014733   0.   0.
-2.2089754386583236   0.   0.   0.   21487.097136168693   0.   0.
-2.2080969117959186   0.   0.   0.   21552.71920891455    0.   0.
-2.207218384933513    0.   0.   0.   21618.4741617816     0.   0.
-2.2063398580711078   0.   0.   0.   21684.36639903371    0.   0.
-2.205461331208703    0.   0.   0.   21750.400511983342   0.   0.
-2.2045828043462974   0.   0.   0.   21816.568339406847   0.   0.
-2.203704277483892    0.   0.   0.   21882.870152066665   0.   0.
-2.202825750621487    0.   0.   0.   21949.30622127354    0.   0.
-2.2019472237590816   0.   0.   0.   22015.876818887664   0.   0.
-2.201068696896676    0.   0.   0.   22082.582217319665   0.   0.
-2.2001901700342708   0.   0.   0.   22149.422689531784   0.   0.
-2.199311643171866    0.   0.   0.   22216.4038303336     0.   0.
-2.1984331163094604   0.   0.   0.   22283.527470143435   0.   0.
-2.197554589447055    0.   0.   0.   22350.78703064303    0.   0.
-2.19667606258465     0.   0.   0.   22418.182787062255   0.   0.
-2.1957975357222446   0.   0.   0.   22485.71501518842    0.   0.
-2.194919008859839    0.   0.   0.   22553.38399136718    0.   0.
-2.194040481997434    0.   0.   0.   22621.189992503776   0.   0.
-2.1931619551350288   0.   0.   0.   22689.133296064258   0.   0.
-2.1922834282726233   0.   0.   0.   22757.21674472208    0.   0.
-2.191404901410218    0.   0.   0.   22825.439328577828   0.   0.
-2.190526374547813    0.   0.   0.   22893.80005840835    0.   0.
-2.1896478476854075   0.   0.   0.   22962.299213949682   0.   0.
-2.188769320823002    0.   0.   0.   23030.93707550419    0.   0.
-2.187890793960597    0.   0.   0.   23099.713923941858   0.   0.
-2.1870122670981917   0.   0.   0.   23168.630040701493   0.   0.
-2.1861337402357863   0.   0.   0.   23237.685786046306   0.   0.
-2.1852552133733814   0.   0.   0.   23306.885004924385   0.   0.
-2.184376686510976    0.   0.   0.   23376.22434739512    0.   0.
-2.1834981596485705   0.   0.   0.   23445.70409719898    0.   0.
-2.1826196327861656   0.   0.   0.   23515.32453865099    0.   0.
-2.18174110592376     0.   0.   0.   23585.085956641997   0.   0.
-2.1808625790613547   0.   0.   0.   23654.988636639624   0.   0.
-2.1799840521989493   0.   0.   0.   23725.03286468958    0.   0.
-2.1791055253365443   0.   0.   0.   23795.217763706194   0.   0.
-2.178226998474139    0.   0.   0.   23865.543568742076   0.   0.
-2.1773484716117335   0.   0.   0.   23936.011778628985   0.   0.
-2.1764699447493285   0.   0.   0.   24006.62268172678    0.   0.
-2.175591417886923    0.   0.   0.   24077.37656697934    0.   0.
-2.1747128910245177   0.   0.   0.   24148.273723915514   0.   0.
-2.1738343641621127   0.   0.   0.   24219.31444265043    0.   0.
-2.1729558372997073   0.   0.   0.   24290.498563969977   0.   0.
-2.172077310437302    0.   0.   0.   24361.820980746343   0.   0.
-2.171198783574897    0.   0.   0.   24433.287820442987   0.   0.
-2.1703202567124915   0.   0.   0.   24504.899375506306   0.   0.
-2.169441729850086    0.   0.   0.   24576.6559389748     0.   0.
-2.1685632029876807   0.   0.   0.   24648.557804480377   0.   0.
-2.1676846761252757   0.   0.   0.   24720.605266249484   0.   0.
-2.1668061492628703   0.   0.   0.   24792.798619104487   0.   0.
-2.165927622400465    0.   0.   0.   24865.13197305022    0.   0.
-2.16504909553806     0.   0.   0.   24937.609872941986   0.   0.
-2.1641705686756545   0.   0.   0.   25010.23453552683    0.   0.
-2.163292041813249    0.   0.   0.   25083.006257988927   0.   0.
-2.162413514950844    0.   0.   0.   25155.925338114237   0.   0.
-2.1615349880884387   0.   0.   0.   25228.992074291833   0.   0.
-2.1606564612260333   0.   0.   0.   25302.206765514875   0.   0.
-2.1597779343636283   0.   0.   0.   25375.563058228217   0.   0.
-2.158899407501223    0.   0.   0.   25449.06267681918    0.   0.
-2.1580208806388175   0.   0.   0.   25522.711127012288   0.   0.
-2.157142353776412    0.   0.   0.   25596.508710181162   0.   0.
-2.156263826914007    0.   0.   0.   25670.455728309647   0.   0.
-2.1553853000516017   0.   0.   0.   25744.55248399319    0.   0.
-2.1545067731891963   0.   0.   0.   25818.79928043985    0.   0.
-2.1536282463267913   0.   0.   0.   25893.18832847904    0.   0.
-2.152749719464386    0.   0.   0.   25967.718580176825   0.   0.
-2.1518711926019805   0.   0.   0.   26042.399750436933   0.   0.
-2.1509926657395755   0.   0.   0.   26117.23214485889    0.   0.
-2.15011413887717     0.   0.   0.   26192.216069661154   0.   0.
-2.1492356120147647   0.   0.   0.   26267.35183168214    0.   0.
-2.1483570851523592   0.   0.   0.   26342.639738381626   0.   0.
-2.1474785582899543   0.   0.   0.   26418.07220001805    0.   0.
-2.146600031427549    0.   0.   0.   26493.64827222379    0.   0.
-2.1457215045651434   0.   0.   0.   26569.37738070545    0.   0.
-2.1448429777027385   0.   0.   0.   26645.259835350775   0.   0.
-2.143964450840333    0.   0.   0.   26721.29594667514    0.   0.
-2.1430859239779276   0.   0.   0.   26797.486025822556   0.   0.
-2.1422073971155227   0.   0.   0.   26873.830384567096   0.   0.
-2.1413288702531172   0.   0.   0.   26950.31550761383    0.   0.
-2.140450343390712    0.   0.   0.   27026.944782724375   0.   0.
-2.139571816528307    0.   0.   0.   27103.72922677324    0.   0.
-2.1386932896659014   0.   0.   0.   27180.669153966785   0.   0.
-2.137814762803496    0.   0.   0.   27257.764879147486   0.   0.
-2.1369362359410906   0.   0.   0.   27335.016717795417   0.   0.
-2.1360577090786856   0.   0.   0.   27412.42498602941    0.   0.
-2.1351791822162802   0.   0.   0.   27489.971901314802   0.   0.
-2.134300655353875    0.   0.   0.   27567.670057235977   0.   0.
-2.13342212849147     0.   0.   0.   27645.52554650457    0.   0.
-2.1325436016290644   0.   0.   0.   27723.538687709726   0.   0.
-2.131665074766659    0.   0.   0.   27801.709800085577   0.   0.
-2.130786547904254    0.   0.   0.   27880.039203512682   0.   0.
-2.1299080210418486   0.   0.   0.   27958.525908545722   0.   0.
-2.129029494179443    0.   0.   0.   28037.143614071647   0.   0.
-2.1281509673170382   0.   0.   0.   28115.92051496882    0.   0.
-2.127272440454633    0.   0.   0.   28194.856933596846   0.   0.
-2.1263939135922274   0.   0.   0.   28273.95319296796    0.   0.
-2.125515386729822    0.   0.   0.   28353.209616748525   0.   0.
-2.124636859867417    0.   0.   0.   28432.626529260266   0.   0.
-2.1237583330050116   0.   0.   0.   28512.190573774467   0.   0.
-2.122879806142606    0.   0.   0.   28591.89694860919    0.   0.
-2.122001279280201    0.   0.   0.   28671.764723294586   0.   0.
-2.121122752417796    0.   0.   0.   28751.79422465419    0.   0.
-2.1202442255553904   0.   0.   0.   28831.98578017319    0.   0.
-2.1193656986929854   0.   0.   0.   28912.339717999912   0.   0.
-2.11848717183058     0.   0.   0.   28992.8563669473     0.   0.
-2.1176086449681746   0.   0.   0.   29073.506273406474   0.   0.
-2.1167301181057696   0.   0.   0.   29154.31565894676    0.   0.
-2.115851591243364    0.   0.   0.   29235.28867785757    0.   0.
-2.114973064380959    0.   0.   0.   29316.425661485024   0.   0.
-2.1140945375185534   0.   0.   0.   29397.72694184623    0.   0.
-2.1132160106561484   0.   0.   0.   29479.19285163059    0.   0.
-2.112337483793743    0.   0.   0.   29560.80771840925    0.   0.
-2.1114589569313376   0.   0.   0.   29642.56710893312    0.   0.
-2.1105804300689326   0.   0.   0.   29724.492056521267   0.   0.
-2.109701903206527    0.   0.   0.   29806.582896415286   0.   0.
-2.1088233763441218   0.   0.   0.   29888.839964535488   0.   0.
-2.107944849481717    0.   0.   0.   29971.263597482397   0.   0.
-2.1070663226193114   0.   0.   0.   30053.851266916485   0.   0.
-2.106187795756906    0.   0.   0.   30136.56722641598    0.   0.
-2.1053092688945005   0.   0.   0.   30219.450679965255   0.   0.
-2.1044307420320956   0.   0.   0.   30302.50196672806    0.   0.
-2.10355221516969     0.   0.   0.   30385.72142655502    0.   0.
-2.1026736883072847   0.   0.   0.   30469.109399984816   0.   0.
-2.1017951614448798   0.   0.   0.   30552.66622824572    0.   0.
-2.1009166345824744   0.   0.   0.   30636.35880761602    0.   0.
-2.100038107720069    0.   0.   0.   30720.21154487001    0.   0.
-2.099159580857664    0.   0.   0.   30804.234078069436   0.   0.
-2.0982810539952585   0.   0.   0.   30888.42675103932    0.   0.
-2.097402527132853    0.   0.   0.   30972.78990830079    0.   0.
-2.096524000270448    0.   0.   0.   31057.323895072608   0.   0.
-2.0956454734080427   0.   0.   0.   31142.00278995632    0.   0.
-2.0947669465456373   0.   0.   0.   31226.833722295407   0.   0.
-2.093888419683232    0.   0.   0.   31311.836431356798   0.   0.
-2.093009892820827    0.   0.   0.   31397.01126497634    0.   0.
-2.0921313659584215   0.   0.   0.   31482.358571694338   0.   0.
-2.091252839096016    0.   0.   0.   31567.87870075674    0.   0.
-2.090374312233611    0.   0.   0.   31653.55041069526    0.   0.
-2.0894957853712057   0.   0.   0.   31739.368611664733   0.   0.
-2.0886172585088003   0.   0.   0.   31825.360588506646   0.   0.
-2.0877387316463953   0.   0.   0.   31911.526693104966   0.   0.
-2.08686020478399     0.   0.   0.   31997.867278056347   0.   0.
-2.0859816779215845   0.   0.   0.   32084.382696671306   0.   0.
-2.0851031510591795   0.   0.   0.   32171.05407386338    0.   0.
-2.084224624196774    0.   0.   0.   32257.870779282788   0.   0.
-2.0833460973343687   0.   0.   0.   32344.863282476505   0.   0.
-2.0824675704719633   0.   0.   0.   32432.031939422777   0.   0.
-2.0815890436095583   0.   0.   0.   32519.377106820615   0.   0.
-2.080710516747153    0.   0.   0.   32606.89914209146    0.   0.
-2.0798319898847475   0.   0.   0.   32694.575505496618   0.   0.
-2.0789534630223425   0.   0.   0.   32782.396078957085   0.   0.
-2.078074936159937    0.   0.   0.   32870.394482954674   0.   0.
-2.0771964092975317   0.   0.   0.   32958.5710775838     0.   0.
-2.0763178824351267   0.   0.   0.   33046.926223668      0.   0.
-2.0754393555727213   0.   0.   0.   33135.46028276163    0.   0.
-2.074560828710316    0.   0.   0.   33224.14733883093    0.   0.
-2.0736823018479105   0.   0.   0.   33312.9873618615     0.   0.
-2.0728037749855055   0.   0.   0.   33402.00727974341    0.   0.
-2.0719252481231      0.   0.   0.   33491.207456751275   0.   0.
-2.0710467212606947   0.   0.   0.   33580.58825789721    0.   0.
-2.0701681943982897   0.   0.   0.   33670.150048932446   0.   0.
-2.0692896675358843   0.   0.   0.   33759.852729943144   0.   0.
-2.068411140673479    0.   0.   0.   33849.71585090564    0.   0.
-2.067532613811074    0.   0.   0.   33939.760938421445   0.   0.
-2.0666540869486685   0.   0.   0.   34029.98836096022    0.   0.
-2.065775560086263    0.   0.   0.   34120.39848773763    0.   0.
-2.064897033223858    0.   0.   0.   34210.99168871697    0.   0.
-2.0640185063614527   0.   0.   0.   34301.7168535071     0.   0.
-2.0631399794990473   0.   0.   0.   34392.618968790426   0.   0.
-2.062261452636642    0.   0.   0.   34483.70515451814    0.   0.
-2.061382925774237    0.   0.   0.   34574.975783420006   0.   0.
-2.0605043989118315   0.   0.   0.   34666.431228980684   0.   0.
-2.059625872049426    0.   0.   0.   34758.06030468629    0.   0.
-2.058747345187021    0.   0.   0.   34849.821562334975   0.   0.
-2.0578688183246157   0.   0.   0.   34941.76863013148    0.   0.
-2.0569902914622102   0.   0.   0.   35033.90188432835    0.   0.
-2.0561117645998053   0.   0.   0.   35126.221701940005   0.   0.
-2.0552332377374      0.   0.   0.   35218.72846074446    0.   0.
-2.0543547108749944   0.   0.   0.   35311.38736918711    0.   0.
-2.0534761840125895   0.   0.   0.   35404.203617013285   0.   0.
-2.052597657150184    0.   0.   0.   35497.20781126882    0.   0.
-2.0517191302877786   0.   0.   0.   35590.400332532074   0.   0.
-2.050840603425373    0.   0.   0.   35683.7815621521     0.   0.
-2.0499620765629682   0.   0.   0.   35777.35188225013    0.   0.
-2.049083549700563    0.   0.   0.   35871.048285215016   0.   0.
-2.0482050228381574   0.   0.   0.   35964.931806974426   0.   0.
-2.0473264959757524   0.   0.   0.   36059.00543631839    0.   0.
-2.046447969113347    0.   0.   0.   36153.269558201595   0.   0.
-2.0455694422509416   0.   0.   0.   36247.7245583581     0.   0.
-2.0446909153885366   0.   0.   0.   36342.33850611968    0.   0.
-2.0438123885261312   0.   0.   0.   36437.10380292113    0.   0.
-2.042933861663726    0.   0.   0.   36532.060992840146   0.   0.
-2.042055334801321    0.   0.   0.   36627.21046444687    0.   0.
-2.0411768079389154   0.   0.   0.   36722.55260709839    0.   0.
-2.04029828107651     0.   0.   0.   36818.087810940095   0.   0.
-2.0394197542141046   0.   0.   0.   36913.74608648229    0.   0.
-2.0385412273516996   0.   0.   0.   37009.597472614194   0.   0.
-2.037662700489294    0.   0.   0.   37105.64295111886    0.   0.
-2.036784173626889    0.   0.   0.   37201.88291501977    0.   0.
-2.035905646764484    0.   0.   0.   37298.31775813625    0.   0.
-2.0350271199020784   0.   0.   0.   37394.902834281915   0.   0.
-2.034148593039673    0.   0.   0.   37491.65308086163    0.   0.
-2.033270066177268    0.   0.   0.   37588.599239943745   0.   0.
-2.0323915393148626   0.   0.   0.   37685.7417082375     0.   0.
-2.031513012452457    0.   0.   0.   37783.08088325534    0.   0.
-2.0306344855900518   0.   0.   0.   37880.59738507387    0.   0.
-2.029755958727647    0.   0.   0.   37978.255289011686   0.   0.
-2.0288774318652414   0.   0.   0.   38076.11094339485    0.   0.
-2.027998905002836    0.   0.   0.   38174.16474865418    0.   0.
-2.027120378140431    0.   0.   0.   38272.41710603133    0.   0.
-2.0262418512780256   0.   0.   0.   38370.86841758059    0.   0.
-2.02536332441562     0.   0.   0.   38469.44030493504    0.   0.
-2.024484797553215    0.   0.   0.   38568.210326391236   0.   0.
-2.02360627069081     0.   0.   0.   38667.18035025322    0.   0.
-2.0227277438284044   0.   0.   0.   38766.35078151184    0.   0.
-2.0218492169659994   0.   0.   0.   38865.72202597807    0.   0.
-2.020970690103594    0.   0.   0.   38965.23340822726    0.   0.
-2.0200921632411886   0.   0.   0.   39064.92680221652    0.   0.
-2.019213636378783    0.   0.   0.   39164.822068376496   0.   0.
-2.018335109516378    0.   0.   0.   39264.9196154842     0.   0.
-2.0174565826539728   0.   0.   0.   39365.219853144554   0.   0.
-2.0165780557915673   0.   0.   0.   39465.674340167774   0.   0.
-2.0156995289291624   0.   0.   0.   39566.29817769142    0.   0.
-2.014821002066757    0.   0.   0.   39667.1257714691     0.   0.
-2.0139424752043515   0.   0.   0.   39768.15753409296    0.   0.
-2.0130639483419466   0.   0.   0.   39869.393878990646   0.   0.
-2.012185421479541    0.   0.   0.   39970.79483989254    0.   0.
-2.0113068946171357   0.   0.   0.   40072.35628666037    0.   0.
-2.0104283677547308   0.   0.   0.   40174.12338827547    0.   0.
-2.0095498408923254   0.   0.   0.   40276.09656117465    0.   0.
-2.00867131402992     0.   0.   0.   40378.27622263787    0.   0.
-2.0077927871675145   0.   0.   0.   40480.6260154998     0.   0.
-2.0069142603051096   0.   0.   0.   40583.13032491207    0.   0.
-2.006035733442704    0.   0.   0.   40685.84219840282    0.   0.
-2.0051572065802987   0.   0.   0.   40788.76205627477    0.   0.
-2.0042786797178938   0.   0.   0.   40891.89031968174    0.   0.
-2.0034001528554883   0.   0.   0.   40995.19319470688    0.   0.
-2.002521625993083    0.   0.   0.   41098.65375835376    0.   0.
-2.001643099130678    0.   0.   0.   41202.32382242715    0.   0.
-2.0007645722682725   0.   0.   0.   41306.20381115091    0.   0.
-1.9998860454058671   0.   0.   0.   41410.29414960778    0.   0.
-1.999007518543462    0.   0.   0.   41514.55409153695    0.   0.
-1.9981289916810567   0.   0.   0.   41618.97229521114    0.   0.
-1.9972504648186513   0.   0.   0.   41723.6019384662     0.   0.
-1.9963719379562461   0.   0.   0.   41828.443449452476   0.   0.
-1.9954934110938407   0.   0.   0.   41933.4972571874     0.   0.
-1.9946148842314355   0.   0.   0.   42038.715322113276   0.   0.
-1.9937363573690303   0.   0.   0.   42144.10273653893    0.   0.
-1.992857830506625    0.   0.   0.   42249.70355312963    0.   0.
-1.9919793036442197   0.   0.   0.   42355.51820400982    0.   0.
-1.9911007767818143   0.   0.   0.   42461.5471221791     0.   0.
-1.990222249919409    0.   0.   0.   42567.728240879165   0.   0.
-1.989343723057004    0.   0.   0.   42674.0924760858     0.   0.
-1.9884651961945985   0.   0.   0.   42780.67209145145    0.   0.
-1.9875866693321933   0.   0.   0.   42887.46752310586    0.   0.
-1.986708142469788    0.   0.   0.   42994.47920806199    0.   0.
-1.9858296156073827   0.   0.   0.   43101.624188899965   0.   0.
-1.9849510887449775   0.   0.   0.   43208.970937916696   0.   0.
-1.984072561882572    0.   0.   0.   43316.53505661439    0.   0.
-1.983194035020167    0.   0.   0.   43424.31698515144    0.   0.
-1.9823155081577617   0.   0.   0.   43532.309652776574   0.   0.
-1.9814369812953563   0.   0.   0.   43640.42980036191    0.   0.
-1.980558454432951    0.   0.   0.   43748.76888370632    0.   0.
-1.9796799275705457   0.   0.   0.   43857.32734613949    0.   0.
-1.9788014007081405   0.   0.   0.   43966.10563188876    0.   0.
-1.9779228738457353   0.   0.   0.   44075.068719451      0.   0.
-1.9770443469833299   0.   0.   0.   44184.18706404674    0.   0.
-1.9761658201209247   0.   0.   0.   44293.52636568089    0.   0.
-1.9752872932585195   0.   0.   0.   44403.08707177608    0.   0.
-1.974408766396114    0.   0.   0.   44512.86963066092    0.   0.
-1.9735302395337089   0.   0.   0.   44622.805280844186   0.   0.
-1.9726517126713035   0.   0.   0.   44732.92978104771    0.   0.
-1.9717731858088983   0.   0.   0.   44843.27727568457    0.   0.
-1.970894658946493    0.   0.   0.   44953.848216303      0.   0.
-1.9700161320840877   0.   0.   0.   45064.63920490728    0.   0.
-1.9691376052216825   0.   0.   0.   45175.55331625778    0.   0.
-1.968259078359277    0.   0.   0.   45286.69202094919    0.   0.
-1.9673805514968719   0.   0.   0.   45398.05577376731    0.   0.
-1.9665020246344667   0.   0.   0.   45509.64503041896    0.   0.
-1.9656234977720612   0.   0.   0.   45621.412690995385   0.   0.
-1.964744970909656    0.   0.   0.   45733.34707977158    0.   0.
-1.9638664440472506   0.   0.   0.   45845.50812787933    0.   0.
-1.9629879171848454   0.   0.   0.   45957.896294287915   0.   0.
-1.9621093903224402   0.   0.   0.   46070.51203889609    0.   0.
-1.9612308634600348   0.   0.   0.   46183.260020682384   0.   0.
-1.9603523365976296   0.   0.   0.   46296.224909221266   0.   0.
-1.9594738097352244   0.   0.   0.   46409.41854378184    0.   0.
-1.958595282872819    0.   0.   0.   46522.84138755887    0.   0.
-1.9577167560104138   0.   0.   0.   46636.45109469508    0.   0.
-1.9568382291480084   0.   0.   0.   46750.222379494706   0.   0.
-1.9559597022856032   0.   0.   0.   46864.22404321218    0.   0.
-1.955081175423198    0.   0.   0.   46978.45655234879    0.   0.
-1.9542026485607926   0.   0.   0.   47092.92037435042    0.   0.
-1.9533241216983874   0.   0.   0.   47207.51394228807    0.   0.
-1.952445594835982    0.   0.   0.   47322.33029234153    0.   0.
-1.9515670679735768   0.   0.   0.   47437.3791374971     0.   0.
-1.9506885411111716   0.   0.   0.   47552.660948541175   0.   0.
-1.9498100142487662   0.   0.   0.   47668.119845867914   0.   0.
-1.948931487386361    0.   0.   0.   47783.753548743494   0.   0.
-1.9480529605239556   0.   0.   0.   47899.62140180372    0.   0.
-1.9471744336615504   0.   0.   0.   48015.72387918631    0.   0.
-1.9462959067991452   0.   0.   0.   48132.05012658733    0.   0.
-1.9454173799367398   0.   0.   0.   48248.50994399039    0.   0.
-1.9445388530743346   0.   0.   0.   48365.20558440234    0.   0.
-1.9436603262119294   0.   0.   0.   48482.13752534836    0.   0.
-1.942781799349524    0.   0.   0.   48599.30624532057    0.   0.
-1.9419032724871188   0.   0.   0.   48716.6227280171     0.   0.
-1.9410247456247134   0.   0.   0.   48834.14689980427    0.   0.
-1.9401462187623082   0.   0.   0.   48951.909049843736   0.   0.
-1.939267691899903    0.   0.   0.   49069.90966002489    0.   0.
-1.9383891650374976   0.   0.   0.   49188.09788977429    0.   0.
-1.9375106381750924   0.   0.   0.   49306.45946604701    0.   0.
-1.936632111312687    0.   0.   0.   49425.06071625779    0.   0.
-1.9357535844502818   0.   0.   0.   49543.902125729546   0.   0.
-1.9348750575878766   0.   0.   0.   49662.96410789084    0.   0.
-1.9339965307254712   0.   0.   0.   49782.16393615236    0.   0.
-1.933118003863066    0.   0.   0.   49901.6051357537     0.   0.
-1.9322394770006606   0.   0.   0.   50021.28819545503    0.   0.
-1.9313609501382554   0.   0.   0.   50141.213605006116   0.   0.
-1.9304824232758502   0.   0.   0.   50261.26977171866    0.   0.
-1.9296038964134448   0.   0.   0.   50381.559904901675   0.   0.
-1.9287253695510396   0.   0.   0.   50502.09361721593    0.   0.
-1.9278468426886344   0.   0.   0.   50622.8714018922     0.   0.
-1.926968315826229    0.   0.   0.   50743.80477260905    0.   0.
-1.9260897889638238   0.   0.   0.   50864.94881096817    0.   0.
-1.9252112621014184   0.   0.   0.   50986.338157557024   0.   0.
-1.9243327352390132   0.   0.   0.   51107.973309107605   0.   0.
-1.923454208376608    0.   0.   0.   51229.784132939014   0.   0.
-1.9225756815142026   0.   0.   0.   51351.78508636507    0.   0.
-1.9216971546517974   0.   0.   0.   51474.03308321404    0.   0.
-1.920818627789392    0.   0.   0.   51596.52862373171    0.   0.
-1.9199401009269867   0.   0.   0.   51719.217549334266   0.   0.
-1.9190615740645816   0.   0.   0.   51842.08050380784    0.   0.
-1.9181830472021761   0.   0.   0.   51965.19224719639    0.   0.
-1.917304520339771    0.   0.   0.   52088.55328328009    0.   0.
-1.9164259934773655   0.   0.   0.   52212.12275550575    0.   0.
-1.9155474666149603   0.   0.   0.   52335.85686338999    0.   0.
-1.9146689397525551   0.   0.   0.   52459.8415242141     0.   0.
-1.9137904128901497   0.   0.   0.   52584.07724533034    0.   0.
-1.9129118860277445   0.   0.   0.   52708.52973530708    0.   0.
-1.9120333591653393   0.   0.   0.   52833.136123818666   0.   0.
-1.911154832302934    0.   0.   0.   52957.9948315776     0.   0.
-1.9102763054405287   0.   0.   0.   53083.106369512694   0.   0.
-1.9093977785781233   0.   0.   0.   53208.441048077875   0.   0.
-1.9085192517157181   0.   0.   0.   53333.92896328656    0.   0.
-1.907640724853313    0.   0.   0.   53459.670982772644   0.   0.
-1.9067621979909075   0.   0.   0.   53585.66762107961    0.   0.
-1.9058836711285023   0.   0.   0.   53711.88758537248    0.   0.
-1.905005144266097    0.   0.   0.   53838.258249152124   0.   0.
-1.9041266174036917   0.   0.   0.   53964.88480471343    0.   0.
-1.9032480905412865   0.   0.   0.   54091.76777021945    0.   0.
-1.902369563678881    0.   0.   0.   54218.87181781383    0.   0.
-1.901491036816476    0.   0.   0.   54346.13456984245    0.   0.
-1.9006125099540707   0.   0.   0.   54473.65502006926    0.   0.
-1.8997339830916653   0.   0.   0.   54601.43369031517    0.   0.
-1.89885545622926     0.   0.   0.   54729.425171144314   0.   0.
-1.8979769293668547   0.   0.   0.   54857.583336171396   0.   0.
-1.8970984025044495   0.   0.   0.   54986.00101254552    0.   0.
-1.8962198756420443   0.   0.   0.   55114.67872575909    0.   0.
-1.895341348779639    0.   0.   0.   55243.55779206554    0.   0.
-1.8944628219172337   0.   0.   0.   55372.61877777409    0.   0.
-1.8935842950548283   0.   0.   0.   55501.94110297868    0.   0.
-1.892705768192423    0.   0.   0.   55631.52529687348    0.   0.
-1.891827241330018    0.   0.   0.   55761.29296360443    0.   0.
-1.8909487144676125   0.   0.   0.   55891.260186852174   0.   0.
-1.8900701876052073   0.   0.   0.   56021.4905846637     0.   0.
-1.8891916607428019   0.   0.   0.   56151.98468994921    0.   0.
-1.8883131338803967   0.   0.   0.   56282.64190049498    0.   0.
-1.8874346070179915   0.   0.   0.   56413.52286247559    0.   0.
-1.886556080155586    0.   0.   0.   56544.66884927726    0.   0.
-1.8856775532931809   0.   0.   0.   56676.08039755672    0.   0.
-1.8847990264307757   0.   0.   0.   56807.62691141771    0.   0.
-1.8839204995683703   0.   0.   0.   56939.42511980322    0.   0.
-1.883041972705965    0.   0.   0.   57071.490210369746   0.   0.
-1.8821634458435597   0.   0.   0.   57203.80616852482    0.   0.
-1.8812849189811545   0.   0.   0.   57336.26301605148    0.   0.
-1.8804063921187493   0.   0.   0.   57468.988079457515   0.   0.
-1.8795278652563439   0.   0.   0.   57601.9819018614     0.   0.
-1.8786493383939387   0.   0.   0.   57735.191961195225   0.   0.
-1.8777708115315332   0.   0.   0.   57868.577367800746   0.   0.
-1.876892284669128    0.   0.   0.   58002.232870552994   0.   0.
-1.8760137578067229   0.   0.   0.   58136.159016377846   0.   0.
-1.8751352309443174   0.   0.   0.   58270.26188016065    0.   0.
-1.8742567040819123   0.   0.   0.   58404.58149319369    0.   0.
-1.8733781772195068   0.   0.   0.   58539.17309407638    0.   0.
-1.8724996503571016   0.   0.   0.   58674.03723356508    0.   0.
-1.8716211234946964   0.   0.   0.   58809.03336340517    0.   0.
-1.870742596632291    0.   0.   0.   58944.29287583762    0.   0.
-1.8698640697698858   0.   0.   0.   59079.826279350404   0.   0.
-1.8689855429074806   0.   0.   0.   59215.59457010502    0.   0.
-1.8681070160450752   0.   0.   0.   59351.52648297355    0.   0.
-1.86722848918267     0.   0.   0.   59487.7336484864     0.   0.
-1.8663499623202646   0.   0.   0.   59624.21662401103    0.   0.
-1.8654714354578594   0.   0.   0.   59760.880432372614   0.   0.
-1.8645929085954542   0.   0.   0.   59897.76183112945    0.   0.
-1.8637143817330488   0.   0.   0.   60034.920405173376   0.   0.
-1.8628358548706436   0.   0.   0.   60172.35671576496    0.   0.
