

--------- #nue_app ---------
	
0.0625	   0.0412414	           0	
0.1875	    0.304339	           0	
0.3125	    0.453565	   0.0266509	
0.4375	     1.16189	   0.0283341	
0.5625	     1.58577	           0	
0.6875	     3.19353	   0.0407915	
0.8125	     4.23032	   0.0672363	
0.9375	      4.1146	    0.157032	
 1.062	     4.99027	           0	
 1.188	     4.95745	    0.116438	
 1.312	     6.42109	    0.100832	
 1.438	     7.93231	   0.0513931	
 1.562	     12.2429	   0.0581516	
 1.688	     15.3366	   0.0644862	
 1.812	     19.3556	    0.113518	
 1.938	      24.572	    0.135361	
 2.062	     27.7409	     0.15659	
 2.188	     30.2098	    0.169936	
 2.312	     31.3051	      0.1989	
 2.438	     39.3578	    0.209558	
 2.562	     40.5259	    0.266047	
 2.688	     40.4675	    0.286536	
 2.812	     38.2031	    0.262797	
 2.938	     41.4357	    0.318408	
 3.062	     36.3979	    0.313159	
 3.188	     37.9528	    0.307892	
 3.312	     33.1705	    0.241587	
 3.438	     30.9365	    0.222906	
 3.562	     28.0689	    0.180877	
 3.688	     26.4033	    0.167451	
 3.812	     20.9653	    0.219588	
 3.938	     19.2546	    0.245066	
 4.062	     15.9235	    0.157024	
 4.188	      16.109	    0.228091	
 4.312	     12.1442	    0.149898	
 4.438	      11.023	    0.212964	
 4.562	     8.83652	    0.202933	
 4.688	     7.79909	    0.151953	
 4.812	     6.00785	    0.128279	
 4.938	     4.58974	    0.138727	
 5.062	     3.96631	    0.118019	
 5.188	     3.74404	     0.13479	
 5.312	     2.92656	    0.149202	
 5.438	     2.29062	    0.135128	
 5.562	     1.91862	    0.144133	
 5.688	     1.70659	    0.117054	
 5.812	     1.19151	    0.120607	
 5.938	     1.29107	    0.126387	
 6.062	      1.0743	   0.0857629	
 6.188	    0.818813	    0.156339	
 6.312	    0.649659	   0.0616741	
 6.438	    0.833549	           0	
 6.562	    0.781553	   0.0700841	
 6.688	    0.496884	   0.0525278	
 6.812	    0.415001	           0	
 6.938	    0.314951	   0.0496429	
 7.062	    0.416336	    0.065225	
 7.188	    0.344748	   0.0712459	
 7.312	    0.298623	   0.0747649	
 7.438	     0.21633	   0.0588892	
 7.562	    0.253593	   0.0247823	
 7.688	    0.225793	   0.0611904	
 7.812	    0.249794	           0	
 7.938	    0.130693	   0.0185776	
   8.5	      1.1755	    0.316649	
   9.5	    0.865096	   0.0936075	
    11	    0.929118	   0.0882656	
    13	    0.448257	   0.0747524	
    15	    0.200389	   0.0160077	
    17	    0.132088	   0.0303429	
    19	   0.0815038	           0	
--------------------------------------
Total:	      746.11	     8.61304	
	
0.0625	           0	           0	           0	           0	           0	           0	           0	           0	
0.1875	           0	           0	           0	           0	   0.0955893	           0	           0	           0	
0.3125	           0	           0	           0	           0	           0	           0	    0.194297	           0	
0.4375	           0	           0	           0	           0	    0.145264	           0	    0.982017	           0	
0.5625	      1.9337	           0	           0	           0	     0.08945	           0	     2.33867	           0	
0.6875	     1.47506	           0	           0	           0	    0.395456	    0.053254	      1.3778	           0	
0.8125	           0	           0	           0	           0	    0.213167	    0.090496	     1.37128	           0	
0.9375	     1.89889	           0	    0.399128	           0	    0.323442	           0	     3.74307	           0	
 1.062	     3.64882	           0	           0	           0	    0.594105	           0	     3.30782	           0	
 1.188	      3.1347	           0	    0.339958	           0	    0.393577	    0.076334	     5.54821	    0.332265	
 1.312	    0.714467	           0	    0.307411	           0	    0.974963	           0	     3.91672	           0	
 1.438	     3.40091	           0	     1.01915	           0	    0.450837	           0	     3.88823	    0.643481	
 1.562	     2.86409	           0	    0.436849	           0	     1.11315	    0.168747	     4.60118	           0	
 1.688	     1.09173	    0.119977	    0.766831	           0	    0.975312	           0	     5.34532	           0	
 1.812	     2.67587	           0	    0.712499	           0	     1.74544	           0	     5.56793	    0.764717	
 1.938	     3.93175	   0.0701189	    0.993277	           0	     1.18188	    0.208957	     6.08682	           0	
 2.062	     1.15877	           0	    0.314575	           0	     1.59843	    0.104683	     4.46421	     0.48543	
 2.188	     2.90069	    0.242956	    0.476573	           0	     1.68897	     0.13486	     6.89085	           0	
 2.312	     1.63448	           0	    0.787151	           0	     1.26162	    0.234086	     5.61784	    0.330099	
 2.438	     3.35094	           0	    0.628836	           0	     1.27117	    0.194679	     5.67568	    0.941967	
 2.562	     2.99059	           0	    0.825599	           0	    0.800262	           0	     5.59291	    0.329968	
 2.688	     3.03894	    0.150966	    0.864525	           0	     1.29272	           0	     4.28229	    0.239098	
 2.812	    0.823451	           0	    0.980844	           0	     1.86584	           0	     6.03794	    0.320898	
 2.938	     4.78447	    0.279064	    0.566239	           0	      1.6634	    0.168743	     4.59387	    0.319793	
 3.062	     1.49247	           0	     1.72689	           0	    0.978373	     0.28111	     3.97194	           0	
 3.188	     1.99086	    0.243613	    0.827043	           0	     1.72577	           0	     4.64276	    0.768093	
 3.312	      2.6443	           0	     1.01115	           0	     1.01375	           0	     3.70274	    0.641747	
 3.438	     4.31137	     0.18579	    0.912708	           0	     1.42828	    0.282471	     2.29393	           0	
 3.562	     3.96267	           0	    0.854435	           0	     1.18703	           0	     2.61053	           0	
 3.688	     4.18954	           0	    0.910853	           0	    0.300507	           0	     2.07719	    0.319628	
 3.812	     2.07918	           0	    0.925115	           0	    0.397777	           0	     1.81805	           0	
 3.938	     3.31182	   0.0543876	    0.897198	           0	    0.765925	     0.24261	     1.17147	    0.775178	
 4.062	    0.522398	    0.381917	    0.468698	           0	    0.788331	           0	      1.4315	    0.501617	
 4.188	     1.52086	    0.230868	           0	           0	    0.612085	           0	     1.87751	           0	
 4.312	     2.49288	           0	    0.710439	           0	    0.790419	           0	    0.958755	    0.513583	
 4.438	     3.28743	           0	    0.754586	           0	    0.553765	           0	     1.18949	           0	
 4.562	     2.90388	    0.420559	    0.547793	           0	     0.45573	    0.169413	    0.851416	           0	
 4.688	     4.00627	           0	           0	           0	    0.395347	    0.113891	     1.33603	    0.449284	
 4.812	     1.55741	           0	    0.283941	           0	    0.435548	           0	    0.712786	           0	
 4.938	     3.81713	           0	           0	           0	    0.263822	   0.0673381	    0.409536	           0	
 5.062	     2.07763	           0	           0	           0	    0.450332	    0.137548	     1.10721	           0	
 5.188	     1.75026	           0	           0	           0	    0.602592	           0	     0.15476	           0	
 5.312	     1.26778	    0.274675	           0	           0	    0.242325	           0	    0.404455	           0	
 5.438	           0	           0	           0	           0	    0.192737	    0.104422	    0.725308	           0	
 5.562	           0	           0	           0	           0	     0.22561	    0.198855	    0.666573	           0	
 5.688	     3.37144	           0	    0.350565	           0	    0.346944	           0	    0.811578	           0	
 5.812	     1.75858	           0	           0	           0	     0.20683	     0.13204	    0.259117	           0	
 5.938	     3.09879	           0	           0	           0	    0.143979	   0.0901286	    0.262924	           0	
 6.062	     1.99228	           0	           0	           0	    0.252299	           0	    0.586449	           0	
 6.188	     2.43446	           0	           0	           0	     0.12223	           0	    0.552923	           0	
 6.312	      5.2376	           0	           0	           0	    0.156978	           0	    0.578429	           0	
 6.438	     2.12926	    0.480668	           0	           0	   0.0337495	           0	    0.410493	           0	
 6.562	    0.402509	           0	     0.41517	           0	    0.218888	           0	    0.151385	           0	
 6.688	    0.525996	    0.936129	           0	           0	   0.0643616	   0.0584264	    0.674731	           0	
 6.812	     2.42684	    0.271091	           0	           0	   0.0646122	           0	    0.154907	           0	
 6.938	     2.41304	    0.276086	           0	           0	    0.128535	           0	    0.134445	           0	
 7.062	     2.78844	           0	           0	           0	    0.112353	           0	    0.163235	           0	
 7.188	     1.19666	           0	           0	           0	    0.178182	           0	    0.143974	           0	
 7.312	     1.08848	    0.196583	           0	           0	   0.0984988	           0	    0.584322	           0	
 7.438	     2.14118	    0.550044	           0	           0	   0.0614871	      0.0314	    0.140222	           0	
 7.562	           0	           0	           0	           0	    0.125635	           0	    0.403862	           0	
 7.688	           0	           0	           0	           0	   0.0304714	   0.0568103	    0.279468	           0	
 7.812	    0.801592	           0	           0	           0	   0.0549324	    0.019162	    0.166105	           0	
 7.938	      1.4314	           0	           0	           0	   0.0701668	           0	    0.172069	           0	
   8.5	     3.72822	    0.652225	           0	           0	    0.385595	   0.0509751	    0.634861	    0.445836	
   9.5	     7.23592	    0.712703	           0	           0	    0.264892	   0.0366955	    0.305119	           0	
    11	     7.18187	           0	           0	           0	     0.29929	    0.077351	     0.15592	    0.555248	
    13	     5.37806	      4.8908	           0	           0	    0.141384	   0.0397952	           0	           0	
    15	    0.879654	     1.31203	           0	           0	   0.0360612	           0	           0	           0	
    17	     1.61733	           0	           0	           0	  0.00993796	           0	           0	           0	
    19	     1.29476	           0	           0	           0	   0.0265398	           0	           0	           0	
--------------------------------------------------------------------------------------------------------------------------------------
Total:	     159.193	     12.9333	      22.016	           0	     37.5749	     3.62528	     133.265	     9.67793	

	
--------- #nuebar_app ---------
	
0.0625	           0	           0	
0.1875	           0	           0	
0.3125	           0	           0	
0.4375	           0	           0	
0.5625	           0	           0	
0.6875	           0	           0	
0.8125	           0	           0	
0.9375	           0	           0	
 1.062	           0	           0	
 1.188	           0	           0	
 1.312	           0	           0	
 1.438	           0	           0	
 1.562	           0	           0	
 1.688	           0	           0	
 1.812	           0	           0	
 1.938	           0	           0	
 2.062	           0	           0	
 2.188	           0	           0	
 2.312	           0	           0	
 2.438	           0	           0	
 2.562	           0	           0	
 2.688	           0	           0	
 2.812	           0	           0	
 2.938	           0	           0	
 3.062	           0	           0	
 3.188	           0	           0	
 3.312	           0	           0	
 3.438	           0	           0	
 3.562	           0	           0	
 3.688	           0	           0	
 3.812	           0	           0	
 3.938	           0	           0	
 4.062	           0	           0	
 4.188	           0	           0	
 4.312	           0	           0	
 4.438	           0	           0	
 4.562	           0	           0	
 4.688	           0	           0	
 4.812	           0	           0	
 4.938	           0	           0	
 5.062	           0	           0	
 5.188	           0	           0	
 5.312	           0	           0	
 5.438	           0	           0	
 5.562	           0	           0	
 5.688	           0	           0	
 5.812	           0	           0	
 5.938	           0	           0	
 6.062	           0	           0	
 6.188	           0	           0	
 6.312	           0	           0	
 6.438	           0	           0	
 6.562	           0	           0	
 6.688	           0	           0	
 6.812	           0	           0	
 6.938	           0	           0	
 7.062	           0	           0	
 7.188	           0	           0	
 7.312	           0	           0	
 7.438	           0	           0	
 7.562	           0	           0	
 7.688	           0	           0	
 7.812	           0	           0	
 7.938	           0	           0	
   8.5	           0	           0	
   9.5	           0	           0	
    11	           0	           0	
    13	           0	           0	
    15	           0	           0	
    17	           0	           0	
    19	           0	           0	
--------------------------------------
Total:	           0	           0	
	
0.0625	           0	           0	           0	           0	           0	           0	           0	           0	
0.1875	           0	           0	           0	           0	           0	           0	           0	           0	
0.3125	           0	           0	           0	           0	           0	           0	           0	           0	
0.4375	           0	           0	           0	           0	           0	           0	           0	           0	
0.5625	           0	           0	           0	           0	           0	           0	           0	           0	
0.6875	           0	           0	           0	           0	           0	           0	           0	           0	
0.8125	           0	           0	           0	           0	           0	           0	           0	           0	
0.9375	           0	           0	           0	           0	           0	           0	           0	           0	
 1.062	           0	           0	           0	           0	           0	           0	           0	           0	
 1.188	           0	           0	           0	           0	           0	           0	           0	           0	
 1.312	           0	           0	           0	           0	           0	           0	           0	           0	
 1.438	           0	           0	           0	           0	           0	           0	           0	           0	
 1.562	           0	           0	           0	           0	           0	           0	           0	           0	
 1.688	           0	           0	           0	           0	           0	           0	           0	           0	
 1.812	           0	           0	           0	           0	           0	           0	           0	           0	
 1.938	           0	           0	           0	           0	           0	           0	           0	           0	
 2.062	           0	           0	           0	           0	           0	           0	           0	           0	
 2.188	           0	           0	           0	           0	           0	           0	           0	           0	
 2.312	           0	           0	           0	           0	           0	           0	           0	           0	
 2.438	           0	           0	           0	           0	           0	           0	           0	           0	
 2.562	           0	           0	           0	           0	           0	           0	           0	           0	
 2.688	           0	           0	           0	           0	           0	           0	           0	           0	
 2.812	           0	           0	           0	           0	           0	           0	           0	           0	
 2.938	           0	           0	           0	           0	           0	           0	           0	           0	
 3.062	           0	           0	           0	           0	           0	           0	           0	           0	
 3.188	           0	           0	           0	           0	           0	           0	           0	           0	
 3.312	           0	           0	           0	           0	           0	           0	           0	           0	
 3.438	           0	           0	           0	           0	           0	           0	           0	           0	
 3.562	           0	           0	           0	           0	           0	           0	           0	           0	
 3.688	           0	           0	           0	           0	           0	           0	           0	           0	
 3.812	           0	           0	           0	           0	           0	           0	           0	           0	
 3.938	           0	           0	           0	           0	           0	           0	           0	           0	
 4.062	           0	           0	           0	           0	           0	           0	           0	           0	
 4.188	           0	           0	           0	           0	           0	           0	           0	           0	
 4.312	           0	           0	           0	           0	           0	           0	           0	           0	
 4.438	           0	           0	           0	           0	           0	           0	           0	           0	
 4.562	           0	           0	           0	           0	           0	           0	           0	           0	
 4.688	           0	           0	           0	           0	           0	           0	           0	           0	
 4.812	           0	           0	           0	           0	           0	           0	           0	           0	
 4.938	           0	           0	           0	           0	           0	           0	           0	           0	
 5.062	           0	           0	           0	           0	           0	           0	           0	           0	
 5.188	           0	           0	           0	           0	           0	           0	           0	           0	
 5.312	           0	           0	           0	           0	           0	           0	           0	           0	
 5.438	           0	           0	           0	           0	           0	           0	           0	           0	
 5.562	           0	           0	           0	           0	           0	           0	           0	           0	
 5.688	           0	           0	           0	           0	           0	           0	           0	           0	
 5.812	           0	           0	           0	           0	           0	           0	           0	           0	
 5.938	           0	           0	           0	           0	           0	           0	           0	           0	
 6.062	           0	           0	           0	           0	           0	           0	           0	           0	
 6.188	           0	           0	           0	           0	           0	           0	           0	           0	
 6.312	           0	           0	           0	           0	           0	           0	           0	           0	
 6.438	           0	           0	           0	           0	           0	           0	           0	           0	
 6.562	           0	           0	           0	           0	           0	           0	           0	           0	
 6.688	           0	           0	           0	           0	           0	           0	           0	           0	
 6.812	           0	           0	           0	           0	           0	           0	           0	           0	
 6.938	           0	           0	           0	           0	           0	           0	           0	           0	
 7.062	           0	           0	           0	           0	           0	           0	           0	           0	
 7.188	           0	           0	           0	           0	           0	           0	           0	           0	
 7.312	           0	           0	           0	           0	           0	           0	           0	           0	
 7.438	           0	           0	           0	           0	           0	           0	           0	           0	
 7.562	           0	           0	           0	           0	           0	           0	           0	           0	
 7.688	           0	           0	           0	           0	           0	           0	           0	           0	
 7.812	           0	           0	           0	           0	           0	           0	           0	           0	
 7.938	           0	           0	           0	           0	           0	           0	           0	           0	
   8.5	           0	           0	           0	           0	           0	           0	           0	           0	
   9.5	           0	           0	           0	           0	           0	           0	           0	           0	
    11	           0	           0	           0	           0	           0	           0	           0	           0	
    13	           0	           0	           0	           0	           0	           0	           0	           0	
    15	           0	           0	           0	           0	           0	           0	           0	           0	
    17	           0	           0	           0	           0	           0	           0	           0	           0	
    19	           0	           0	           0	           0	           0	           0	           0	           0	
--------------------------------------------------------------------------------------------------------------------------------------
Total:	           0	           0	           0	           0	           0	           0	           0	           0	

	
--------- #numu_dis ---------
	
0.0625	     4.91927	           0	
0.1875	     14.4755	     1.81557	
0.3125	     27.2438	           0	
0.4375	     39.8184	    0.534474	
0.5625	     51.8883	     1.37006	
0.6875	     70.9749	     1.23312	
0.8125	     102.675	     1.71557	
0.9375	     171.322	     4.17399	
 1.062	     216.333	      5.2673	
 1.188	     273.709	     3.99937	
 1.312	     255.811	      6.3367	
 1.438	     287.026	     6.86142	
 1.562	     270.291	     5.22234	
 1.688	     213.706	     5.13445	
 1.812	     196.707	     4.00929	
 1.938	     174.388	     3.54151	
 2.062	     134.258	     2.96914	
 2.188	     112.939	     1.96532	
 2.312	     96.4982	     2.37872	
 2.438	     72.8321	     1.70781	
 2.562	     78.2259	     1.76055	
 2.688	     70.2243	     1.58717	
 2.812	     78.5048	     2.04425	
 2.938	     75.3802	     1.98616	
 3.062	     83.3334	     2.19104	
 3.188	     95.1864	     2.17238	
 3.312	      107.72	     3.61904	
 3.438	     109.577	     2.60079	
 3.562	     114.188	     3.78527	
 3.688	     113.809	     2.74225	
 3.812	     117.997	     4.67437	
 3.938	     121.502	     4.63351	
 4.062	     117.306	     4.79156	
 4.188	     119.157	     4.47761	
 4.312	     122.878	     5.64063	
 4.438	     112.302	     6.08523	
 4.562	     97.3268	     5.62512	
 4.688	     98.7181	     4.14649	
 4.812	     93.9335	     5.50049	
 4.938	     80.2745	     5.59799	
 5.062	     85.7197	     6.81426	
 5.188	     75.9226	      5.1891	
 5.312	     70.5385	     4.10334	
 5.438	     63.7166	     7.69588	
 5.562	     65.2707	      7.3695	
 5.688	     49.4667	     5.43945	
 5.812	      52.115	     5.09406	
 5.938	     46.0061	     6.10403	
 6.062	     47.8084	     3.68874	
 6.188	     36.5462	     6.37842	
 6.312	     40.9285	     5.10943	
 6.438	     35.8177	     5.05069	
 6.562	     37.9818	     5.94193	
 6.688	     36.5643	     6.28721	
 6.812	     29.8708	     6.74847	
 6.938	     31.2455	     5.53766	
 7.062	     27.7863	     3.60155	
 7.188	     28.7453	     4.44701	
 7.312	     28.9292	     1.88163	
 7.438	     31.6659	      4.5832	
 7.562	     27.8755	     5.12408	
 7.688	     24.5202	     3.19093	
 7.812	     24.7196	     4.03531	
 7.938	     24.1681	     3.72305	
   8.5	     221.751	     46.2115	
   9.5	     263.404	     53.8799	
    11	     425.065	     82.9776	
    13	     308.034	     44.5735	
    15	     198.749	     22.2555	
    17	     138.534	      14.571	
    19	     107.872	     11.4745	
--------------------------------------
Total:	      7482.7	      534.98	
	
0.0625	           0	           0	    0.194638	  0.00806798	
0.1875	    0.172082	           0	     1.36957	   0.0522737	
0.3125	    0.292048	           0	     3.50015	    0.129738	
0.4375	    0.308707	           0	     4.31454	    0.166348	
0.5625	    0.137288	           0	     6.25898	    0.224863	
0.6875	    0.477309	   0.0799112	     5.67721	    0.202925	
0.8125	     1.29217	           0	     6.65945	    0.236253	
0.9375	    0.473405	    0.226681	     8.63606	    0.296666	
 1.062	     0.79639	           0	     9.93813	    0.316371	
 1.188	      1.1303	    0.091144	     6.99625	    0.239553	
 1.312	     1.40554	    0.332774	     8.23025	    0.268603	
 1.438	     0.98609	   0.0982566	     10.6796	    0.371636	
 1.562	     1.07502	           0	     10.1881	    0.334189	
 1.688	     1.89147	    0.146514	      10.791	    0.295698	
 1.812	     1.41949	           0	     10.4982	    0.359934	
 1.938	     1.50814	           0	     7.47258	    0.266738	
 2.062	     1.43842	           0	     8.41994	    0.283127	
 2.188	     1.12161	           0	     8.47587	    0.270352	
 2.312	     1.80061	    0.245842	     5.95617	    0.213314	
 2.438	      1.1911	           0	     7.34941	    0.273573	
 2.562	     2.70494	           0	     6.55708	    0.262352	
 2.688	     1.05516	    0.193425	     6.03781	    0.255586	
 2.812	     1.37428	    0.113388	     3.66527	    0.175483	
 2.938	      1.3149	           0	     5.03835	    0.183113	
 3.062	     1.59525	    0.219238	     3.85929	    0.181397	
 3.188	     1.99954	           0	     4.14114	    0.201947	
 3.312	      1.0781	    0.354655	     3.71544	    0.145826	
 3.438	     1.97721	     0.10493	     3.23548	    0.152897	
 3.562	    0.997896	           0	     3.05285	    0.180313	
 3.688	     1.39723	           0	     2.46168	    0.140573	
 3.812	     1.32288	           0	     3.42808	    0.189725	
 3.938	    0.846922	     0.24581	     1.30225	   0.0981168	
 4.062	     1.15562	   0.0971317	     1.00502	   0.0670723	
 4.188	    0.795975	    0.134403	     1.28251	    0.082571	
 4.312	    0.510768	           0	    0.972578	   0.0754819	
 4.438	     1.35216	           0	     0.95821	   0.0937101	
 4.562	      1.0574	     0.15198	     1.42552	   0.0956309	
 4.688	     1.01514	    0.522575	    0.805833	   0.0731849	
 4.812	    0.529426	    0.305556	     1.15138	    0.113583	
 4.938	    0.733377	   0.0534711	     1.26348	    0.130362	
 5.062	      1.4405	    0.156364	    0.325756	   0.0260308	
 5.188	     0.95532	           0	    0.607054	   0.0630779	
 5.312	    0.738026	     0.12062	    0.693289	   0.0580063	
 5.438	    0.565946	    0.151739	    0.437049	   0.0565618	
 5.562	    0.107569	           0	    0.655286	    0.077798	
 5.688	     0.68878	           0	    0.306408	   0.0329236	
 5.812	    0.404285	           0	     0.71078	   0.0704398	
 5.938	    0.533577	   0.0789193	    0.458389	    0.076587	
 6.062	    0.134197	           0	    0.281712	   0.0332809	
 6.188	    0.323731	    0.118499	    0.133419	   0.0166978	
 6.312	    0.427933	           0	    0.830481	   0.0802972	
 6.438	    0.742588	           0	    0.587656	   0.0648334	
 6.562	    0.305393	    0.255541	    0.285356	   0.0494838	
 6.688	    0.664918	           0	    0.292765	   0.0292039	
 6.812	     0.47495	   0.0534119	    0.489632	   0.0605556	
 6.938	    0.569751	   0.0979657	    0.299644	   0.0236455	
 7.062	    0.441716	           0	    0.117725	   0.0156441	
 7.188	    0.108631	           0	     0.45541	   0.0431919	
 7.312	    0.152242	   0.0477503	    0.275736	   0.0343568	
 7.438	    0.233592	   0.0591261	    0.251039	   0.0363089	
 7.562	    0.143394	           0	    0.654328	   0.0555966	
 7.688	    0.174495	   0.0391866	    0.281001	   0.0339935	
 7.812	    0.169076	           0	    0.140484	   0.0149231	
 7.938	    0.130703	           0	    0.277294	   0.0233401	
   8.5	     1.42236	    0.253677	     1.24602	    0.153315	
   9.5	     0.93217	    0.297774	     1.50352	    0.171926	
    11	     1.67966	    0.150049	     2.08407	    0.218237	
    13	    0.970569	    0.171234	     2.25886	    0.195317	
    15	    0.525506	           0	     1.20555	    0.123661	
    17	    0.272988	           0	    0.360659	   0.0332051	
    19	    0.143729	           0	    0.382788	   0.0249425	
----------------------------------------------------------------------
Total:	     60.3096	     5.76954	     215.855	     9.70653	

	
--------- #numubar_dis ---------
	
0.0625	           0	           0	
0.1875	           0	           0	
0.3125	           0	           0	
0.4375	           0	           0	
0.5625	           0	           0	
0.6875	           0	           0	
0.8125	           0	           0	
0.9375	           0	           0	
 1.062	           0	           0	
 1.188	           0	           0	
 1.312	           0	           0	
 1.438	           0	           0	
 1.562	           0	           0	
 1.688	           0	           0	
 1.812	           0	           0	
 1.938	           0	           0	
 2.062	           0	           0	
 2.188	           0	           0	
 2.312	           0	           0	
 2.438	           0	           0	
 2.562	           0	           0	
 2.688	           0	           0	
 2.812	           0	           0	
 2.938	           0	           0	
 3.062	           0	           0	
 3.188	           0	           0	
 3.312	           0	           0	
 3.438	           0	           0	
 3.562	           0	           0	
 3.688	           0	           0	
 3.812	           0	           0	
 3.938	           0	           0	
 4.062	           0	           0	
 4.188	           0	           0	
 4.312	           0	           0	
 4.438	           0	           0	
 4.562	           0	           0	
 4.688	           0	           0	
 4.812	           0	           0	
 4.938	           0	           0	
 5.062	           0	           0	
 5.188	           0	           0	
 5.312	           0	           0	
 5.438	           0	           0	
 5.562	           0	           0	
 5.688	           0	           0	
 5.812	           0	           0	
 5.938	           0	           0	
 6.062	           0	           0	
 6.188	           0	           0	
 6.312	           0	           0	
 6.438	           0	           0	
 6.562	           0	           0	
 6.688	           0	           0	
 6.812	           0	           0	
 6.938	           0	           0	
 7.062	           0	           0	
 7.188	           0	           0	
 7.312	           0	           0	
 7.438	           0	           0	
 7.562	           0	           0	
 7.688	           0	           0	
 7.812	           0	           0	
 7.938	           0	           0	
   8.5	           0	           0	
   9.5	           0	           0	
    11	           0	           0	
    13	           0	           0	
    15	           0	           0	
    17	           0	           0	
    19	           0	           0	
--------------------------------------
Total:	           0	           0	
	
0.0625	           0	           0	           0	           0	
0.1875	           0	           0	           0	           0	
0.3125	           0	           0	           0	           0	
0.4375	           0	           0	           0	           0	
0.5625	           0	           0	           0	           0	
0.6875	           0	           0	           0	           0	
0.8125	           0	           0	           0	           0	
0.9375	           0	           0	           0	           0	
 1.062	           0	           0	           0	           0	
 1.188	           0	           0	           0	           0	
 1.312	           0	           0	           0	           0	
 1.438	           0	           0	           0	           0	
 1.562	           0	           0	           0	           0	
 1.688	           0	           0	           0	           0	
 1.812	           0	           0	           0	           0	
 1.938	           0	           0	           0	           0	
 2.062	           0	           0	           0	           0	
 2.188	           0	           0	           0	           0	
 2.312	           0	           0	           0	           0	
 2.438	           0	           0	           0	           0	
 2.562	           0	           0	           0	           0	
 2.688	           0	           0	           0	           0	
 2.812	           0	           0	           0	           0	
 2.938	           0	           0	           0	           0	
 3.062	           0	           0	           0	           0	
 3.188	           0	           0	           0	           0	
 3.312	           0	           0	           0	           0	
 3.438	           0	           0	           0	           0	
 3.562	           0	           0	           0	           0	
 3.688	           0	           0	           0	           0	
 3.812	           0	           0	           0	           0	
 3.938	           0	           0	           0	           0	
 4.062	           0	           0	           0	           0	
 4.188	           0	           0	           0	           0	
 4.312	           0	           0	           0	           0	
 4.438	           0	           0	           0	           0	
 4.562	           0	           0	           0	           0	
 4.688	           0	           0	           0	           0	
 4.812	           0	           0	           0	           0	
 4.938	           0	           0	           0	           0	
 5.062	           0	           0	           0	           0	
 5.188	           0	           0	           0	           0	
 5.312	           0	           0	           0	           0	
 5.438	           0	           0	           0	           0	
 5.562	           0	           0	           0	           0	
 5.688	           0	           0	           0	           0	
 5.812	           0	           0	           0	           0	
 5.938	           0	           0	           0	           0	
 6.062	           0	           0	           0	           0	
 6.188	           0	           0	           0	           0	
 6.312	           0	           0	           0	           0	
 6.438	           0	           0	           0	           0	
 6.562	           0	           0	           0	           0	
 6.688	           0	           0	           0	           0	
 6.812	           0	           0	           0	           0	
 6.938	           0	           0	           0	           0	
 7.062	           0	           0	           0	           0	
 7.188	           0	           0	           0	           0	
 7.312	           0	           0	           0	           0	
 7.438	           0	           0	           0	           0	
 7.562	           0	           0	           0	           0	
 7.688	           0	           0	           0	           0	
 7.812	           0	           0	           0	           0	
 7.938	           0	           0	           0	           0	
   8.5	           0	           0	           0	           0	
   9.5	           0	           0	           0	           0	
    11	           0	           0	           0	           0	
    13	           0	           0	           0	           0	
    15	           0	           0	           0	           0	
    17	           0	           0	           0	           0	
    19	           0	           0	           0	           0	
----------------------------------------------------------------------
Total:	           0	           0	           0	           0	


