-2.000  .1000E+03  .1000E+03  .1000E+03  .1000E+03  .1000E+03  .1000E+03
-1.950  .8913E+02  .8913E+02  .8913E+02  .8913E+02  .8913E+02  .8913E+02
-1.900  .7943E+02  .7943E+02  .7943E+02  .7943E+02  .7943E+02  .7943E+02
-1.850  .7079E+02  .7079E+02  .7079E+02  .7079E+02  .7079E+02  .7079E+02
-1.800  .6310E+02  .6310E+02  .6310E+02  .6310E+02  .6310E+02  .6310E+02
-1.750  .5623E+02  .5623E+02  .5623E+02  .5623E+02  .5623E+02  .5623E+02
-1.700  .5012E+02  .5012E+02  .5012E+02  .5012E+02  .5012E+02  .5012E+02
-1.650  .4467E+02  .4467E+02  .4467E+02  .4467E+02  .4467E+02  .4467E+02
-1.600  .3981E+02  .3981E+02  .3981E+02  .3981E+02  .3981E+02  .3981E+02
-1.550  .3548E+02  .3548E+02  .3548E+02  .3548E+02  .3548E+02  .3548E+02
-1.500  .3162E+02  .3162E+02  .3162E+02  .3162E+02  .3162E+02  .3162E+02
-1.450  .2818E+02  .2818E+02  .2818E+02  .2818E+02  .2818E+02  .2818E+02
-1.400  .2512E+02  .2512E+02  .2512E+02  .2512E+02  .2512E+02  .2512E+02
-1.350  .2239E+02  .2239E+02  .2239E+02  .2239E+02  .2239E+02  .2239E+02
-1.300  .1995E+02  .1995E+02  .1995E+02  .1995E+02  .1995E+02  .1995E+02
-1.250  .1778E+02  .1778E+02  .1778E+02  .1778E+02  .1778E+02  .1778E+02
-1.200  .1585E+02  .1585E+02  .1585E+02  .1585E+02  .1585E+02  .1585E+02
-1.150  .1413E+02  .1413E+02  .1413E+02  .1413E+02  .1413E+02  .1413E+02
-1.100  .1259E+02  .1259E+02  .1259E+02  .1259E+02  .1259E+02  .1259E+02
-1.050  .1122E+02  .1122E+02  .1122E+02  .1122E+02  .1122E+02  .1122E+02
-1.000  .1000E+02  .1000E+02  .1000E+02  .1000E+02  .1000E+02  .1000E+02
-0.950  .8913E+01  .8913E+01  .8913E+01  .8913E+01  .8913E+01  .8913E+01
-0.900  .7943E+01  .7943E+01  .7943E+01  .7943E+01  .7943E+01  .7943E+01
-0.850  .7079E+01  .7079E+01  .7079E+01  .7079E+01  .7079E+01  .7079E+01
-0.800  .6310E+01  .6310E+01  .6310E+01  .6310E+01  .6310E+01  .6310E+01
-0.750  .5623E+01  .5623E+01  .5623E+01  .5623E+01  .5623E+01  .5623E+01
-0.700  .5012E+01  .5012E+01  .5012E+01  .5012E+01  .5012E+01  .5012E+01
-0.650  .4467E+01  .4467E+01  .4467E+01  .4467E+01  .4467E+01  .4467E+01
-0.600  .3981E+01  .3981E+01  .3981E+01  .3981E+01  .3981E+01  .3981E+01
-0.550  .3548E+01  .3548E+01  .3548E+01  .3548E+01  .3548E+01  .3548E+01
-0.500  .3162E+01  .3162E+01  .3162E+01  .3162E+01  .3162E+01  .3162E+01
-0.450  .2818E+01  .2818E+01  .2818E+01  .2818E+01  .2818E+01  .2818E+01
-0.400  .2512E+01  .2512E+01  .2512E+01  .2512E+01  .2512E+01  .2512E+01
-0.350  .2239E+01  .2239E+01  .2239E+01  .2239E+01  .2239E+01  .2239E+01
-0.300  .1995E+01  .1995E+01  .1995E+01  .1995E+01  .1995E+01  .1995E+01
-0.250  .1778E+01  .1778E+01  .1778E+01  .1778E+01  .1778E+01  .1778E+01
-0.200  .1585E+01  .1585E+01  .1585E+01  .1585E+01  .1585E+01  .1585E+01
-0.150  .1413E+01  .1413E+01  .1413E+01  .1413E+01  .1413E+01  .1413E+01
-0.100  .1259E+01  .1259E+01  .1259E+01  .1259E+01  .1259E+01  .1259E+01
-0.050  .1122E+01  .1122E+01  .1122E+01  .1122E+01  .1122E+01  .1122E+01
 0.000  .1000E+01  .1000E+01  .1000E+01  .1000E+01  .1000E+01  .1000E+01
 0.050  .8913E+00  .8913E+00  .8913E+00  .8913E+00  .8913E+00  .8913E+00
 0.100  .7943E+00  .7943E+00  .7943E+00  .7943E+00  .7943E+00  .7943E+00
 0.150  .7079E+00  .7079E+00  .7079E+00  .7079E+00  .7079E+00  .7079E+00
 0.200  .6310E+00  .6310E+00  .6310E+00  .6310E+00  .6310E+00  .6310E+00
 0.250  .5623E+00  .5623E+00  .5623E+00  .5623E+00  .5623E+00  .5623E+00
 0.300  .5012E+00  .5012E+00  .5012E+00  .5012E+00  .5012E+00  .5012E+00
 0.350  .4467E+00  .4467E+00  .4467E+00  .4467E+00  .4467E+00  .4467E+00
 0.400  .3981E+00  .3981E+00  .3981E+00  .3981E+00  .3981E+00  .3981E+00
 0.450  .3548E+00  .3548E+00  .3548E+00  .3548E+00  .3548E+00  .3548E+00
 0.500  .3162E+00  .3162E+00  .3162E+00  .3162E+00  .3162E+00  .3162E+00
 0.550  .2818E+00  .2818E+00  .2818E+00  .2818E+00  .2818E+00  .2818E+00
 0.600  .2512E+00  .2512E+00  .2512E+00  .2512E+00  .2512E+00  .2512E+00
 0.650  .2239E+00  .2239E+00  .2239E+00  .2239E+00  .2239E+00  .2239E+00
 0.700  .1995E+00  .1995E+00  .1995E+00  .1995E+00  .1995E+00  .1995E+00
 0.750  .1778E+00  .1778E+00  .1778E+00  .1778E+00  .1778E+00  .1778E+00
 0.800  .1585E+00  .1585E+00  .1585E+00  .1585E+00  .1585E+00  .1585E+00
 0.850  .1413E+00  .1413E+00  .1413E+00  .1413E+00  .1413E+00  .1413E+00
 0.900  .1259E+00  .1259E+00  .1259E+00  .1259E+00  .1259E+00  .1259E+00
 0.950  .1122E+00  .1122E+00  .1122E+00  .1122E+00  .1122E+00  .1122E+00
 1.000  .1000E+00  .1000E+00  .1000E+00  .1000E+00  .1000E+00  .1000E+00
 1.050  .8913E-01  .8913E-01  .8913E-01  .8913E-01  .8913E-01  .8913E-01
 1.100  .7943E-01  .7943E-01  .7943E-01  .7943E-01  .7943E-01  .7943E-01
 1.150  .7079E-01  .7079E-01  .7079E-01  .7079E-01  .7079E-01  .7079E-01
 1.200  .6310E-01  .6310E-01  .6310E-01  .6310E-01  .6310E-01  .6310E-01
 1.250  .5623E-01  .5623E-01  .5623E-01  .5623E-01  .5623E-01  .5623E-01
 1.300  .5012E-01  .5012E-01  .5012E-01  .5012E-01  .5012E-01  .5012E-01
 1.350  .4467E-01  .4467E-01  .4467E-01  .4467E-01  .4467E-01  .4467E-01
 1.400  .3981E-01  .3981E-01  .3981E-01  .3981E-01  .3981E-01  .3981E-01
 1.450  .3548E-01  .3548E-01  .3548E-01  .3548E-01  .3548E-01  .3548E-01
 1.500  .3162E-01  .3162E-01  .3162E-01  .3162E-01  .3162E-01  .3162E-01
 1.550  .2818E-01  .2818E-01  .2818E-01  .2818E-01  .2818E-01  .2818E-01
 1.600  .2512E-01  .2512E-01  .2512E-01  .2512E-01  .2512E-01  .2512E-01
 1.650  .2239E-01  .2239E-01  .2239E-01  .2239E-01  .2239E-01  .2239E-01
 1.700  .1995E-01  .1995E-01  .1995E-01  .1995E-01  .1995E-01  .1995E-01
 1.750  .1778E-01  .1778E-01  .1778E-01  .1778E-01  .1778E-01  .1778E-01
 1.800  .1585E-01  .1585E-01  .1585E-01  .1585E-01  .1585E-01  .1585E-01
 1.850  .1413E-01  .1413E-01  .1413E-01  .1413E-01  .1413E-01  .1413E-01
 1.900  .1259E-01  .1259E-01  .1259E-01  .1259E-01  .1259E-01  .1259E-01
 1.950  .1122E-01  .1122E-01  .1122E-01  .1122E-01  .1122E-01  .1122E-01
 2.000  .1000E-01  .1000E-01  .1000E-01  .1000E-01  .1000E-01  .1000E-01
 2.050  .8913E-02  .8913E-02  .8913E-02  .8913E-02  .8913E-02  .8913E-02
 2.100  .7943E-02  .7943E-02  .7943E-02  .7943E-02  .7943E-02  .7943E-02
 2.150  .7079E-02  .7079E-02  .7079E-02  .7079E-02  .7079E-02  .7079E-02
 2.200  .6310E-02  .6310E-02  .6310E-02  .6310E-02  .6310E-02  .6310E-02
 2.250  .5623E-02  .5623E-02  .5623E-02  .5623E-02  .5623E-02  .5623E-02
 2.300  .5012E-02  .5012E-02  .5012E-02  .5012E-02  .5012E-02  .5012E-02
 2.350  .4467E-02  .4467E-02  .4467E-02  .4467E-02  .4467E-02  .4467E-02
 2.400  .3981E-02  .3981E-02  .3981E-02  .3981E-02  .3981E-02  .3981E-02
 2.450  .3548E-02  .3548E-02  .3548E-02  .3548E-02  .3548E-02  .3548E-02
 2.500  .3162E-02  .3162E-02  .3162E-02  .3162E-02  .3162E-02  .3162E-02
 2.550  .2818E-02  .2818E-02  .2818E-02  .2818E-02  .2818E-02  .2818E-02
 2.600  .2512E-02  .2512E-02  .2512E-02  .2512E-02  .2512E-02  .2512E-02
 2.650  .2239E-02  .2239E-02  .2239E-02  .2239E-02  .2239E-02  .2239E-02
 2.700  .1995E-02  .1995E-02  .1995E-02  .1995E-02  .1995E-02  .1995E-02
 2.750  .1778E-02  .1778E-02  .1778E-02  .1778E-02  .1778E-02  .1778E-02
 2.800  .1585E-02  .1585E-02  .1585E-02  .1585E-02  .1585E-02  .1585E-02
 2.850  .1413E-02  .1413E-02  .1413E-02  .1413E-02  .1413E-02  .1413E-02
 2.900  .1259E-02  .1259E-02  .1259E-02  .1259E-02  .1259E-02  .1259E-02
 2.950  .1122E-02  .1122E-02  .1122E-02  .1122E-02  .1122E-02  .1122E-02
 3.000  .1000E-02  .1000E-02  .1000E-02  .1000E-02  .1000E-02  .1000E-02
 3.050  .8913E-03  .8913E-03  .8913E-03  .8913E-03  .8913E-03  .8913E-03
 3.100  .7943E-03  .7943E-03  .7943E-03  .7943E-03  .7943E-03  .7943E-03
 3.150  .7079E-03  .7079E-03  .7079E-03  .7079E-03  .7079E-03  .7079E-03
 3.200  .6310E-03  .6310E-03  .6310E-03  .6310E-03  .6310E-03  .6310E-03
 3.250  .5623E-03  .5623E-03  .5623E-03  .5623E-03  .5623E-03  .5623E-03
 3.300  .5012E-03  .5012E-03  .5012E-03  .5012E-03  .5012E-03  .5012E-03
 3.350  .4467E-03  .4467E-03  .4467E-03  .4467E-03  .4467E-03  .4467E-03
 3.400  .3981E-03  .3981E-03  .3981E-03  .3981E-03  .3981E-03  .3981E-03
 3.450  .3548E-03  .3548E-03  .3548E-03  .3548E-03  .3548E-03  .3548E-03
 3.500  .3162E-03  .3162E-03  .3162E-03  .3162E-03  .3162E-03  .3162E-03
 3.550  .2818E-03  .2818E-03  .2818E-03  .2818E-03  .2818E-03  .2818E-03
 3.600  .2512E-03  .2512E-03  .2512E-03  .2512E-03  .2512E-03  .2512E-03
 3.650  .2239E-03  .2239E-03  .2239E-03  .2239E-03  .2239E-03  .2239E-03
 3.700  .1995E-03  .1995E-03  .1995E-03  .1995E-03  .1995E-03  .1995E-03
 3.750  .1778E-03  .1778E-03  .1778E-03  .1778E-03  .1778E-03  .1778E-03
 3.800  .1585E-03  .1585E-03  .1585E-03  .1585E-03  .1585E-03  .1585E-03
 3.850  .1413E-03  .1413E-03  .1413E-03  .1413E-03  .1413E-03  .1413E-03
 3.900  .1259E-03  .1259E-03  .1259E-03  .1259E-03  .1259E-03  .1259E-03
 3.950  .1122E-03  .1122E-03  .1122E-03  .1122E-03  .1122E-03  .1122E-03
 4.000  .1000E-03  .1000E-03  .1000E-03  .1000E-03  .1000E-03  .1000E-03
 4.050  .8913E-04  .8913E-04  .8913E-04  .8913E-04  .8913E-04  .8913E-04
 4.100  .7943E-04  .7943E-04  .7943E-04  .7943E-04  .7943E-04  .7943E-04
 4.150  .7079E-04  .7079E-04  .7079E-04  .7079E-04  .7079E-04  .7079E-04
 4.200  .6310E-04  .6310E-04  .6310E-04  .6310E-04  .6310E-04  .6310E-04
 4.250  .5623E-04  .5623E-04  .5623E-04  .5623E-04  .5623E-04  .5623E-04
 4.300  .5012E-04  .5012E-04  .5012E-04  .5012E-04  .5012E-04  .5012E-04
 4.350  .4467E-04  .4467E-04  .4467E-04  .4467E-04  .4467E-04  .4467E-04
 4.400  .3981E-04  .3981E-04  .3981E-04  .3981E-04  .3981E-04  .3981E-04
 4.450  .3548E-04  .3548E-04  .3548E-04  .3548E-04  .3548E-04  .3548E-04
 4.500  .3162E-04  .3162E-04  .3162E-04  .3162E-04  .3162E-04  .3162E-04
 4.550  .2818E-04  .2818E-04  .2818E-04  .2818E-04  .2818E-04  .2818E-04
 4.600  .2512E-04  .2512E-04  .2512E-04  .2512E-04  .2512E-04  .2512E-04
 4.650  .2239E-04  .2239E-04  .2239E-04  .2239E-04  .2239E-04  .2239E-04
 4.700  .1995E-04  .1995E-04  .1995E-04  .1995E-04  .1995E-04  .1995E-04
 4.750  .1778E-04  .1778E-04  .1778E-04  .1778E-04  .1778E-04  .1778E-04
 4.800  .1585E-04  .1585E-04  .1585E-04  .1585E-04  .1585E-04  .1585E-04
 4.850  .1413E-04  .1413E-04  .1413E-04  .1413E-04  .1413E-04  .1413E-04
 4.900  .1259E-04  .1259E-04  .1259E-04  .1259E-04  .1259E-04  .1259E-04
 4.950  .1122E-04  .1122E-04  .1122E-04  .1122E-04  .1122E-04  .1122E-04
 5.000  .1000E-04  .1000E-04  .1000E-04  .1000E-04  .1000E-04  .1000E-04
 5.050  .8913E-05  .8913E-05  .8913E-05  .8913E-05  .8913E-05  .8913E-05
 5.100  .7943E-05  .7943E-05  .7943E-05  .7943E-05  .7943E-05  .7943E-05
 5.150  .7079E-05  .7079E-05  .7079E-05  .7079E-05  .7079E-05  .7079E-05
 5.200  .6310E-05  .6310E-05  .6310E-05  .6310E-05  .6310E-05  .6310E-05
 5.250  .5623E-05  .5623E-05  .5623E-05  .5623E-05  .5623E-05  .5623E-05
 5.300  .5012E-05  .5012E-05  .5012E-05  .5012E-05  .5012E-05  .5012E-05
 5.350  .4467E-05  .4467E-05  .4467E-05  .4467E-05  .4467E-05  .4467E-05
 5.400  .3981E-05  .3981E-05  .3981E-05  .3981E-05  .3981E-05  .3981E-05
 5.450  .3548E-05  .3548E-05  .3548E-05  .3548E-05  .3548E-05  .3548E-05
 5.500  .3162E-05  .3162E-05  .3162E-05  .3162E-05  .3162E-05  .3162E-05
 5.550  .2818E-05  .2818E-05  .2818E-05  .2818E-05  .2818E-05  .2818E-05
 5.600  .2512E-05  .2512E-05  .2512E-05  .2512E-05  .2512E-05  .2512E-05
 5.650  .2239E-05  .2239E-05  .2239E-05  .2239E-05  .2239E-05  .2239E-05
 5.700  .1995E-05  .1995E-05  .1995E-05  .1995E-05  .1995E-05  .1995E-05
 5.750  .1778E-05  .1778E-05  .1778E-05  .1778E-05  .1778E-05  .1778E-05
 5.800  .1585E-05  .1585E-05  .1585E-05  .1585E-05  .1585E-05  .1585E-05
 5.850  .1413E-05  .1413E-05  .1413E-05  .1413E-05  .1413E-05  .1413E-05
 5.900  .1259E-05  .1259E-05  .1259E-05  .1259E-05  .1259E-05  .1259E-05
 5.950  .1122E-05  .1122E-05  .1122E-05  .1122E-05  .1122E-05  .1122E-05
 6.000  .1000E-05  .1000E-05  .1000E-05  .1000E-05  .1000E-05  .1000E-05
 6.050  .8913E-06  .8913E-06  .8913E-06  .8913E-06  .8913E-06  .8913E-06
 6.100  .7943E-06  .7943E-06  .7943E-06  .7943E-06  .7943E-06  .7943E-06
 6.150  .7079E-06  .7079E-06  .7079E-06  .7079E-06  .7079E-06  .7079E-06
 6.200  .6310E-06  .6310E-06  .6310E-06  .6310E-06  .6310E-06  .6310E-06
 6.250  .5623E-06  .5623E-06  .5623E-06  .5623E-06  .5623E-06  .5623E-06
 6.300  .5012E-06  .5012E-06  .5012E-06  .5012E-06  .5012E-06  .5012E-06
 6.350  .4467E-06  .4467E-06  .4467E-06  .4467E-06  .4467E-06  .4467E-06
 6.400  .3981E-06  .3981E-06  .3981E-06  .3981E-06  .3981E-06  .3981E-06
 6.450  .3548E-06  .3548E-06  .3548E-06  .3548E-06  .3548E-06  .3548E-06
 6.500  .3162E-06  .3162E-06  .3162E-06  .3162E-06  .3162E-06  .3162E-06
 6.550  .2818E-06  .2818E-06  .2818E-06  .2818E-06  .2818E-06  .2818E-06
 6.600  .2512E-06  .2512E-06  .2512E-06  .2512E-06  .2512E-06  .2512E-06
 6.650  .2239E-06  .2239E-06  .2239E-06  .2239E-06  .2239E-06  .2239E-06
 6.700  .1995E-06  .1995E-06  .1995E-06  .1995E-06  .1995E-06  .1995E-06
 6.750  .1778E-06  .1778E-06  .1778E-06  .1778E-06  .1778E-06  .1778E-06
 6.800  .1585E-06  .1585E-06  .1585E-06  .1585E-06  .1585E-06  .1585E-06
 6.850  .1413E-06  .1413E-06  .1413E-06  .1413E-06  .1413E-06  .1413E-06
 6.900  .1259E-06  .1259E-06  .1259E-06  .1259E-06  .1259E-06  .1259E-06
 6.950  .1122E-06  .1122E-06  .1122E-06  .1122E-06  .1122E-06  .1122E-06
 7.000  .1000E-06  .1000E-06  .1000E-06  .1000E-06  .1000E-06  .1000E-06
 7.050  .8913E-07  .8913E-07  .8913E-07  .8913E-07  .8913E-07  .8913E-07
 7.100  .7943E-07  .7943E-07  .7943E-07  .7943E-07  .7943E-07  .7943E-07
 7.150  .7079E-07  .7079E-07  .7079E-07  .7079E-07  .7079E-07  .7079E-07
 7.200  .6310E-07  .6310E-07  .6310E-07  .6310E-07  .6310E-07  .6310E-07
 7.250  .5623E-07  .5623E-07  .5623E-07  .5623E-07  .5623E-07  .5623E-07
 7.300  .5012E-07  .5012E-07  .5012E-07  .5012E-07  .5012E-07  .5012E-07
 7.350  .4467E-07  .4467E-07  .4467E-07  .4467E-07  .4467E-07  .4467E-07
 7.400  .3981E-07  .3981E-07  .3981E-07  .3981E-07  .3981E-07  .3981E-07
 7.450  .3548E-07  .3548E-07  .3548E-07  .3548E-07  .3548E-07  .3548E-07
 7.500  .3162E-07  .3162E-07  .3162E-07  .3162E-07  .3162E-07  .3162E-07
 7.550  .2818E-07  .2818E-07  .2818E-07  .2818E-07  .2818E-07  .2818E-07
 7.600  .2512E-07  .2512E-07  .2512E-07  .2512E-07  .2512E-07  .2512E-07
 7.650  .2239E-07  .2239E-07  .2239E-07  .2239E-07  .2239E-07  .2239E-07
 7.700  .1995E-07  .1995E-07  .1995E-07  .1995E-07  .1995E-07  .1995E-07
 7.750  .1778E-07  .1778E-07  .1778E-07  .1778E-07  .1778E-07  .1778E-07
 7.800  .1585E-07  .1585E-07  .1585E-07  .1585E-07  .1585E-07  .1585E-07
 7.850  .1413E-07  .1413E-07  .1413E-07  .1413E-07  .1413E-07  .1413E-07
 7.900  .1259E-07  .1259E-07  .1259E-07  .1259E-07  .1259E-07  .1259E-07
 7.950  .1122E-07  .1122E-07  .1122E-07  .1122E-07  .1122E-07  .1122E-07
 8.000  .0000E+00  .0000E+00  .0000E+00  .0000E+00  .0000E+00  .0000E+00
 8.050  .0000E+00  .0000E+00  .0000E+00  .0000E+00  .0000E+00  .0000E+00
 8.100  .0000E+00  .0000E+00  .0000E+00  .0000E+00  .0000E+00  .0000E+00
 8.150  .0000E+00  .0000E+00  .0000E+00  .0000E+00  .0000E+00  .0000E+00
 8.200  .0000E+00  .0000E+00  .0000E+00  .0000E+00  .0000E+00  .0000E+00
 8.250  .0000E+00  .0000E+00  .0000E+00  .0000E+00  .0000E+00  .0000E+00
 8.300  .0000E+00  .0000E+00  .0000E+00  .0000E+00  .0000E+00  .0000E+00
 8.350  .0000E+00  .0000E+00  .0000E+00  .0000E+00  .0000E+00  .0000E+00
 8.400  .0000E+00  .0000E+00  .0000E+00  .0000E+00  .0000E+00  .0000E+00
 8.450  .0000E+00  .0000E+00  .0000E+00  .0000E+00  .0000E+00  .0000E+00
 8.500  .0000E+00  .0000E+00  .0000E+00  .0000E+00  .0000E+00  .0000E+00
 8.550  .0000E+00  .0000E+00  .0000E+00  .0000E+00  .0000E+00  .0000E+00
 8.600  .0000E+00  .0000E+00  .0000E+00  .0000E+00  .0000E+00  .0000E+00
 8.650  .0000E+00  .0000E+00  .0000E+00  .0000E+00  .0000E+00  .0000E+00
 8.700  .0000E+00  .0000E+00  .0000E+00  .0000E+00  .0000E+00  .0000E+00
 8.750  .0000E+00  .0000E+00  .0000E+00  .0000E+00  .0000E+00  .0000E+00
 8.800  .0000E+00  .0000E+00  .0000E+00  .0000E+00  .0000E+00  .0000E+00
 8.850  .0000E+00  .0000E+00  .0000E+00  .0000E+00  .0000E+00  .0000E+00
 8.900  .0000E+00  .0000E+00  .0000E+00  .0000E+00  .0000E+00  .0000E+00
 8.950  .0000E+00  .0000E+00  .0000E+00  .0000E+00  .0000E+00  .0000E+00
 9.000  .0000E+00  .0000E+00  .0000E+00  .0000E+00  .0000E+00  .0000E+00
 9.050  .0000E+00  .0000E+00  .0000E+00  .0000E+00  .0000E+00  .0000E+00
 9.100  .0000E+00  .0000E+00  .0000E+00  .0000E+00  .0000E+00  .0000E+00
 9.150  .0000E+00  .0000E+00  .0000E+00  .0000E+00  .0000E+00  .0000E+00
 9.200  .0000E+00  .0000E+00  .0000E+00  .0000E+00  .0000E+00  .0000E+00
 9.250  .0000E+00  .0000E+00  .0000E+00  .0000E+00  .0000E+00  .0000E+00
 9.300  .0000E+00  .0000E+00  .0000E+00  .0000E+00  .0000E+00  .0000E+00
 9.350  .0000E+00  .0000E+00  .0000E+00  .0000E+00  .0000E+00  .0000E+00
 9.400  .0000E+00  .0000E+00  .0000E+00  .0000E+00  .0000E+00  .0000E+00
 9.450  .0000E+00  .0000E+00  .0000E+00  .0000E+00  .0000E+00  .0000E+00
 9.500  .0000E+00  .0000E+00  .0000E+00  .0000E+00  .0000E+00  .0000E+00
 9.550  .0000E+00  .0000E+00  .0000E+00  .0000E+00  .0000E+00  .0000E+00
 9.600  .0000E+00  .0000E+00  .0000E+00  .0000E+00  .0000E+00  .0000E+00
 9.650  .0000E+00  .0000E+00  .0000E+00  .0000E+00  .0000E+00  .0000E+00
 9.700  .0000E+00  .0000E+00  .0000E+00  .0000E+00  .0000E+00  .0000E+00
 9.750  .0000E+00  .0000E+00  .0000E+00  .0000E+00  .0000E+00  .0000E+00
 9.800  .0000E+00  .0000E+00  .0000E+00  .0000E+00  .0000E+00  .0000E+00
 9.850  .0000E+00  .0000E+00  .0000E+00  .0000E+00  .0000E+00  .0000E+00
 9.900  .0000E+00  .0000E+00  .0000E+00  .0000E+00  .0000E+00  .0000E+00
 9.950  .0000E+00  .0000E+00  .0000E+00  .0000E+00  .0000E+00  .0000E+00
10.000  .0000E+00  .0000E+00  .0000E+00  .0000E+00  .0000E+00  .0000E+00
10.050  .0000E+00  .0000E+00  .0000E+00  .0000E+00  .0000E+00  .0000E+00
10.100  .0000E+00  .0000E+00  .0000E+00  .0000E+00  .0000E+00  .0000E+00
10.150  .0000E+00  .0000E+00  .0000E+00  .0000E+00  .0000E+00  .0000E+00
10.200  .0000E+00  .0000E+00  .0000E+00  .0000E+00  .0000E+00  .0000E+00
10.250  .0000E+00  .0000E+00  .0000E+00  .0000E+00  .0000E+00  .0000E+00
10.300  .0000E+00  .0000E+00  .0000E+00  .0000E+00  .0000E+00  .0000E+00
10.350  .0000E+00  .0000E+00  .0000E+00  .0000E+00  .0000E+00  .0000E+00
10.400  .0000E+00  .0000E+00  .0000E+00  .0000E+00  .0000E+00  .0000E+00
10.450  .0000E+00  .0000E+00  .0000E+00  .0000E+00  .0000E+00  .0000E+00
10.500  .0000E+00  .0000E+00  .0000E+00  .0000E+00  .0000E+00  .0000E+00
10.550  .0000E+00  .0000E+00  .0000E+00  .0000E+00  .0000E+00  .0000E+00
10.600  .0000E+00  .0000E+00  .0000E+00  .0000E+00  .0000E+00  .0000E+00
10.650  .0000E+00  .0000E+00  .0000E+00  .0000E+00  .0000E+00  .0000E+00
10.700  .0000E+00  .0000E+00  .0000E+00  .0000E+00  .0000E+00  .0000E+00
10.750  .0000E+00  .0000E+00  .0000E+00  .0000E+00  .0000E+00  .0000E+00
10.800  .0000E+00  .0000E+00  .0000E+00  .0000E+00  .0000E+00  .0000E+00
10.850  .0000E+00  .0000E+00  .0000E+00  .0000E+00  .0000E+00  .0000E+00
10.900  .0000E+00  .0000E+00  .0000E+00  .0000E+00  .0000E+00  .0000E+00
10.950  .0000E+00  .0000E+00  .0000E+00  .0000E+00  .0000E+00  .0000E+00
11.000  .0000E+00  .0000E+00  .0000E+00  .0000E+00  .0000E+00  .0000E+00
11.050  .0000E+00  .0000E+00  .0000E+00  .0000E+00  .0000E+00  .0000E+00
11.100  .0000E+00  .0000E+00  .0000E+00  .0000E+00  .0000E+00  .0000E+00
11.150  .0000E+00  .0000E+00  .0000E+00  .0000E+00  .0000E+00  .0000E+00
11.200  .0000E+00  .0000E+00  .0000E+00  .0000E+00  .0000E+00  .0000E+00
11.250  .0000E+00  .0000E+00  .0000E+00  .0000E+00  .0000E+00  .0000E+00
11.300  .0000E+00  .0000E+00  .0000E+00  .0000E+00  .0000E+00  .0000E+00
11.350  .0000E+00  .0000E+00  .0000E+00  .0000E+00  .0000E+00  .0000E+00
11.400  .0000E+00  .0000E+00  .0000E+00  .0000E+00  .0000E+00  .0000E+00
11.450  .0000E+00  .0000E+00  .0000E+00  .0000E+00  .0000E+00  .0000E+00
11.500  .0000E+00  .0000E+00  .0000E+00  .0000E+00  .0000E+00  .0000E+00
11.550  .0000E+00  .0000E+00  .0000E+00  .0000E+00  .0000E+00  .0000E+00
11.600  .0000E+00  .0000E+00  .0000E+00  .0000E+00  .0000E+00  .0000E+00
11.650  .0000E+00  .0000E+00  .0000E+00  .0000E+00  .0000E+00  .0000E+00
11.700  .0000E+00  .0000E+00  .0000E+00  .0000E+00  .0000E+00  .0000E+00
11.750  .0000E+00  .0000E+00  .0000E+00  .0000E+00  .0000E+00  .0000E+00
11.800  .0000E+00  .0000E+00  .0000E+00  .0000E+00  .0000E+00  .0000E+00
11.850  .0000E+00  .0000E+00  .0000E+00  .0000E+00  .0000E+00  .0000E+00
11.900  .0000E+00  .0000E+00  .0000E+00  .0000E+00  .0000E+00  .0000E+00
11.950  .0000E+00  .0000E+00  .0000E+00  .0000E+00  .0000E+00  .0000E+00
12.000  .0000E+00  .0000E+00  .0000E+00  .0000E+00  .0000E+00  .0000E+00
12.050  .0000E+00  .0000E+00  .0000E+00  .0000E+00  .0000E+00  .0000E+00
12.100  .0000E+00  .0000E+00  .0000E+00  .0000E+00  .0000E+00  .0000E+00
12.150  .0000E+00  .0000E+00  .0000E+00  .0000E+00  .0000E+00  .0000E+00
12.200  .0000E+00  .0000E+00  .0000E+00  .0000E+00  .0000E+00  .0000E+00
12.250  .0000E+00  .0000E+00  .0000E+00  .0000E+00  .0000E+00  .0000E+00
12.300  .0000E+00  .0000E+00  .0000E+00  .0000E+00  .0000E+00  .0000E+00
12.350  .0000E+00  .0000E+00  .0000E+00  .0000E+00  .0000E+00  .0000E+00
12.400  .0000E+00  .0000E+00  .0000E+00  .0000E+00  .0000E+00  .0000E+00
12.450  .0000E+00  .0000E+00  .0000E+00  .0000E+00  .0000E+00  .0000E+00
12.500  .0000E+00  .0000E+00  .0000E+00  .0000E+00  .0000E+00  .0000E+00
12.550  .0000E+00  .0000E+00  .0000E+00  .0000E+00  .0000E+00  .0000E+00
12.600  .0000E+00  .0000E+00  .0000E+00  .0000E+00  .0000E+00  .0000E+00
12.650  .0000E+00  .0000E+00  .0000E+00  .0000E+00  .0000E+00  .0000E+00
12.700  .0000E+00  .0000E+00  .0000E+00  .0000E+00  .0000E+00  .0000E+00
12.750  .0000E+00  .0000E+00  .0000E+00  .0000E+00  .0000E+00  .0000E+00
12.800  .0000E+00  .0000E+00  .0000E+00  .0000E+00  .0000E+00  .0000E+00
12.850  .0000E+00  .0000E+00  .0000E+00  .0000E+00  .0000E+00  .0000E+00
12.900  .0000E+00  .0000E+00  .0000E+00  .0000E+00  .0000E+00  .0000E+00
12.950  .0000E+00  .0000E+00  .0000E+00  .0000E+00  .0000E+00  .0000E+00
13.000  .0000E+00  .0000E+00  .0000E+00  .0000E+00  .0000E+00  .0000E+00
13.050  .0000E+00  .0000E+00  .0000E+00  .0000E+00  .0000E+00  .0000E+00
13.100  .0000E+00  .0000E+00  .0000E+00  .0000E+00  .0000E+00  .0000E+00
13.150  .0000E+00  .0000E+00  .0000E+00  .0000E+00  .0000E+00  .0000E+00
13.200  .0000E+00  .0000E+00  .0000E+00  .0000E+00  .0000E+00  .0000E+00
13.250  .0000E+00  .0000E+00  .0000E+00  .0000E+00  .0000E+00  .0000E+00
13.300  .0000E+00  .0000E+00  .0000E+00  .0000E+00  .0000E+00  .0000E+00
13.350  .0000E+00  .0000E+00  .0000E+00  .0000E+00  .0000E+00  .0000E+00
13.400  .0000E+00  .0000E+00  .0000E+00  .0000E+00  .0000E+00  .0000E+00
13.450  .0000E+00  .0000E+00  .0000E+00  .0000E+00  .0000E+00  .0000E+00
13.500  .0000E+00  .0000E+00  .0000E+00  .0000E+00  .0000E+00  .0000E+00
13.550  .0000E+00  .0000E+00  .0000E+00  .0000E+00  .0000E+00  .0000E+00
13.600  .0000E+00  .0000E+00  .0000E+00  .0000E+00  .0000E+00  .0000E+00
13.650  .0000E+00  .0000E+00  .0000E+00  .0000E+00  .0000E+00  .0000E+00
13.700  .0000E+00  .0000E+00  .0000E+00  .0000E+00  .0000E+00  .0000E+00
13.750  .0000E+00  .0000E+00  .0000E+00  .0000E+00  .0000E+00  .0000E+00
13.800  .0000E+00  .0000E+00  .0000E+00  .0000E+00  .0000E+00  .0000E+00
13.850  .0000E+00  .0000E+00  .0000E+00  .0000E+00  .0000E+00  .0000E+00
13.900  .0000E+00  .0000E+00  .0000E+00  .0000E+00  .0000E+00  .0000E+00
13.950  .0000E+00  .0000E+00  .0000E+00  .0000E+00  .0000E+00  .0000E+00
14.000  .0000E+00  .0000E+00  .0000E+00  .0000E+00  .0000E+00  .0000E+00
14.050  .0000E+00  .0000E+00  .0000E+00  .0000E+00  .0000E+00  .0000E+00
14.100  .0000E+00  .0000E+00  .0000E+00  .0000E+00  .0000E+00  .0000E+00
14.150  .0000E+00  .0000E+00  .0000E+00  .0000E+00  .0000E+00  .0000E+00
14.200  .0000E+00  .0000E+00  .0000E+00  .0000E+00  .0000E+00  .0000E+00
14.250  .0000E+00  .0000E+00  .0000E+00  .0000E+00  .0000E+00  .0000E+00
14.300  .0000E+00  .0000E+00  .0000E+00  .0000E+00  .0000E+00  .0000E+00
14.350  .0000E+00  .0000E+00  .0000E+00  .0000E+00  .0000E+00  .0000E+00
14.400  .0000E+00  .0000E+00  .0000E+00  .0000E+00  .0000E+00  .0000E+00
14.450  .0000E+00  .0000E+00  .0000E+00  .0000E+00  .0000E+00  .0000E+00
14.500  .0000E+00  .0000E+00  .0000E+00  .0000E+00  .0000E+00  .0000E+00
14.550  .0000E+00  .0000E+00  .0000E+00  .0000E+00  .0000E+00  .0000E+00
14.600  .0000E+00  .0000E+00  .0000E+00  .0000E+00  .0000E+00  .0000E+00
14.650  .0000E+00  .0000E+00  .0000E+00  .0000E+00  .0000E+00  .0000E+00
14.700  .0000E+00  .0000E+00  .0000E+00  .0000E+00  .0000E+00  .0000E+00
14.750  .0000E+00  .0000E+00  .0000E+00  .0000E+00  .0000E+00  .0000E+00
14.800  .0000E+00  .0000E+00  .0000E+00  .0000E+00  .0000E+00  .0000E+00
14.850  .0000E+00  .0000E+00  .0000E+00  .0000E+00  .0000E+00  .0000E+00
14.900  .0000E+00  .0000E+00  .0000E+00  .0000E+00  .0000E+00  .0000E+00
14.950  .0000E+00  .0000E+00  .0000E+00  .0000E+00  .0000E+00  .0000E+00
15.000  .0000E+00  .0000E+00  .0000E+00  .0000E+00  .0000E+00  .0000E+00
15.050  .0000E+00  .0000E+00  .0000E+00  .0000E+00  .0000E+00  .0000E+00
15.100  .0000E+00  .0000E+00  .0000E+00  .0000E+00  .0000E+00  .0000E+00
15.150  .0000E+00  .0000E+00  .0000E+00  .0000E+00  .0000E+00  .0000E+00
15.200  .0000E+00  .0000E+00  .0000E+00  .0000E+00  .0000E+00  .0000E+00
15.250  .0000E+00  .0000E+00  .0000E+00  .0000E+00  .0000E+00  .0000E+00
15.300  .0000E+00  .0000E+00  .0000E+00  .0000E+00  .0000E+00  .0000E+00
15.350  .0000E+00  .0000E+00  .0000E+00  .0000E+00  .0000E+00  .0000E+00
15.400  .0000E+00  .0000E+00  .0000E+00  .0000E+00  .0000E+00  .0000E+00
15.450  .0000E+00  .0000E+00  .0000E+00  .0000E+00  .0000E+00  .0000E+00
15.500  .0000E+00  .0000E+00  .0000E+00  .0000E+00  .0000E+00  .0000E+00
15.550  .0000E+00  .0000E+00  .0000E+00  .0000E+00  .0000E+00  .0000E+00
15.600  .0000E+00  .0000E+00  .0000E+00  .0000E+00  .0000E+00  .0000E+00
15.650  .0000E+00  .0000E+00  .0000E+00  .0000E+00  .0000E+00  .0000E+00
15.700  .0000E+00  .0000E+00  .0000E+00  .0000E+00  .0000E+00  .0000E+00
15.750  .0000E+00  .0000E+00  .0000E+00  .0000E+00  .0000E+00  .0000E+00
15.800  .0000E+00  .0000E+00  .0000E+00  .0000E+00  .0000E+00  .0000E+00
15.850  .0000E+00  .0000E+00  .0000E+00  .0000E+00  .0000E+00  .0000E+00
15.900  .0000E+00  .0000E+00  .0000E+00  .0000E+00  .0000E+00  .0000E+00
15.950  .0000E+00  .0000E+00  .0000E+00  .0000E+00  .0000E+00  .0000E+00
16.000  .0000E+00  .0000E+00  .0000E+00  .0000E+00  .0000E+00  .0000E+00
16.050  .0000E+00  .0000E+00  .0000E+00  .0000E+00  .0000E+00  .0000E+00
16.100  .0000E+00  .0000E+00  .0000E+00  .0000E+00  .0000E+00  .0000E+00
16.150  .0000E+00  .0000E+00  .0000E+00  .0000E+00  .0000E+00  .0000E+00
16.200  .0000E+00  .0000E+00  .0000E+00  .0000E+00  .0000E+00  .0000E+00
16.250  .0000E+00  .0000E+00  .0000E+00  .0000E+00  .0000E+00  .0000E+00
16.300  .0000E+00  .0000E+00  .0000E+00  .0000E+00  .0000E+00  .0000E+00
16.350  .0000E+00  .0000E+00  .0000E+00  .0000E+00  .0000E+00  .0000E+00
16.400  .0000E+00  .0000E+00  .0000E+00  .0000E+00  .0000E+00  .0000E+00
16.450  .0000E+00  .0000E+00  .0000E+00  .0000E+00  .0000E+00  .0000E+00
16.500  .0000E+00  .0000E+00  .0000E+00  .0000E+00  .0000E+00  .0000E+00
16.550  .0000E+00  .0000E+00  .0000E+00  .0000E+00  .0000E+00  .0000E+00
16.600  .0000E+00  .0000E+00  .0000E+00  .0000E+00  .0000E+00  .0000E+00
16.650  .0000E+00  .0000E+00  .0000E+00  .0000E+00  .0000E+00  .0000E+00
16.700  .0000E+00  .0000E+00  .0000E+00  .0000E+00  .0000E+00  .0000E+00
16.750  .0000E+00  .0000E+00  .0000E+00  .0000E+00  .0000E+00  .0000E+00
16.800  .0000E+00  .0000E+00  .0000E+00  .0000E+00  .0000E+00  .0000E+00
16.850  .0000E+00  .0000E+00  .0000E+00  .0000E+00  .0000E+00  .0000E+00
16.900  .0000E+00  .0000E+00  .0000E+00  .0000E+00  .0000E+00  .0000E+00
16.950  .0000E+00  .0000E+00  .0000E+00  .0000E+00  .0000E+00  .0000E+00
17.000  .0000E+00  .0000E+00  .0000E+00  .0000E+00  .0000E+00  .0000E+00
17.050  .0000E+00  .0000E+00  .0000E+00  .0000E+00  .0000E+00  .0000E+00
17.100  .0000E+00  .0000E+00  .0000E+00  .0000E+00  .0000E+00  .0000E+00
17.150  .0000E+00  .0000E+00  .0000E+00  .0000E+00  .0000E+00  .0000E+00
17.200  .0000E+00  .0000E+00  .0000E+00  .0000E+00  .0000E+00  .0000E+00
17.250  .0000E+00  .0000E+00  .0000E+00  .0000E+00  .0000E+00  .0000E+00
17.300  .0000E+00  .0000E+00  .0000E+00  .0000E+00  .0000E+00  .0000E+00
17.350  .0000E+00  .0000E+00  .0000E+00  .0000E+00  .0000E+00  .0000E+00
17.400  .0000E+00  .0000E+00  .0000E+00  .0000E+00  .0000E+00  .0000E+00
17.450  .0000E+00  .0000E+00  .0000E+00  .0000E+00  .0000E+00  .0000E+00
17.500  .0000E+00  .0000E+00  .0000E+00  .0000E+00  .0000E+00  .0000E+00
17.550  .0000E+00  .0000E+00  .0000E+00  .0000E+00  .0000E+00  .0000E+00
17.600  .0000E+00  .0000E+00  .0000E+00  .0000E+00  .0000E+00  .0000E+00
17.650  .0000E+00  .0000E+00  .0000E+00  .0000E+00  .0000E+00  .0000E+00
17.700  .0000E+00  .0000E+00  .0000E+00  .0000E+00  .0000E+00  .0000E+00
17.750  .0000E+00  .0000E+00  .0000E+00  .0000E+00  .0000E+00  .0000E+00
17.800  .0000E+00  .0000E+00  .0000E+00  .0000E+00  .0000E+00  .0000E+00
17.850  .0000E+00  .0000E+00  .0000E+00  .0000E+00  .0000E+00  .0000E+00
17.900  .0000E+00  .0000E+00  .0000E+00  .0000E+00  .0000E+00  .0000E+00
17.950  .0000E+00  .0000E+00  .0000E+00  .0000E+00  .0000E+00  .0000E+00
18.000  .0000E+00  .0000E+00  .0000E+00  .0000E+00  .0000E+00  .0000E+00
18.050  .0000E+00  .0000E+00  .0000E+00  .0000E+00  .0000E+00  .0000E+00
18.100  .0000E+00  .0000E+00  .0000E+00  .0000E+00  .0000E+00  .0000E+00
18.150  .0000E+00  .0000E+00  .0000E+00  .0000E+00  .0000E+00  .0000E+00
18.200  .0000E+00  .0000E+00  .0000E+00  .0000E+00  .0000E+00  .0000E+00
18.250  .0000E+00  .0000E+00  .0000E+00  .0000E+00  .0000E+00  .0000E+00
18.300  .0000E+00  .0000E+00  .0000E+00  .0000E+00  .0000E+00  .0000E+00
18.350  .0000E+00  .0000E+00  .0000E+00  .0000E+00  .0000E+00  .0000E+00
18.400  .0000E+00  .0000E+00  .0000E+00  .0000E+00  .0000E+00  .0000E+00
18.450  .0000E+00  .0000E+00  .0000E+00  .0000E+00  .0000E+00  .0000E+00
18.500  .0000E+00  .0000E+00  .0000E+00  .0000E+00  .0000E+00  .0000E+00
18.550  .0000E+00  .0000E+00  .0000E+00  .0000E+00  .0000E+00  .0000E+00
18.600  .0000E+00  .0000E+00  .0000E+00  .0000E+00  .0000E+00  .0000E+00
18.650  .0000E+00  .0000E+00  .0000E+00  .0000E+00  .0000E+00  .0000E+00
18.700  .0000E+00  .0000E+00  .0000E+00  .0000E+00  .0000E+00  .0000E+00
18.750  .0000E+00  .0000E+00  .0000E+00  .0000E+00  .0000E+00  .0000E+00
18.800  .0000E+00  .0000E+00  .0000E+00  .0000E+00  .0000E+00  .0000E+00
18.850  .0000E+00  .0000E+00  .0000E+00  .0000E+00  .0000E+00  .0000E+00
18.900  .0000E+00  .0000E+00  .0000E+00  .0000E+00  .0000E+00  .0000E+00
18.950  .0000E+00  .0000E+00  .0000E+00  .0000E+00  .0000E+00  .0000E+00
19.000  .0000E+00  .0000E+00  .0000E+00  .0000E+00  .0000E+00  .0000E+00
19.050  .0000E+00  .0000E+00  .0000E+00  .0000E+00  .0000E+00  .0000E+00
19.100  .0000E+00  .0000E+00  .0000E+00  .0000E+00  .0000E+00  .0000E+00
19.150  .0000E+00  .0000E+00  .0000E+00  .0000E+00  .0000E+00  .0000E+00
19.200  .0000E+00  .0000E+00  .0000E+00  .0000E+00  .0000E+00  .0000E+00
19.250  .0000E+00  .0000E+00  .0000E+00  .0000E+00  .0000E+00  .0000E+00
19.300  .0000E+00  .0000E+00  .0000E+00  .0000E+00  .0000E+00  .0000E+00
19.350  .0000E+00  .0000E+00  .0000E+00  .0000E+00  .0000E+00  .0000E+00
19.400  .0000E+00  .0000E+00  .0000E+00  .0000E+00  .0000E+00  .0000E+00
19.450  .0000E+00  .0000E+00  .0000E+00  .0000E+00  .0000E+00  .0000E+00
19.500  .0000E+00  .0000E+00  .0000E+00  .0000E+00  .0000E+00  .0000E+00
19.550  .0000E+00  .0000E+00  .0000E+00  .0000E+00  .0000E+00  .0000E+00
19.600  .0000E+00  .0000E+00  .0000E+00  .0000E+00  .0000E+00  .0000E+00
19.650  .0000E+00  .0000E+00  .0000E+00  .0000E+00  .0000E+00  .0000E+00
19.700  .0000E+00  .0000E+00  .0000E+00  .0000E+00  .0000E+00  .0000E+00
19.750  .0000E+00  .0000E+00  .0000E+00  .0000E+00  .0000E+00  .0000E+00
19.800  .0000E+00  .0000E+00  .0000E+00  .0000E+00  .0000E+00  .0000E+00
19.850  .0000E+00  .0000E+00  .0000E+00  .0000E+00  .0000E+00  .0000E+00
19.900  .0000E+00  .0000E+00  .0000E+00  .0000E+00  .0000E+00  .0000E+00
19.950  .0000E+00  .0000E+00  .0000E+00  .0000E+00  .0000E+00  .0000E+00
20.000  .0000E+00  .0000E+00  .0000E+00  .0000E+00  .0000E+00  .0000E+00
20.050  .0000E+00  .0000E+00  .0000E+00  .0000E+00  .0000E+00  .0000E+00
20.100  .0000E+00  .0000E+00  .0000E+00  .0000E+00  .0000E+00  .0000E+00
20.150  .0000E+00  .0000E+00  .0000E+00  .0000E+00  .0000E+00  .0000E+00
20.200  .0000E+00  .0000E+00  .0000E+00  .0000E+00  .0000E+00  .0000E+00
20.250  .0000E+00  .0000E+00  .0000E+00  .0000E+00  .0000E+00  .0000E+00
20.300  .0000E+00  .0000E+00  .0000E+00  .0000E+00  .0000E+00  .0000E+00
20.350  .0000E+00  .0000E+00  .0000E+00  .0000E+00  .0000E+00  .0000E+00
20.400  .0000E+00  .0000E+00  .0000E+00  .0000E+00  .0000E+00  .0000E+00
20.450  .0000E+00  .0000E+00  .0000E+00  .0000E+00  .0000E+00  .0000E+00
20.500  .0000E+00  .0000E+00  .0000E+00  .0000E+00  .0000E+00  .0000E+00
20.550  .0000E+00  .0000E+00  .0000E+00  .0000E+00  .0000E+00  .0000E+00
20.600  .0000E+00  .0000E+00  .0000E+00  .0000E+00  .0000E+00  .0000E+00
20.650  .0000E+00  .0000E+00  .0000E+00  .0000E+00  .0000E+00  .0000E+00
20.700  .0000E+00  .0000E+00  .0000E+00  .0000E+00  .0000E+00  .0000E+00
20.750  .0000E+00  .0000E+00  .0000E+00  .0000E+00  .0000E+00  .0000E+00
20.800  .0000E+00  .0000E+00  .0000E+00  .0000E+00  .0000E+00  .0000E+00
20.850  .0000E+00  .0000E+00  .0000E+00  .0000E+00  .0000E+00  .0000E+00
20.900  .0000E+00  .0000E+00  .0000E+00  .0000E+00  .0000E+00  .0000E+00
20.950  .0000E+00  .0000E+00  .0000E+00  .0000E+00  .0000E+00  .0000E+00
21.000  .0000E+00  .0000E+00  .0000E+00  .0000E+00  .0000E+00  .0000E+00
21.050  .0000E+00  .0000E+00  .0000E+00  .0000E+00  .0000E+00  .0000E+00
21.100  .0000E+00  .0000E+00  .0000E+00  .0000E+00  .0000E+00  .0000E+00
21.150  .0000E+00  .0000E+00  .0000E+00  .0000E+00  .0000E+00  .0000E+00
21.200  .0000E+00  .0000E+00  .0000E+00  .0000E+00  .0000E+00  .0000E+00
21.250  .0000E+00  .0000E+00  .0000E+00  .0000E+00  .0000E+00  .0000E+00
21.300  .0000E+00  .0000E+00  .0000E+00  .0000E+00  .0000E+00  .0000E+00
21.350  .0000E+00  .0000E+00  .0000E+00  .0000E+00  .0000E+00  .0000E+00
21.400  .0000E+00  .0000E+00  .0000E+00  .0000E+00  .0000E+00  .0000E+00
21.450  .0000E+00  .0000E+00  .0000E+00  .0000E+00  .0000E+00  .0000E+00
21.500  .0000E+00  .0000E+00  .0000E+00  .0000E+00  .0000E+00  .0000E+00
21.550  .0000E+00  .0000E+00  .0000E+00  .0000E+00  .0000E+00  .0000E+00
21.600  .0000E+00  .0000E+00  .0000E+00  .0000E+00  .0000E+00  .0000E+00
21.650  .0000E+00  .0000E+00  .0000E+00  .0000E+00  .0000E+00  .0000E+00
21.700  .0000E+00  .0000E+00  .0000E+00  .0000E+00  .0000E+00  .0000E+00
21.750  .0000E+00  .0000E+00  .0000E+00  .0000E+00  .0000E+00  .0000E+00
21.800  .0000E+00  .0000E+00  .0000E+00  .0000E+00  .0000E+00  .0000E+00
21.850  .0000E+00  .0000E+00  .0000E+00  .0000E+00  .0000E+00  .0000E+00
21.900  .0000E+00  .0000E+00  .0000E+00  .0000E+00  .0000E+00  .0000E+00
21.950  .0000E+00  .0000E+00  .0000E+00  .0000E+00  .0000E+00  .0000E+00
22.000  .0000E+00  .0000E+00  .0000E+00  .0000E+00  .0000E+00  .0000E+00
22.050  .0000E+00  .0000E+00  .0000E+00  .0000E+00  .0000E+00  .0000E+00
22.100  .0000E+00  .0000E+00  .0000E+00  .0000E+00  .0000E+00  .0000E+00
22.150  .0000E+00  .0000E+00  .0000E+00  .0000E+00  .0000E+00  .0000E+00
22.200  .0000E+00  .0000E+00  .0000E+00  .0000E+00  .0000E+00  .0000E+00
22.250  .0000E+00  .0000E+00  .0000E+00  .0000E+00  .0000E+00  .0000E+00
22.300  .0000E+00  .0000E+00  .0000E+00  .0000E+00  .0000E+00  .0000E+00
22.350  .0000E+00  .0000E+00  .0000E+00  .0000E+00  .0000E+00  .0000E+00
22.400  .0000E+00  .0000E+00  .0000E+00  .0000E+00  .0000E+00  .0000E+00
22.450  .0000E+00  .0000E+00  .0000E+00  .0000E+00  .0000E+00  .0000E+00
22.500  .0000E+00  .0000E+00  .0000E+00  .0000E+00  .0000E+00  .0000E+00
22.550  .0000E+00  .0000E+00  .0000E+00  .0000E+00  .0000E+00  .0000E+00
22.600  .0000E+00  .0000E+00  .0000E+00  .0000E+00  .0000E+00  .0000E+00
22.650  .0000E+00  .0000E+00  .0000E+00  .0000E+00  .0000E+00  .0000E+00
22.700  .0000E+00  .0000E+00  .0000E+00  .0000E+00  .0000E+00  .0000E+00
22.750  .0000E+00  .0000E+00  .0000E+00  .0000E+00  .0000E+00  .0000E+00
22.800  .0000E+00  .0000E+00  .0000E+00  .0000E+00  .0000E+00  .0000E+00
22.850  .0000E+00  .0000E+00  .0000E+00  .0000E+00  .0000E+00  .0000E+00
22.900  .0000E+00  .0000E+00  .0000E+00  .0000E+00  .0000E+00  .0000E+00
22.950  .0000E+00  .0000E+00  .0000E+00  .0000E+00  .0000E+00  .0000E+00
23.000  .0000E+00  .0000E+00  .0000E+00  .0000E+00  .0000E+00  .0000E+00
23.050  .0000E+00  .0000E+00  .0000E+00  .0000E+00  .0000E+00  .0000E+00
23.100  .0000E+00  .0000E+00  .0000E+00  .0000E+00  .0000E+00  .0000E+00
23.150  .0000E+00  .0000E+00  .0000E+00  .0000E+00  .0000E+00  .0000E+00
23.200  .0000E+00  .0000E+00  .0000E+00  .0000E+00  .0000E+00  .0000E+00
23.250  .0000E+00  .0000E+00  .0000E+00  .0000E+00  .0000E+00  .0000E+00
23.300  .0000E+00  .0000E+00  .0000E+00  .0000E+00  .0000E+00  .0000E+00
23.350  .0000E+00  .0000E+00  .0000E+00  .0000E+00  .0000E+00  .0000E+00
23.400  .0000E+00  .0000E+00  .0000E+00  .0000E+00  .0000E+00  .0000E+00
23.450  .0000E+00  .0000E+00  .0000E+00  .0000E+00  .0000E+00  .0000E+00
23.500  .0000E+00  .0000E+00  .0000E+00  .0000E+00  .0000E+00  .0000E+00
23.550  .0000E+00  .0000E+00  .0000E+00  .0000E+00  .0000E+00  .0000E+00
23.600  .0000E+00  .0000E+00  .0000E+00  .0000E+00  .0000E+00  .0000E+00
23.650  .0000E+00  .0000E+00  .0000E+00  .0000E+00  .0000E+00  .0000E+00
23.700  .0000E+00  .0000E+00  .0000E+00  .0000E+00  .0000E+00  .0000E+00
23.750  .0000E+00  .0000E+00  .0000E+00  .0000E+00  .0000E+00  .0000E+00
23.800  .0000E+00  .0000E+00  .0000E+00  .0000E+00  .0000E+00  .0000E+00
23.850  .0000E+00  .0000E+00  .0000E+00  .0000E+00  .0000E+00  .0000E+00
23.900  .0000E+00  .0000E+00  .0000E+00  .0000E+00  .0000E+00  .0000E+00
23.950  .0000E+00  .0000E+00  .0000E+00  .0000E+00  .0000E+00  .0000E+00
24.000  .0000E+00  .0000E+00  .0000E+00  .0000E+00  .0000E+00  .0000E+00
24.050  .0000E+00  .0000E+00  .0000E+00  .0000E+00  .0000E+00  .0000E+00
24.100  .0000E+00  .0000E+00  .0000E+00  .0000E+00  .0000E+00  .0000E+00
24.150  .0000E+00  .0000E+00  .0000E+00  .0000E+00  .0000E+00  .0000E+00
24.200  .0000E+00  .0000E+00  .0000E+00  .0000E+00  .0000E+00  .0000E+00
24.250  .0000E+00  .0000E+00  .0000E+00  .0000E+00  .0000E+00  .0000E+00
24.300  .0000E+00  .0000E+00  .0000E+00  .0000E+00  .0000E+00  .0000E+00
24.350  .0000E+00  .0000E+00  .0000E+00  .0000E+00  .0000E+00  .0000E+00
24.400  .0000E+00  .0000E+00  .0000E+00  .0000E+00  .0000E+00  .0000E+00
24.450  .0000E+00  .0000E+00  .0000E+00  .0000E+00  .0000E+00  .0000E+00
24.500  .0000E+00  .0000E+00  .0000E+00  .0000E+00  .0000E+00  .0000E+00
24.550  .0000E+00  .0000E+00  .0000E+00  .0000E+00  .0000E+00  .0000E+00
24.600  .0000E+00  .0000E+00  .0000E+00  .0000E+00  .0000E+00  .0000E+00
24.650  .0000E+00  .0000E+00  .0000E+00  .0000E+00  .0000E+00  .0000E+00
24.700  .0000E+00  .0000E+00  .0000E+00  .0000E+00  .0000E+00  .0000E+00
24.750  .0000E+00  .0000E+00  .0000E+00  .0000E+00  .0000E+00  .0000E+00
24.800  .0000E+00  .0000E+00  .0000E+00  .0000E+00  .0000E+00  .0000E+00
24.850  .0000E+00  .0000E+00  .0000E+00  .0000E+00  .0000E+00  .0000E+00
24.900  .0000E+00  .0000E+00  .0000E+00  .0000E+00  .0000E+00  .0000E+00
24.950  .0000E+00  .0000E+00  .0000E+00  .0000E+00  .0000E+00  .0000E+00
25.000  .0000E+00  .0000E+00  .0000E+00  .0000E+00  .0000E+00  .0000E+00
25.050  .0000E+00  .0000E+00  .0000E+00  .0000E+00  .0000E+00  .0000E+00
25.100  .0000E+00  .0000E+00  .0000E+00  .0000E+00  .0000E+00  .0000E+00
25.150  .0000E+00  .0000E+00  .0000E+00  .0000E+00  .0000E+00  .0000E+00
25.200  .0000E+00  .0000E+00  .0000E+00  .0000E+00  .0000E+00  .0000E+00
25.250  .0000E+00  .0000E+00  .0000E+00  .0000E+00  .0000E+00  .0000E+00
25.300  .0000E+00  .0000E+00  .0000E+00  .0000E+00  .0000E+00  .0000E+00
25.350  .0000E+00  .0000E+00  .0000E+00  .0000E+00  .0000E+00  .0000E+00
25.400  .0000E+00  .0000E+00  .0000E+00  .0000E+00  .0000E+00  .0000E+00
25.450  .0000E+00  .0000E+00  .0000E+00  .0000E+00  .0000E+00  .0000E+00
25.500  .0000E+00  .0000E+00  .0000E+00  .0000E+00  .0000E+00  .0000E+00
25.550  .0000E+00  .0000E+00  .0000E+00  .0000E+00  .0000E+00  .0000E+00
25.600  .0000E+00  .0000E+00  .0000E+00  .0000E+00  .0000E+00  .0000E+00
25.650  .0000E+00  .0000E+00  .0000E+00  .0000E+00  .0000E+00  .0000E+00
25.700  .0000E+00  .0000E+00  .0000E+00  .0000E+00  .0000E+00  .0000E+00
25.750  .0000E+00  .0000E+00  .0000E+00  .0000E+00  .0000E+00  .0000E+00
25.800  .0000E+00  .0000E+00  .0000E+00  .0000E+00  .0000E+00  .0000E+00
25.850  .0000E+00  .0000E+00  .0000E+00  .0000E+00  .0000E+00  .0000E+00
25.900  .0000E+00  .0000E+00  .0000E+00  .0000E+00  .0000E+00  .0000E+00
25.950  .0000E+00  .0000E+00  .0000E+00  .0000E+00  .0000E+00  .0000E+00
26.000  .0000E+00  .0000E+00  .0000E+00  .0000E+00  .0000E+00  .0000E+00
26.050  .0000E+00  .0000E+00  .0000E+00  .0000E+00  .0000E+00  .0000E+00
26.100  .0000E+00  .0000E+00  .0000E+00  .0000E+00  .0000E+00  .0000E+00
26.150  .0000E+00  .0000E+00  .0000E+00  .0000E+00  .0000E+00  .0000E+00
26.200  .0000E+00  .0000E+00  .0000E+00  .0000E+00  .0000E+00  .0000E+00
26.250  .0000E+00  .0000E+00  .0000E+00  .0000E+00  .0000E+00  .0000E+00
26.300  .0000E+00  .0000E+00  .0000E+00  .0000E+00  .0000E+00  .0000E+00
26.350  .0000E+00  .0000E+00  .0000E+00  .0000E+00  .0000E+00  .0000E+00
26.400  .0000E+00  .0000E+00  .0000E+00  .0000E+00  .0000E+00  .0000E+00
26.450  .0000E+00  .0000E+00  .0000E+00  .0000E+00  .0000E+00  .0000E+00
26.500  .0000E+00  .0000E+00  .0000E+00  .0000E+00  .0000E+00  .0000E+00
26.550  .0000E+00  .0000E+00  .0000E+00  .0000E+00  .0000E+00  .0000E+00
26.600  .0000E+00  .0000E+00  .0000E+00  .0000E+00  .0000E+00  .0000E+00
26.650  .0000E+00  .0000E+00  .0000E+00  .0000E+00  .0000E+00  .0000E+00
26.700  .0000E+00  .0000E+00  .0000E+00  .0000E+00  .0000E+00  .0000E+00
26.750  .0000E+00  .0000E+00  .0000E+00  .0000E+00  .0000E+00  .0000E+00
26.800  .0000E+00  .0000E+00  .0000E+00  .0000E+00  .0000E+00  .0000E+00
26.850  .0000E+00  .0000E+00  .0000E+00  .0000E+00  .0000E+00  .0000E+00
26.900  .0000E+00  .0000E+00  .0000E+00  .0000E+00  .0000E+00  .0000E+00
26.950  .0000E+00  .0000E+00  .0000E+00  .0000E+00  .0000E+00  .0000E+00
27.000  .0000E+00  .0000E+00  .0000E+00  .0000E+00  .0000E+00  .0000E+00
27.050  .0000E+00  .0000E+00  .0000E+00  .0000E+00  .0000E+00  .0000E+00
27.100  .0000E+00  .0000E+00  .0000E+00  .0000E+00  .0000E+00  .0000E+00
27.150  .0000E+00  .0000E+00  .0000E+00  .0000E+00  .0000E+00  .0000E+00
27.200  .0000E+00  .0000E+00  .0000E+00  .0000E+00  .0000E+00  .0000E+00
27.250  .0000E+00  .0000E+00  .0000E+00  .0000E+00  .0000E+00  .0000E+00
27.300  .0000E+00  .0000E+00  .0000E+00  .0000E+00  .0000E+00  .0000E+00
27.350  .0000E+00  .0000E+00  .0000E+00  .0000E+00  .0000E+00  .0000E+00
27.400  .0000E+00  .0000E+00  .0000E+00  .0000E+00  .0000E+00  .0000E+00
27.450  .0000E+00  .0000E+00  .0000E+00  .0000E+00  .0000E+00  .0000E+00
27.500  .0000E+00  .0000E+00  .0000E+00  .0000E+00  .0000E+00  .0000E+00
27.550  .0000E+00  .0000E+00  .0000E+00  .0000E+00  .0000E+00  .0000E+00
27.600  .0000E+00  .0000E+00  .0000E+00  .0000E+00  .0000E+00  .0000E+00
27.650  .0000E+00  .0000E+00  .0000E+00  .0000E+00  .0000E+00  .0000E+00
27.700  .0000E+00  .0000E+00  .0000E+00  .0000E+00  .0000E+00  .0000E+00
27.750  .0000E+00  .0000E+00  .0000E+00  .0000E+00  .0000E+00  .0000E+00
27.800  .0000E+00  .0000E+00  .0000E+00  .0000E+00  .0000E+00  .0000E+00
27.850  .0000E+00  .0000E+00  .0000E+00  .0000E+00  .0000E+00  .0000E+00
27.900  .0000E+00  .0000E+00  .0000E+00  .0000E+00  .0000E+00  .0000E+00
27.950  .0000E+00  .0000E+00  .0000E+00  .0000E+00  .0000E+00  .0000E+00
28.000  .0000E+00  .0000E+00  .0000E+00  .0000E+00  .0000E+00  .0000E+00
28.050  .0000E+00  .0000E+00  .0000E+00  .0000E+00  .0000E+00  .0000E+00
28.100  .0000E+00  .0000E+00  .0000E+00  .0000E+00  .0000E+00  .0000E+00
28.150  .0000E+00  .0000E+00  .0000E+00  .0000E+00  .0000E+00  .0000E+00
28.200  .0000E+00  .0000E+00  .0000E+00  .0000E+00  .0000E+00  .0000E+00
28.250  .0000E+00  .0000E+00  .0000E+00  .0000E+00  .0000E+00  .0000E+00
28.300  .0000E+00  .0000E+00  .0000E+00  .0000E+00  .0000E+00  .0000E+00
28.350  .0000E+00  .0000E+00  .0000E+00  .0000E+00  .0000E+00  .0000E+00
28.400  .0000E+00  .0000E+00  .0000E+00  .0000E+00  .0000E+00  .0000E+00
28.450  .0000E+00  .0000E+00  .0000E+00  .0000E+00  .0000E+00  .0000E+00
28.500  .0000E+00  .0000E+00  .0000E+00  .0000E+00  .0000E+00  .0000E+00
28.550  .0000E+00  .0000E+00  .0000E+00  .0000E+00  .0000E+00  .0000E+00
28.600  .0000E+00  .0000E+00  .0000E+00  .0000E+00  .0000E+00  .0000E+00
28.650  .0000E+00  .0000E+00  .0000E+00  .0000E+00  .0000E+00  .0000E+00
28.700  .0000E+00  .0000E+00  .0000E+00  .0000E+00  .0000E+00  .0000E+00
28.750  .0000E+00  .0000E+00  .0000E+00  .0000E+00  .0000E+00  .0000E+00
28.800  .0000E+00  .0000E+00  .0000E+00  .0000E+00  .0000E+00  .0000E+00
28.850  .0000E+00  .0000E+00  .0000E+00  .0000E+00  .0000E+00  .0000E+00
28.900  .0000E+00  .0000E+00  .0000E+00  .0000E+00  .0000E+00  .0000E+00
28.950  .0000E+00  .0000E+00  .0000E+00  .0000E+00  .0000E+00  .0000E+00
29.000  .0000E+00  .0000E+00  .0000E+00  .0000E+00  .0000E+00  .0000E+00
29.050  .0000E+00  .0000E+00  .0000E+00  .0000E+00  .0000E+00  .0000E+00
29.100  .0000E+00  .0000E+00  .0000E+00  .0000E+00  .0000E+00  .0000E+00
29.150  .0000E+00  .0000E+00  .0000E+00  .0000E+00  .0000E+00  .0000E+00
29.200  .0000E+00  .0000E+00  .0000E+00  .0000E+00  .0000E+00  .0000E+00
29.250  .0000E+00  .0000E+00  .0000E+00  .0000E+00  .0000E+00  .0000E+00
29.300  .0000E+00  .0000E+00  .0000E+00  .0000E+00  .0000E+00  .0000E+00
29.350  .0000E+00  .0000E+00  .0000E+00  .0000E+00  .0000E+00  .0000E+00
29.400  .0000E+00  .0000E+00  .0000E+00  .0000E+00  .0000E+00  .0000E+00
29.450  .0000E+00  .0000E+00  .0000E+00  .0000E+00  .0000E+00  .0000E+00
29.500  .0000E+00  .0000E+00  .0000E+00  .0000E+00  .0000E+00  .0000E+00
29.550  .0000E+00  .0000E+00  .0000E+00  .0000E+00  .0000E+00  .0000E+00
29.600  .0000E+00  .0000E+00  .0000E+00  .0000E+00  .0000E+00  .0000E+00
29.650  .0000E+00  .0000E+00  .0000E+00  .0000E+00  .0000E+00  .0000E+00
29.700  .0000E+00  .0000E+00  .0000E+00  .0000E+00  .0000E+00  .0000E+00
29.750  .0000E+00  .0000E+00  .0000E+00  .0000E+00  .0000E+00  .0000E+00
29.800  .0000E+00  .0000E+00  .0000E+00  .0000E+00  .0000E+00  .0000E+00
29.850  .0000E+00  .0000E+00  .0000E+00  .0000E+00  .0000E+00  .0000E+00
29.900  .0000E+00  .0000E+00  .0000E+00  .0000E+00  .0000E+00  .0000E+00
29.950  .0000E+00  .0000E+00  .0000E+00  .0000E+00  .0000E+00  .0000E+00
30.000  .0000E+00  .0000E+00  .0000E+00  .0000E+00  .0000E+00  .0000E+00
30.050  .0000E+00  .0000E+00  .0000E+00  .0000E+00  .0000E+00  .0000E+00
30.100  .0000E+00  .0000E+00  .0000E+00  .0000E+00  .0000E+00  .0000E+00
30.150  .0000E+00  .0000E+00  .0000E+00  .0000E+00  .0000E+00  .0000E+00
30.200  .0000E+00  .0000E+00  .0000E+00  .0000E+00  .0000E+00  .0000E+00
30.250  .0000E+00  .0000E+00  .0000E+00  .0000E+00  .0000E+00  .0000E+00
30.300  .0000E+00  .0000E+00  .0000E+00  .0000E+00  .0000E+00  .0000E+00
30.350  .0000E+00  .0000E+00  .0000E+00  .0000E+00  .0000E+00  .0000E+00
30.400  .0000E+00  .0000E+00  .0000E+00  .0000E+00  .0000E+00  .0000E+00
30.450  .0000E+00  .0000E+00  .0000E+00  .0000E+00  .0000E+00  .0000E+00
30.500  .0000E+00  .0000E+00  .0000E+00  .0000E+00  .0000E+00  .0000E+00
30.550  .0000E+00  .0000E+00  .0000E+00  .0000E+00  .0000E+00  .0000E+00
30.600  .0000E+00  .0000E+00  .0000E+00  .0000E+00  .0000E+00  .0000E+00
30.650  .0000E+00  .0000E+00  .0000E+00  .0000E+00  .0000E+00  .0000E+00
30.700  .0000E+00  .0000E+00  .0000E+00  .0000E+00  .0000E+00  .0000E+00
30.750  .0000E+00  .0000E+00  .0000E+00  .0000E+00  .0000E+00  .0000E+00
30.800  .0000E+00  .0000E+00  .0000E+00  .0000E+00  .0000E+00  .0000E+00
30.850  .0000E+00  .0000E+00  .0000E+00  .0000E+00  .0000E+00  .0000E+00
30.900  .0000E+00  .0000E+00  .0000E+00  .0000E+00  .0000E+00  .0000E+00
30.950  .0000E+00  .0000E+00  .0000E+00  .0000E+00  .0000E+00  .0000E+00
31.000  .0000E+00  .0000E+00  .0000E+00  .0000E+00  .0000E+00  .0000E+00
31.050  .0000E+00  .0000E+00  .0000E+00  .0000E+00  .0000E+00  .0000E+00
31.100  .0000E+00  .0000E+00  .0000E+00  .0000E+00  .0000E+00  .0000E+00
31.150  .0000E+00  .0000E+00  .0000E+00  .0000E+00  .0000E+00  .0000E+00
31.200  .0000E+00  .0000E+00  .0000E+00  .0000E+00  .0000E+00  .0000E+00
31.250  .0000E+00  .0000E+00  .0000E+00  .0000E+00  .0000E+00  .0000E+00
31.300  .0000E+00  .0000E+00  .0000E+00  .0000E+00  .0000E+00  .0000E+00
31.350  .0000E+00  .0000E+00  .0000E+00  .0000E+00  .0000E+00  .0000E+00
31.400  .0000E+00  .0000E+00  .0000E+00  .0000E+00  .0000E+00  .0000E+00
31.450  .0000E+00  .0000E+00  .0000E+00  .0000E+00  .0000E+00  .0000E+00
31.500  .0000E+00  .0000E+00  .0000E+00  .0000E+00  .0000E+00  .0000E+00
31.550  .0000E+00  .0000E+00  .0000E+00  .0000E+00  .0000E+00  .0000E+00
31.600  .0000E+00  .0000E+00  .0000E+00  .0000E+00  .0000E+00  .0000E+00
31.650  .0000E+00  .0000E+00  .0000E+00  .0000E+00  .0000E+00  .0000E+00
31.700  .0000E+00  .0000E+00  .0000E+00  .0000E+00  .0000E+00  .0000E+00
31.750  .0000E+00  .0000E+00  .0000E+00  .0000E+00  .0000E+00  .0000E+00
31.800  .0000E+00  .0000E+00  .0000E+00  .0000E+00  .0000E+00  .0000E+00
31.850  .0000E+00  .0000E+00  .0000E+00  .0000E+00  .0000E+00  .0000E+00
31.900  .0000E+00  .0000E+00  .0000E+00  .0000E+00  .0000E+00  .0000E+00
31.950  .0000E+00  .0000E+00  .0000E+00  .0000E+00  .0000E+00  .0000E+00
32.000  .0000E+00  .0000E+00  .0000E+00  .0000E+00  .0000E+00  .0000E+00
32.050  .0000E+00  .0000E+00  .0000E+00  .0000E+00  .0000E+00  .0000E+00
32.100  .0000E+00  .0000E+00  .0000E+00  .0000E+00  .0000E+00  .0000E+00
32.150  .0000E+00  .0000E+00  .0000E+00  .0000E+00  .0000E+00  .0000E+00
32.200  .0000E+00  .0000E+00  .0000E+00  .0000E+00  .0000E+00  .0000E+00
32.250  .0000E+00  .0000E+00  .0000E+00  .0000E+00  .0000E+00  .0000E+00
32.300  .0000E+00  .0000E+00  .0000E+00  .0000E+00  .0000E+00  .0000E+00
32.350  .0000E+00  .0000E+00  .0000E+00  .0000E+00  .0000E+00  .0000E+00
32.400  .0000E+00  .0000E+00  .0000E+00  .0000E+00  .0000E+00  .0000E+00
32.450  .0000E+00  .0000E+00  .0000E+00  .0000E+00  .0000E+00  .0000E+00
32.500  .0000E+00  .0000E+00  .0000E+00  .0000E+00  .0000E+00  .0000E+00
32.550  .0000E+00  .0000E+00  .0000E+00  .0000E+00  .0000E+00  .0000E+00
32.600  .0000E+00  .0000E+00  .0000E+00  .0000E+00  .0000E+00  .0000E+00
32.650  .0000E+00  .0000E+00  .0000E+00  .0000E+00  .0000E+00  .0000E+00
32.700  .0000E+00  .0000E+00  .0000E+00  .0000E+00  .0000E+00  .0000E+00
32.750  .0000E+00  .0000E+00  .0000E+00  .0000E+00  .0000E+00  .0000E+00
32.800  .0000E+00  .0000E+00  .0000E+00  .0000E+00  .0000E+00  .0000E+00
32.850  .0000E+00  .0000E+00  .0000E+00  .0000E+00  .0000E+00  .0000E+00
32.900  .0000E+00  .0000E+00  .0000E+00  .0000E+00  .0000E+00  .0000E+00
32.950  .0000E+00  .0000E+00  .0000E+00  .0000E+00  .0000E+00  .0000E+00
33.000  .0000E+00  .0000E+00  .0000E+00  .0000E+00  .0000E+00  .0000E+00
33.050  .0000E+00  .0000E+00  .0000E+00  .0000E+00  .0000E+00  .0000E+00
33.100  .0000E+00  .0000E+00  .0000E+00  .0000E+00  .0000E+00  .0000E+00
33.150  .0000E+00  .0000E+00  .0000E+00  .0000E+00  .0000E+00  .0000E+00
33.200  .0000E+00  .0000E+00  .0000E+00  .0000E+00  .0000E+00  .0000E+00
33.250  .0000E+00  .0000E+00  .0000E+00  .0000E+00  .0000E+00  .0000E+00
33.300  .0000E+00  .0000E+00  .0000E+00  .0000E+00  .0000E+00  .0000E+00
33.350  .0000E+00  .0000E+00  .0000E+00  .0000E+00  .0000E+00  .0000E+00
33.400  .0000E+00  .0000E+00  .0000E+00  .0000E+00  .0000E+00  .0000E+00
33.450  .0000E+00  .0000E+00  .0000E+00  .0000E+00  .0000E+00  .0000E+00
33.500  .0000E+00  .0000E+00  .0000E+00  .0000E+00  .0000E+00  .0000E+00
33.550  .0000E+00  .0000E+00  .0000E+00  .0000E+00  .0000E+00  .0000E+00
33.600  .0000E+00  .0000E+00  .0000E+00  .0000E+00  .0000E+00  .0000E+00
33.650  .0000E+00  .0000E+00  .0000E+00  .0000E+00  .0000E+00  .0000E+00
33.700  .0000E+00  .0000E+00  .0000E+00  .0000E+00  .0000E+00  .0000E+00
33.750  .0000E+00  .0000E+00  .0000E+00  .0000E+00  .0000E+00  .0000E+00
33.800  .0000E+00  .0000E+00  .0000E+00  .0000E+00  .0000E+00  .0000E+00
33.850  .0000E+00  .0000E+00  .0000E+00  .0000E+00  .0000E+00  .0000E+00
33.900  .0000E+00  .0000E+00  .0000E+00  .0000E+00  .0000E+00  .0000E+00
33.950  .0000E+00  .0000E+00  .0000E+00  .0000E+00  .0000E+00  .0000E+00
34.000  .0000E+00  .0000E+00  .0000E+00  .0000E+00  .0000E+00  .0000E+00
34.050  .0000E+00  .0000E+00  .0000E+00  .0000E+00  .0000E+00  .0000E+00
34.100  .0000E+00  .0000E+00  .0000E+00  .0000E+00  .0000E+00  .0000E+00
34.150  .0000E+00  .0000E+00  .0000E+00  .0000E+00  .0000E+00  .0000E+00
34.200  .0000E+00  .0000E+00  .0000E+00  .0000E+00  .0000E+00  .0000E+00
34.250  .0000E+00  .0000E+00  .0000E+00  .0000E+00  .0000E+00  .0000E+00
34.300  .0000E+00  .0000E+00  .0000E+00  .0000E+00  .0000E+00  .0000E+00
34.350  .0000E+00  .0000E+00  .0000E+00  .0000E+00  .0000E+00  .0000E+00
34.400  .0000E+00  .0000E+00  .0000E+00  .0000E+00  .0000E+00  .0000E+00
34.450  .0000E+00  .0000E+00  .0000E+00  .0000E+00  .0000E+00  .0000E+00
34.500  .0000E+00  .0000E+00  .0000E+00  .0000E+00  .0000E+00  .0000E+00
34.550  .0000E+00  .0000E+00  .0000E+00  .0000E+00  .0000E+00  .0000E+00
34.600  .0000E+00  .0000E+00  .0000E+00  .0000E+00  .0000E+00  .0000E+00
34.650  .0000E+00  .0000E+00  .0000E+00  .0000E+00  .0000E+00  .0000E+00
34.700  .0000E+00  .0000E+00  .0000E+00  .0000E+00  .0000E+00  .0000E+00
34.750  .0000E+00  .0000E+00  .0000E+00  .0000E+00  .0000E+00  .0000E+00
34.800  .0000E+00  .0000E+00  .0000E+00  .0000E+00  .0000E+00  .0000E+00
34.850  .0000E+00  .0000E+00  .0000E+00  .0000E+00  .0000E+00  .0000E+00
34.900  .0000E+00  .0000E+00  .0000E+00  .0000E+00  .0000E+00  .0000E+00
34.950  .0000E+00  .0000E+00  .0000E+00  .0000E+00  .0000E+00  .0000E+00
35.000  .0000E+00  .0000E+00  .0000E+00  .0000E+00  .0000E+00  .0000E+00
35.050  .0000E+00  .0000E+00  .0000E+00  .0000E+00  .0000E+00  .0000E+00
35.100  .0000E+00  .0000E+00  .0000E+00  .0000E+00  .0000E+00  .0000E+00
35.150  .0000E+00  .0000E+00  .0000E+00  .0000E+00  .0000E+00  .0000E+00
35.200  .0000E+00  .0000E+00  .0000E+00  .0000E+00  .0000E+00  .0000E+00
35.250  .0000E+00  .0000E+00  .0000E+00  .0000E+00  .0000E+00  .0000E+00
35.300  .0000E+00  .0000E+00  .0000E+00  .0000E+00  .0000E+00  .0000E+00
35.350  .0000E+00  .0000E+00  .0000E+00  .0000E+00  .0000E+00  .0000E+00
35.400  .0000E+00  .0000E+00  .0000E+00  .0000E+00  .0000E+00  .0000E+00
35.450  .0000E+00  .0000E+00  .0000E+00  .0000E+00  .0000E+00  .0000E+00
35.500  .0000E+00  .0000E+00  .0000E+00  .0000E+00  .0000E+00  .0000E+00
35.550  .0000E+00  .0000E+00  .0000E+00  .0000E+00  .0000E+00  .0000E+00
35.600  .0000E+00  .0000E+00  .0000E+00  .0000E+00  .0000E+00  .0000E+00
35.650  .0000E+00  .0000E+00  .0000E+00  .0000E+00  .0000E+00  .0000E+00
35.700  .0000E+00  .0000E+00  .0000E+00  .0000E+00  .0000E+00  .0000E+00
35.750  .0000E+00  .0000E+00  .0000E+00  .0000E+00  .0000E+00  .0000E+00
35.800  .0000E+00  .0000E+00  .0000E+00  .0000E+00  .0000E+00  .0000E+00
35.850  .0000E+00  .0000E+00  .0000E+00  .0000E+00  .0000E+00  .0000E+00
35.900  .0000E+00  .0000E+00  .0000E+00  .0000E+00  .0000E+00  .0000E+00
35.950  .0000E+00  .0000E+00  .0000E+00  .0000E+00  .0000E+00  .0000E+00
36.000  .0000E+00  .0000E+00  .0000E+00  .0000E+00  .0000E+00  .0000E+00
36.050  .0000E+00  .0000E+00  .0000E+00  .0000E+00  .0000E+00  .0000E+00
36.100  .0000E+00  .0000E+00  .0000E+00  .0000E+00  .0000E+00  .0000E+00
36.150  .0000E+00  .0000E+00  .0000E+00  .0000E+00  .0000E+00  .0000E+00
36.200  .0000E+00  .0000E+00  .0000E+00  .0000E+00  .0000E+00  .0000E+00
36.250  .0000E+00  .0000E+00  .0000E+00  .0000E+00  .0000E+00  .0000E+00
36.300  .0000E+00  .0000E+00  .0000E+00  .0000E+00  .0000E+00  .0000E+00
36.350  .0000E+00  .0000E+00  .0000E+00  .0000E+00  .0000E+00  .0000E+00
36.400  .0000E+00  .0000E+00  .0000E+00  .0000E+00  .0000E+00  .0000E+00
36.450  .0000E+00  .0000E+00  .0000E+00  .0000E+00  .0000E+00  .0000E+00
36.500  .0000E+00  .0000E+00  .0000E+00  .0000E+00  .0000E+00  .0000E+00
36.550  .0000E+00  .0000E+00  .0000E+00  .0000E+00  .0000E+00  .0000E+00
36.600  .0000E+00  .0000E+00  .0000E+00  .0000E+00  .0000E+00  .0000E+00
36.650  .0000E+00  .0000E+00  .0000E+00  .0000E+00  .0000E+00  .0000E+00
36.700  .0000E+00  .0000E+00  .0000E+00  .0000E+00  .0000E+00  .0000E+00
36.750  .0000E+00  .0000E+00  .0000E+00  .0000E+00  .0000E+00  .0000E+00
36.800  .0000E+00  .0000E+00  .0000E+00  .0000E+00  .0000E+00  .0000E+00
36.850  .0000E+00  .0000E+00  .0000E+00  .0000E+00  .0000E+00  .0000E+00
36.900  .0000E+00  .0000E+00  .0000E+00  .0000E+00  .0000E+00  .0000E+00
36.950  .0000E+00  .0000E+00  .0000E+00  .0000E+00  .0000E+00  .0000E+00
37.000  .0000E+00  .0000E+00  .0000E+00  .0000E+00  .0000E+00  .0000E+00
37.050  .0000E+00  .0000E+00  .0000E+00  .0000E+00  .0000E+00  .0000E+00
37.100  .0000E+00  .0000E+00  .0000E+00  .0000E+00  .0000E+00  .0000E+00
37.150  .0000E+00  .0000E+00  .0000E+00  .0000E+00  .0000E+00  .0000E+00
37.200  .0000E+00  .0000E+00  .0000E+00  .0000E+00  .0000E+00  .0000E+00
37.250  .0000E+00  .0000E+00  .0000E+00  .0000E+00  .0000E+00  .0000E+00
37.300  .0000E+00  .0000E+00  .0000E+00  .0000E+00  .0000E+00  .0000E+00
37.350  .0000E+00  .0000E+00  .0000E+00  .0000E+00  .0000E+00  .0000E+00
37.400  .0000E+00  .0000E+00  .0000E+00  .0000E+00  .0000E+00  .0000E+00
37.450  .0000E+00  .0000E+00  .0000E+00  .0000E+00  .0000E+00  .0000E+00
37.500  .0000E+00  .0000E+00  .0000E+00  .0000E+00  .0000E+00  .0000E+00
37.550  .0000E+00  .0000E+00  .0000E+00  .0000E+00  .0000E+00  .0000E+00
37.600  .0000E+00  .0000E+00  .0000E+00  .0000E+00  .0000E+00  .0000E+00
37.650  .0000E+00  .0000E+00  .0000E+00  .0000E+00  .0000E+00  .0000E+00
37.700  .0000E+00  .0000E+00  .0000E+00  .0000E+00  .0000E+00  .0000E+00
37.750  .0000E+00  .0000E+00  .0000E+00  .0000E+00  .0000E+00  .0000E+00
37.800  .0000E+00  .0000E+00  .0000E+00  .0000E+00  .0000E+00  .0000E+00
37.850  .0000E+00  .0000E+00  .0000E+00  .0000E+00  .0000E+00  .0000E+00
37.900  .0000E+00  .0000E+00  .0000E+00  .0000E+00  .0000E+00  .0000E+00
37.950  .0000E+00  .0000E+00  .0000E+00  .0000E+00  .0000E+00  .0000E+00
38.000  .0000E+00  .0000E+00  .0000E+00  .0000E+00  .0000E+00  .0000E+00
38.050  .0000E+00  .0000E+00  .0000E+00  .0000E+00  .0000E+00  .0000E+00
38.100  .0000E+00  .0000E+00  .0000E+00  .0000E+00  .0000E+00  .0000E+00
38.150  .0000E+00  .0000E+00  .0000E+00  .0000E+00  .0000E+00  .0000E+00
38.200  .0000E+00  .0000E+00  .0000E+00  .0000E+00  .0000E+00  .0000E+00
38.250  .0000E+00  .0000E+00  .0000E+00  .0000E+00  .0000E+00  .0000E+00
38.300  .0000E+00  .0000E+00  .0000E+00  .0000E+00  .0000E+00  .0000E+00
38.350  .0000E+00  .0000E+00  .0000E+00  .0000E+00  .0000E+00  .0000E+00
38.400  .0000E+00  .0000E+00  .0000E+00  .0000E+00  .0000E+00  .0000E+00
38.450  .0000E+00  .0000E+00  .0000E+00  .0000E+00  .0000E+00  .0000E+00
38.500  .0000E+00  .0000E+00  .0000E+00  .0000E+00  .0000E+00  .0000E+00
38.550  .0000E+00  .0000E+00  .0000E+00  .0000E+00  .0000E+00  .0000E+00
38.600  .0000E+00  .0000E+00  .0000E+00  .0000E+00  .0000E+00  .0000E+00
38.650  .0000E+00  .0000E+00  .0000E+00  .0000E+00  .0000E+00  .0000E+00
38.700  .0000E+00  .0000E+00  .0000E+00  .0000E+00  .0000E+00  .0000E+00
38.750  .0000E+00  .0000E+00  .0000E+00  .0000E+00  .0000E+00  .0000E+00
38.800  .0000E+00  .0000E+00  .0000E+00  .0000E+00  .0000E+00  .0000E+00
38.850  .0000E+00  .0000E+00  .0000E+00  .0000E+00  .0000E+00  .0000E+00
38.900  .0000E+00  .0000E+00  .0000E+00  .0000E+00  .0000E+00  .0000E+00
38.950  .0000E+00  .0000E+00  .0000E+00  .0000E+00  .0000E+00  .0000E+00
39.000  .0000E+00  .0000E+00  .0000E+00  .0000E+00  .0000E+00  .0000E+00
39.050  .0000E+00  .0000E+00  .0000E+00  .0000E+00  .0000E+00  .0000E+00
39.100  .0000E+00  .0000E+00  .0000E+00  .0000E+00  .0000E+00  .0000E+00
39.150  .0000E+00  .0000E+00  .0000E+00  .0000E+00  .0000E+00  .0000E+00
39.200  .0000E+00  .0000E+00  .0000E+00  .0000E+00  .0000E+00  .0000E+00
39.250  .0000E+00  .0000E+00  .0000E+00  .0000E+00  .0000E+00  .0000E+00
39.300  .0000E+00  .0000E+00  .0000E+00  .0000E+00  .0000E+00  .0000E+00
39.350  .0000E+00  .0000E+00  .0000E+00  .0000E+00  .0000E+00  .0000E+00
39.400  .0000E+00  .0000E+00  .0000E+00  .0000E+00  .0000E+00  .0000E+00
39.450  .0000E+00  .0000E+00  .0000E+00  .0000E+00  .0000E+00  .0000E+00
39.500  .0000E+00  .0000E+00  .0000E+00  .0000E+00  .0000E+00  .0000E+00
39.550  .0000E+00  .0000E+00  .0000E+00  .0000E+00  .0000E+00  .0000E+00
39.600  .0000E+00  .0000E+00  .0000E+00  .0000E+00  .0000E+00  .0000E+00
39.650  .0000E+00  .0000E+00  .0000E+00  .0000E+00  .0000E+00  .0000E+00
39.700  .0000E+00  .0000E+00  .0000E+00  .0000E+00  .0000E+00  .0000E+00
39.750  .0000E+00  .0000E+00  .0000E+00  .0000E+00  .0000E+00  .0000E+00
39.800  .0000E+00  .0000E+00  .0000E+00  .0000E+00  .0000E+00  .0000E+00
39.850  .0000E+00  .0000E+00  .0000E+00  .0000E+00  .0000E+00  .0000E+00
39.900  .0000E+00  .0000E+00  .0000E+00  .0000E+00  .0000E+00  .0000E+00
39.950  .0000E+00  .0000E+00  .0000E+00  .0000E+00  .0000E+00  .0000E+00
40.000  .0000E+00  .0000E+00  .0000E+00  .0000E+00  .0000E+00  .0000E+00
40.050  .0000E+00  .0000E+00  .0000E+00  .0000E+00  .0000E+00  .0000E+00
40.100  .0000E+00  .0000E+00  .0000E+00  .0000E+00  .0000E+00  .0000E+00
40.150  .0000E+00  .0000E+00  .0000E+00  .0000E+00  .0000E+00  .0000E+00
40.200  .0000E+00  .0000E+00  .0000E+00  .0000E+00  .0000E+00  .0000E+00
40.250  .0000E+00  .0000E+00  .0000E+00  .0000E+00  .0000E+00  .0000E+00
40.300  .0000E+00  .0000E+00  .0000E+00  .0000E+00  .0000E+00  .0000E+00
40.350  .0000E+00  .0000E+00  .0000E+00  .0000E+00  .0000E+00  .0000E+00
40.400  .0000E+00  .0000E+00  .0000E+00  .0000E+00  .0000E+00  .0000E+00
40.450  .0000E+00  .0000E+00  .0000E+00  .0000E+00  .0000E+00  .0000E+00
40.500  .0000E+00  .0000E+00  .0000E+00  .0000E+00  .0000E+00  .0000E+00
40.550  .0000E+00  .0000E+00  .0000E+00  .0000E+00  .0000E+00  .0000E+00
40.600  .0000E+00  .0000E+00  .0000E+00  .0000E+00  .0000E+00  .0000E+00
40.650  .0000E+00  .0000E+00  .0000E+00  .0000E+00  .0000E+00  .0000E+00
40.700  .0000E+00  .0000E+00  .0000E+00  .0000E+00  .0000E+00  .0000E+00
40.750  .0000E+00  .0000E+00  .0000E+00  .0000E+00  .0000E+00  .0000E+00
40.800  .0000E+00  .0000E+00  .0000E+00  .0000E+00  .0000E+00  .0000E+00
40.850  .0000E+00  .0000E+00  .0000E+00  .0000E+00  .0000E+00  .0000E+00
40.900  .0000E+00  .0000E+00  .0000E+00  .0000E+00  .0000E+00  .0000E+00
40.950  .0000E+00  .0000E+00  .0000E+00  .0000E+00  .0000E+00  .0000E+00
41.000  .0000E+00  .0000E+00  .0000E+00  .0000E+00  .0000E+00  .0000E+00
41.050  .0000E+00  .0000E+00  .0000E+00  .0000E+00  .0000E+00  .0000E+00
41.100  .0000E+00  .0000E+00  .0000E+00  .0000E+00  .0000E+00  .0000E+00
41.150  .0000E+00  .0000E+00  .0000E+00  .0000E+00  .0000E+00  .0000E+00
41.200  .0000E+00  .0000E+00  .0000E+00  .0000E+00  .0000E+00  .0000E+00
41.250  .0000E+00  .0000E+00  .0000E+00  .0000E+00  .0000E+00  .0000E+00
41.300  .0000E+00  .0000E+00  .0000E+00  .0000E+00  .0000E+00  .0000E+00
41.350  .0000E+00  .0000E+00  .0000E+00  .0000E+00  .0000E+00  .0000E+00
41.400  .0000E+00  .0000E+00  .0000E+00  .0000E+00  .0000E+00  .0000E+00
41.450  .0000E+00  .0000E+00  .0000E+00  .0000E+00  .0000E+00  .0000E+00
41.500  .0000E+00  .0000E+00  .0000E+00  .0000E+00  .0000E+00  .0000E+00
41.550  .0000E+00  .0000E+00  .0000E+00  .0000E+00  .0000E+00  .0000E+00
41.600  .0000E+00  .0000E+00  .0000E+00  .0000E+00  .0000E+00  .0000E+00
41.650  .0000E+00  .0000E+00  .0000E+00  .0000E+00  .0000E+00  .0000E+00
41.700  .0000E+00  .0000E+00  .0000E+00  .0000E+00  .0000E+00  .0000E+00
41.750  .0000E+00  .0000E+00  .0000E+00  .0000E+00  .0000E+00  .0000E+00
41.800  .0000E+00  .0000E+00  .0000E+00  .0000E+00  .0000E+00  .0000E+00
41.850  .0000E+00  .0000E+00  .0000E+00  .0000E+00  .0000E+00  .0000E+00
41.900  .0000E+00  .0000E+00  .0000E+00  .0000E+00  .0000E+00  .0000E+00
41.950  .0000E+00  .0000E+00  .0000E+00  .0000E+00  .0000E+00  .0000E+00
42.000  .0000E+00  .0000E+00  .0000E+00  .0000E+00  .0000E+00  .0000E+00
42.050  .0000E+00  .0000E+00  .0000E+00  .0000E+00  .0000E+00  .0000E+00
42.100  .0000E+00  .0000E+00  .0000E+00  .0000E+00  .0000E+00  .0000E+00
42.150  .0000E+00  .0000E+00  .0000E+00  .0000E+00  .0000E+00  .0000E+00
42.200  .0000E+00  .0000E+00  .0000E+00  .0000E+00  .0000E+00  .0000E+00
42.250  .0000E+00  .0000E+00  .0000E+00  .0000E+00  .0000E+00  .0000E+00
42.300  .0000E+00  .0000E+00  .0000E+00  .0000E+00  .0000E+00  .0000E+00
42.350  .0000E+00  .0000E+00  .0000E+00  .0000E+00  .0000E+00  .0000E+00
42.400  .0000E+00  .0000E+00  .0000E+00  .0000E+00  .0000E+00  .0000E+00
42.450  .0000E+00  .0000E+00  .0000E+00  .0000E+00  .0000E+00  .0000E+00
42.500  .0000E+00  .0000E+00  .0000E+00  .0000E+00  .0000E+00  .0000E+00
42.550  .0000E+00  .0000E+00  .0000E+00  .0000E+00  .0000E+00  .0000E+00
42.600  .0000E+00  .0000E+00  .0000E+00  .0000E+00  .0000E+00  .0000E+00
42.650  .0000E+00  .0000E+00  .0000E+00  .0000E+00  .0000E+00  .0000E+00
42.700  .0000E+00  .0000E+00  .0000E+00  .0000E+00  .0000E+00  .0000E+00
42.750  .0000E+00  .0000E+00  .0000E+00  .0000E+00  .0000E+00  .0000E+00
42.800  .0000E+00  .0000E+00  .0000E+00  .0000E+00  .0000E+00  .0000E+00
42.850  .0000E+00  .0000E+00  .0000E+00  .0000E+00  .0000E+00  .0000E+00
42.900  .0000E+00  .0000E+00  .0000E+00  .0000E+00  .0000E+00  .0000E+00
42.950  .0000E+00  .0000E+00  .0000E+00  .0000E+00  .0000E+00  .0000E+00
43.000  .0000E+00  .0000E+00  .0000E+00  .0000E+00  .0000E+00  .0000E+00
43.050  .0000E+00  .0000E+00  .0000E+00  .0000E+00  .0000E+00  .0000E+00
43.100  .0000E+00  .0000E+00  .0000E+00  .0000E+00  .0000E+00  .0000E+00
43.150  .0000E+00  .0000E+00  .0000E+00  .0000E+00  .0000E+00  .0000E+00
43.200  .0000E+00  .0000E+00  .0000E+00  .0000E+00  .0000E+00  .0000E+00
43.250  .0000E+00  .0000E+00  .0000E+00  .0000E+00  .0000E+00  .0000E+00
43.300  .0000E+00  .0000E+00  .0000E+00  .0000E+00  .0000E+00  .0000E+00
43.350  .0000E+00  .0000E+00  .0000E+00  .0000E+00  .0000E+00  .0000E+00
43.400  .0000E+00  .0000E+00  .0000E+00  .0000E+00  .0000E+00  .0000E+00
43.450  .0000E+00  .0000E+00  .0000E+00  .0000E+00  .0000E+00  .0000E+00
43.500  .0000E+00  .0000E+00  .0000E+00  .0000E+00  .0000E+00  .0000E+00
43.550  .0000E+00  .0000E+00  .0000E+00  .0000E+00  .0000E+00  .0000E+00
43.600  .0000E+00  .0000E+00  .0000E+00  .0000E+00  .0000E+00  .0000E+00
43.650  .0000E+00  .0000E+00  .0000E+00  .0000E+00  .0000E+00  .0000E+00
43.700  .0000E+00  .0000E+00  .0000E+00  .0000E+00  .0000E+00  .0000E+00
43.750  .0000E+00  .0000E+00  .0000E+00  .0000E+00  .0000E+00  .0000E+00
43.800  .0000E+00  .0000E+00  .0000E+00  .0000E+00  .0000E+00  .0000E+00
43.850  .0000E+00  .0000E+00  .0000E+00  .0000E+00  .0000E+00  .0000E+00
43.900  .0000E+00  .0000E+00  .0000E+00  .0000E+00  .0000E+00  .0000E+00
43.950  .0000E+00  .0000E+00  .0000E+00  .0000E+00  .0000E+00  .0000E+00
44.000  .0000E+00  .0000E+00  .0000E+00  .0000E+00  .0000E+00  .0000E+00
44.050  .0000E+00  .0000E+00  .0000E+00  .0000E+00  .0000E+00  .0000E+00
44.100  .0000E+00  .0000E+00  .0000E+00  .0000E+00  .0000E+00  .0000E+00
44.150  .0000E+00  .0000E+00  .0000E+00  .0000E+00  .0000E+00  .0000E+00
44.200  .0000E+00  .0000E+00  .0000E+00  .0000E+00  .0000E+00  .0000E+00
44.250  .0000E+00  .0000E+00  .0000E+00  .0000E+00  .0000E+00  .0000E+00
44.300  .0000E+00  .0000E+00  .0000E+00  .0000E+00  .0000E+00  .0000E+00
44.350  .0000E+00  .0000E+00  .0000E+00  .0000E+00  .0000E+00  .0000E+00
44.400  .0000E+00  .0000E+00  .0000E+00  .0000E+00  .0000E+00  .0000E+00
44.450  .0000E+00  .0000E+00  .0000E+00  .0000E+00  .0000E+00  .0000E+00
44.500  .0000E+00  .0000E+00  .0000E+00  .0000E+00  .0000E+00  .0000E+00
44.550  .0000E+00  .0000E+00  .0000E+00  .0000E+00  .0000E+00  .0000E+00
44.600  .0000E+00  .0000E+00  .0000E+00  .0000E+00  .0000E+00  .0000E+00
44.650  .0000E+00  .0000E+00  .0000E+00  .0000E+00  .0000E+00  .0000E+00
44.700  .0000E+00  .0000E+00  .0000E+00  .0000E+00  .0000E+00  .0000E+00
44.750  .0000E+00  .0000E+00  .0000E+00  .0000E+00  .0000E+00  .0000E+00
44.800  .0000E+00  .0000E+00  .0000E+00  .0000E+00  .0000E+00  .0000E+00
44.850  .0000E+00  .0000E+00  .0000E+00  .0000E+00  .0000E+00  .0000E+00
44.900  .0000E+00  .0000E+00  .0000E+00  .0000E+00  .0000E+00  .0000E+00
44.950  .0000E+00  .0000E+00  .0000E+00  .0000E+00  .0000E+00  .0000E+00
45.000  .0000E+00  .0000E+00  .0000E+00  .0000E+00  .0000E+00  .0000E+00
45.050  .0000E+00  .0000E+00  .0000E+00  .0000E+00  .0000E+00  .0000E+00
45.100  .0000E+00  .0000E+00  .0000E+00  .0000E+00  .0000E+00  .0000E+00
45.150  .0000E+00  .0000E+00  .0000E+00  .0000E+00  .0000E+00  .0000E+00
45.200  .0000E+00  .0000E+00  .0000E+00  .0000E+00  .0000E+00  .0000E+00
45.250  .0000E+00  .0000E+00  .0000E+00  .0000E+00  .0000E+00  .0000E+00
45.300  .0000E+00  .0000E+00  .0000E+00  .0000E+00  .0000E+00  .0000E+00
45.350  .0000E+00  .0000E+00  .0000E+00  .0000E+00  .0000E+00  .0000E+00
45.400  .0000E+00  .0000E+00  .0000E+00  .0000E+00  .0000E+00  .0000E+00
45.450  .0000E+00  .0000E+00  .0000E+00  .0000E+00  .0000E+00  .0000E+00
45.500  .0000E+00  .0000E+00  .0000E+00  .0000E+00  .0000E+00  .0000E+00
45.550  .0000E+00  .0000E+00  .0000E+00  .0000E+00  .0000E+00  .0000E+00
45.600  .0000E+00  .0000E+00  .0000E+00  .0000E+00  .0000E+00  .0000E+00
45.650  .0000E+00  .0000E+00  .0000E+00  .0000E+00  .0000E+00  .0000E+00
45.700  .0000E+00  .0000E+00  .0000E+00  .0000E+00  .0000E+00  .0000E+00
45.750  .0000E+00  .0000E+00  .0000E+00  .0000E+00  .0000E+00  .0000E+00
45.800  .0000E+00  .0000E+00  .0000E+00  .0000E+00  .0000E+00  .0000E+00
45.850  .0000E+00  .0000E+00  .0000E+00  .0000E+00  .0000E+00  .0000E+00
45.900  .0000E+00  .0000E+00  .0000E+00  .0000E+00  .0000E+00  .0000E+00
45.950  .0000E+00  .0000E+00  .0000E+00  .0000E+00  .0000E+00  .0000E+00
46.000  .0000E+00  .0000E+00  .0000E+00  .0000E+00  .0000E+00  .0000E+00
46.050  .0000E+00  .0000E+00  .0000E+00  .0000E+00  .0000E+00  .0000E+00
46.100  .0000E+00  .0000E+00  .0000E+00  .0000E+00  .0000E+00  .0000E+00
46.150  .0000E+00  .0000E+00  .0000E+00  .0000E+00  .0000E+00  .0000E+00
46.200  .0000E+00  .0000E+00  .0000E+00  .0000E+00  .0000E+00  .0000E+00
46.250  .0000E+00  .0000E+00  .0000E+00  .0000E+00  .0000E+00  .0000E+00
46.300  .0000E+00  .0000E+00  .0000E+00  .0000E+00  .0000E+00  .0000E+00
46.350  .0000E+00  .0000E+00  .0000E+00  .0000E+00  .0000E+00  .0000E+00
46.400  .0000E+00  .0000E+00  .0000E+00  .0000E+00  .0000E+00  .0000E+00
46.450  .0000E+00  .0000E+00  .0000E+00  .0000E+00  .0000E+00  .0000E+00
46.500  .0000E+00  .0000E+00  .0000E+00  .0000E+00  .0000E+00  .0000E+00
46.550  .0000E+00  .0000E+00  .0000E+00  .0000E+00  .0000E+00  .0000E+00
46.600  .0000E+00  .0000E+00  .0000E+00  .0000E+00  .0000E+00  .0000E+00
46.650  .0000E+00  .0000E+00  .0000E+00  .0000E+00  .0000E+00  .0000E+00
46.700  .0000E+00  .0000E+00  .0000E+00  .0000E+00  .0000E+00  .0000E+00
46.750  .0000E+00  .0000E+00  .0000E+00  .0000E+00  .0000E+00  .0000E+00
46.800  .0000E+00  .0000E+00  .0000E+00  .0000E+00  .0000E+00  .0000E+00
46.850  .0000E+00  .0000E+00  .0000E+00  .0000E+00  .0000E+00  .0000E+00
46.900  .0000E+00  .0000E+00  .0000E+00  .0000E+00  .0000E+00  .0000E+00
46.950  .0000E+00  .0000E+00  .0000E+00  .0000E+00  .0000E+00  .0000E+00
47.000  .0000E+00  .0000E+00  .0000E+00  .0000E+00  .0000E+00  .0000E+00
47.050  .0000E+00  .0000E+00  .0000E+00  .0000E+00  .0000E+00  .0000E+00
47.100  .0000E+00  .0000E+00  .0000E+00  .0000E+00  .0000E+00  .0000E+00
47.150  .0000E+00  .0000E+00  .0000E+00  .0000E+00  .0000E+00  .0000E+00
47.200  .0000E+00  .0000E+00  .0000E+00  .0000E+00  .0000E+00  .0000E+00
47.250  .0000E+00  .0000E+00  .0000E+00  .0000E+00  .0000E+00  .0000E+00
47.300  .0000E+00  .0000E+00  .0000E+00  .0000E+00  .0000E+00  .0000E+00
47.350  .0000E+00  .0000E+00  .0000E+00  .0000E+00  .0000E+00  .0000E+00
47.400  .0000E+00  .0000E+00  .0000E+00  .0000E+00  .0000E+00  .0000E+00
47.450  .0000E+00  .0000E+00  .0000E+00  .0000E+00  .0000E+00  .0000E+00
47.500  .0000E+00  .0000E+00  .0000E+00  .0000E+00  .0000E+00  .0000E+00
47.550  .0000E+00  .0000E+00  .0000E+00  .0000E+00  .0000E+00  .0000E+00
47.600  .0000E+00  .0000E+00  .0000E+00  .0000E+00  .0000E+00  .0000E+00
47.650  .0000E+00  .0000E+00  .0000E+00  .0000E+00  .0000E+00  .0000E+00
47.700  .0000E+00  .0000E+00  .0000E+00  .0000E+00  .0000E+00  .0000E+00
47.750  .0000E+00  .0000E+00  .0000E+00  .0000E+00  .0000E+00  .0000E+00
47.800  .0000E+00  .0000E+00  .0000E+00  .0000E+00  .0000E+00  .0000E+00
47.850  .0000E+00  .0000E+00  .0000E+00  .0000E+00  .0000E+00  .0000E+00
47.900  .0000E+00  .0000E+00  .0000E+00  .0000E+00  .0000E+00  .0000E+00
47.950  .0000E+00  .0000E+00  .0000E+00  .0000E+00  .0000E+00  .0000E+00
48.000  .0000E+00  .0000E+00  .0000E+00  .0000E+00  .0000E+00  .0000E+00
