0.125	1.10622e-14	2.71195e-13	0	9.62581e-16	2.24736e-13	0
0.375	5.57419e-14	3.32896e-12	0	4.92265e-15	6.87581e-13	0
0.625	1.09973e-13	1.03207e-11	0	6.79804e-15	7.95423e-13	0
0.875	1.48614e-13	1.64445e-11	0	6.18309e-15	8.3318e-13	0
1.125	1.71661e-13	1.97752e-11	0	5.79817e-15	8.43811e-13	0
1.375	1.66201e-13	2.146e-11	0	5.88948e-15	8.15137e-13	0
1.625	1.58284e-13	2.29849e-11	0	5.37068e-15	7.84986e-13	0
1.875	1.41036e-13	2.51994e-11	0	4.3619e-15	7.36625e-13	0
2.125	1.32392e-13	2.72856e-11	0	4.70619e-15	6.98137e-13	0
2.375	1.09483e-13	2.71574e-11	0	3.61047e-15	6.42729e-13	0
2.625	1.2146e-13	2.50558e-11	0	2.75863e-15	5.86796e-13	0
2.875	1.08368e-13	2.25753e-11	0	3.93729e-15	5.43937e-13	0
3.125	9.57794e-14	1.97841e-11	0	3.93618e-15	4.76453e-13	0
3.375	7.4416e-14	1.61213e-11	0	2.46759e-15	4.44862e-13	0
3.625	7.4625e-14	1.16064e-11	0	3.31972e-15	3.99436e-13	0
3.875	7.2001e-14	7.51018e-12	0	2.18918e-15	3.71813e-13	0
4.125	6.2683e-14	4.75639e-12	0	2.10378e-15	3.15785e-13	0
4.375	5.45961e-14	3.15957e-12	0	1.80676e-15	3.22282e-13	0
4.625	5.06523e-14	2.0742e-12	0	1.67129e-15	3.22279e-13	0
4.875	3.86777e-14	1.51199e-12	0	2.23375e-15	3.2194e-13	0
5.125	3.22893e-14	1.18758e-12	0	1.73502e-15	3.20151e-13	0
5.375	3.61257e-14	8.99599e-13	0	1.14488e-15	2.72674e-13	0
5.625	2.59982e-14	7.38116e-13	0	2.35386e-15	2.4842e-13	0
5.875	2.15755e-14	6.10204e-13	0	1.48619e-15	2.24549e-13	0
6.125	2.15613e-14	5.0887e-13	0	1.13493e-15	2.01478e-13	0
6.375	1.88711e-14	4.60136e-13	0	1.22799e-15	2.12639e-13	0
6.625	1.49355e-14	4.23262e-13	0	1.00682e-15	1.8077e-13	0
6.875	1.53986e-14	3.81827e-13	0	6.59223e-16	1.407e-13	0
7.125	1.44109e-14	3.66177e-13	0	1.63446e-15	1.21376e-13	0
7.375	1.17699e-14	3.29269e-13	0	1.20169e-15	1.35637e-13	0
7.625	9.99395e-15	3.13755e-13	0	1.82667e-15	1.18107e-13	0
7.875	1.1996e-14	3.14848e-13	0	1.47551e-15	9.62389e-14	0
8.125	7.53317e-15	2.81623e-13	0	1.6951e-15	1.03652e-13	0
8.375	7.21237e-15	2.7142e-13	0	1.54705e-15	8.09339e-14	0
8.625	6.63069e-15	2.77683e-13	0	4.33381e-16	7.94037e-14	0
8.875	7.61192e-15	2.56798e-13	0	2.29811e-15	7.28256e-14	0
9.125	6.85716e-15	2.4284e-13	0	5.4562e-16	7.28959e-14	0
9.375	7.96392e-15	2.49433e-13	0	5.78811e-16	5.99189e-14	0
9.625	6.70983e-15	2.2657e-13	0	3.42343e-16	4.601e-14	0
9.875	5.24543e-15	2.09978e-13	0	4.58194e-16	5.48633e-14	0
10.125	4.21143e-15	2.07961e-13	0	3.11267e-16	3.41859e-14	0
10.375	5.12086e-15	2.05076e-13	0	8.93811e-16	5.21762e-14	0
10.625	4.41184e-15	1.91873e-13	0	1.99264e-16	2.98698e-14	0
10.875	3.54053e-15	1.83405e-13	0	4.79584e-16	3.9124e-14	0
11.125	3.04569e-15	1.62164e-13	0	4.82667e-16	3.25203e-14	0
11.375	2.28634e-15	1.69922e-13	0	4.02813e-16	3.32292e-14	0
11.625	3.63717e-15	1.48319e-13	0	1.42173e-16	2.37197e-14	0
11.875	3.1014e-15	1.40093e-13	0	2.97434e-16	2.7141e-14	0
12.125	2.56895e-15	1.4046e-13	0	0	2.63797e-14	0
12.375	2.0732e-15	1.25253e-13	0	1.80665e-16	1.33531e-14	0
12.625	1.74667e-15	1.18982e-13	0	1.86398e-16	1.46212e-14	0
12.875	2.12692e-15	1.17614e-13	0	1.41687e-16	1.88211e-14	0
13.125	1.62374e-15	9.23778e-14	0	3.66456e-16	1.21402e-14	0
13.375	1.21997e-15	1.14577e-13	0	0	1.01244e-14	0
13.625	1.94534e-15	9.52957e-14	0	5.30104e-17	8.16507e-15	0
13.875	3.00058e-15	8.24062e-14	0	1.78035e-16	1.27159e-14	0
14.125	1.53333e-15	7.75592e-14	0	1.30585e-16	1.76106e-14	0
14.375	1.3371e-15	7.7151e-14	0	0	6.28807e-15	0
14.625	1.27639e-15	6.85335e-14	0	1.38175e-16	8.45604e-15	0
14.875	1.2737e-15	6.49354e-14	0	7.38345e-17	3.70973e-15	0
15.125	1.10574e-15	5.42216e-14	0	2.00168e-16	7.03734e-15	0
15.375	1.58659e-15	5.57078e-14	0	7.71229e-17	3.36658e-15	0
15.625	1.26487e-15	5.49016e-14	0	0	6.02885e-15	0
15.875	1.2571e-15	4.77938e-14	0	1.26744e-16	4.12427e-15	0
16.125	7.36767e-16	4.27203e-14	0	7.57077e-17	7.92205e-15	0
16.375	1.25341e-15	4.09778e-14	0	4.91742e-17	3.65688e-15	0
16.625	5.60337e-16	3.96462e-14	0	1.17718e-16	7.74252e-15	0
16.875	1.02029e-15	4.44707e-14	0	8.94298e-17	2.3047e-15	0
17.125	6.13512e-16	4.00173e-14	0	9.72222e-17	3.08512e-15	0
17.375	7.02235e-16	3.3647e-14	0	7.7045e-17	4.98341e-15	0
17.625	1.18795e-15	3.1948e-14	0	1.08564e-16	5.55453e-15	0
17.875	9.8191e-16	3.41092e-14	0	0	2.22071e-15	0
18.125	8.82499e-16	2.90021e-14	0	0	1.84643e-15	0
18.375	2.24393e-16	2.82517e-14	0	0	2.6009e-15	0
18.625	4.78735e-16	2.79562e-14	0	8.90255e-17	1.89436e-15	0
18.875	4.44737e-16	2.49091e-14	0	0	2.2088e-15	0
19.125	8.43047e-16	2.29995e-14	0	9.46799e-17	2.4348e-15	0
19.375	1.04554e-15	2.78662e-14	0	0	1.78984e-15	0
19.625	1.95945e-16	2.31129e-14	0	0	1.3259e-15	0
19.875	8.00097e-17	2.13844e-14	0	0	2.07629e-15	0
20.125	3.03379e-16	2.13937e-14	0	0	1.57821e-15	0
20.375	4.41207e-16	2.24077e-14	0	1.3172e-16	1.67526e-15	0
20.625	9.83438e-17	2.08182e-14	0	0	1.63421e-15	0
20.875	8.34529e-17	1.858e-14	0	0	1.02746e-15	0
21.125	6.16729e-16	1.85052e-14	0	0	5.14009e-16	0
21.375	2.05911e-16	1.61628e-14	0	0	1.37171e-15	0
21.625	3.1058e-16	1.7536e-14	0	0	1.21366e-15	0
21.875	0	1.79118e-14	0	0	1.24718e-15	0
22.125	0	1.54506e-14	0	0	1.05155e-15	0
22.375	1.10388e-16	1.40242e-14	0	0	7.22913e-16	0
22.625	2.41645e-16	1.66332e-14	0	1.18289e-16	1.52051e-15	0
22.875	4.83249e-16	1.3051e-14	0	0	5.06399e-16	0
23.125	9.11078e-17	1.19282e-14	0	0	6.14422e-16	0
23.375	0	1.38136e-14	0	0	1.05683e-15	0
23.625	2.47619e-16	1.28407e-14	0	0	5.45746e-16	0
23.875	1.16585e-16	1.13243e-14	0	0	7.84255e-16	0
24.125	0	1.37524e-14	0	0	7.69517e-16	0
24.375	1.34265e-16	1.08599e-14	0	0	8.54068e-16	0
24.625	2.77695e-16	1.0368e-14	0	0	8.39419e-16	0
24.875	1.27045e-16	9.1244e-15	0	0	1.14741e-15	0
25.125	0	1.04242e-14	0	0	2.97908e-16	0
25.375	1.25922e-16	9.60074e-15	0	0	4.98024e-16	0
25.625	1.6681e-16	9.95652e-15	0	0	6.12606e-16	0
25.875	1.54838e-16	9.65141e-15	0	0	5.0412e-16	0
26.125	0	7.88823e-15	0	0	3.07958e-16	0
26.375	0	8.20895e-15	0	0	1.01489e-16	0
26.625	0	9.20702e-15	0	0	7.44591e-16	0
26.875	0	7.32324e-15	0	0	2.09806e-16	0
27.125	1.98096e-16	7.44612e-15	0	0	3.31583e-16	0
27.375	0	8.58198e-15	0	0	1.10023e-16	0
27.625	2.14749e-16	6.37753e-15	0	0	4.4684e-16	0
27.875	1.60517e-16	6.24333e-15	0	0	3.4075e-16	0
28.125	1.45453e-16	6.9418e-15	0	0	8.11355e-16	0
28.375	4.64592e-16	6.23486e-15	0	0	1.1683e-16	0
28.625	0	6.82244e-15	0	0	4.80953e-16	0
28.875	0	5.11776e-15	0	0	2.42873e-16	0
29.125	0	5.45169e-15	0	0	1.24149e-16	0
29.375	0	6.1777e-15	0	0	2.52943e-16	0
29.625	0	4.35191e-15	0	0	0	0
29.875	0	4.04017e-15	0	0	0	0
30.125	2.05183e-16	3.58023e-15	0	0	0	0
30.375	0	4.17694e-15	0	0	1.34682e-16	0
30.625	0	3.56202e-15	0	0	1.37442e-16	0
30.875	0	4.45296e-15	0	0	1.38311e-16	0
31.125	0	4.52451e-15	0	0	1.41271e-16	0
31.375	0	3.87674e-15	0	0	1.43104e-16	0
31.625	0	3.06674e-15	0	0	0	0
31.875	0	1.48411e-15	0	0	2.97915e-16	0
32.125	0	2.56455e-15	0	0	0	0
32.375	0	2.75274e-15	0	0	0	0
32.625	0	3.5729e-15	0	0	3.09818e-16	0
32.875	0	1.73728e-15	0	0	1.57711e-16	0
33.125	0	3.36477e-15	0	0	1.60381e-16	0
33.375	0	2.43735e-15	0	0	0	0
33.625	0	1.81785e-15	0	0	1.64153e-16	0
33.875	0	1.50427e-15	0	0	0	0
34.125	0	1.86665e-15	0	0	0	0
34.375	0	1.38441e-15	0	0	0	0
34.625	0	1.7527e-15	0	0	1.75897e-16	0
34.875	0	1.24263e-15	0	0	0	0
35.125	0	1.79915e-15	0	0	0	0
35.375	0	1.46068e-15	0	0	0	0
35.625	0	1.29756e-15	0	0	0	0
35.875	0	5.61894e-16	0	0	0	0
36.125	0	1.33423e-15	0	0	0	0
36.375	0	1.35119e-15	0	0	0	0
36.625	0	1.37155e-15	0	0	0	0
36.875	0	9.90816e-16	0	0	0	0
37.125	0	8.07451e-16	0	0	0	0
37.375	0	2.03461e-16	0	0	0	0
37.625	0	8.27896e-16	0	0	0	0
37.875	0	4.19107e-16	0	0	0	0
38.125	0	2.11052e-16	0	0	0	0
38.375	0	6.43962e-16	0	0	0	0
38.625	0	4.36677e-16	0	0	2.18709e-16	0
38.875	0	4.39676e-16	0	0	0	0
39.125	0	8.95359e-16	0	0	0	0
39.375	0	6.79479e-16	0	0	0	0
39.625	0	2.29547e-16	0	0	0	0
39.875	0	2.31545e-16	0	0	0	0
40.125	0	2.33847e-16	0	0	0	0
40.375	0	4.76272e-16	0	0	0	0
40.625	0	0	0	0	0	0
40.875	0	0	0	0	0	0
41.125	0	2.46282e-16	0	0	0	0
41.375	0	4.98688e-16	0	0	0	0
41.625	0	5.05194e-16	0	0	0	0
41.875	0	2.56595e-16	0	0	0	0
42.125	0	0	0	0	0	0
42.375	0	0	0	0	0	0
42.625	0	2.65778e-16	0	0	0	0
42.875	0	5.38836e-16	0	0	0	0
43.125	0	2.71169e-16	0	0	0	0
43.375	0	2.73545e-16	0	0	0	0
43.625	0	2.7779e-16	0	0	0	0
43.875	0	2.8011e-16	0	0	0	0
44.125	0	0	0	0	0	0
44.375	0	0	0	0	0	0
44.625	0	0	0	0	0	0
44.875	0	2.95115e-16	0	0	0	0
45.125	0	2.96373e-16	0	0	0	0
45.375	0	0	0	0	3.00117e-16	0
45.625	0	0	0	0	0	0
45.875	0	0	0	0	0	0
46.125	0	0	0	0	0	0
46.375	0	3.13883e-16	0	0	0	0
46.625	0	0	0	0	0	0
46.875	0	0	0	0	0	0
47.125	0	0	0	0	0	0
47.375	0	0	0	0	0	0
47.625	0	0	0	0	0	0
47.875	0	3.33022e-16	0	0	0	0
48.125	0	0	0	0	0	0
48.375	0	0	0	0	0	0
48.625	0	0	0	0	0	0
48.875	0	0	0	0	0	0
49.125	0	0	0	0	0	0
49.375	0	3.56818e-16	0	0	0	0
49.625	0	0	0	0	0	0
49.875	0	0	0	0	0	0
50.125	0	0	0	0	0	0
50.375	0	0	0	0	0	0
50.625	0	0	0	0	0	0
50.875	0	0	0	0	0	0
51.125	0	0	0	0	0	0
51.375	0	3.86804e-16	0	0	0	0
51.625	0	0	0	0	0	0
51.875	0	0	0	0	0	0
52.125	0	0	0	0	0	0
52.375	0	0	0	0	0	0
52.625	0	0	0	0	0	0
52.875	0	0	0	0	0	0
53.125	0	0	0	0	0	0
53.375	0	0	0	0	0	0
53.625	0	0	0	0	0	0
53.875	0	0	0	0	0	0
54.125	0	0	0	0	0	0
54.375	0	0	0	0	0	0
54.625	0	0	0	0	0	0
54.875	0	0	0	0	0	0
55.125	0	0	0	0	0	0
55.375	0	0	0	0	0	0
55.625	0	0	0	0	0	0
55.875	0	0	0	0	0	0
56.125	0	0	0	0	0	0
56.375	0	0	0	0	0	0
56.625	0	0	0	0	0	0
56.875	0	0	0	0	0	0
57.125	0	0	0	0	0	0
57.375	0	0	0	0	0	0
57.625	0	0	0	0	0	0
57.875	0	0	0	0	0	0
58.125	0	0	0	0	0	0
58.375	0	0	0	0	0	0
58.625	0	0	0	0	0	0
58.875	0	0	0	0	0	0
59.125	0	0	0	0	0	0
59.375	0	0	0	0	0	0
59.625	0	0	0	0	0	0
59.875	0	0	0	0	0	0
60.125	0	0	0	0	0	0
60.375	0	0	0	0	0	0
60.625	0	0	0	0	0	0
60.875	0	0	0	0	0	0
61.125	0	0	0	0	0	0
61.375	0	0	0	0	0	0
61.625	0	0	0	0	0	0
61.875	0	0	0	0	0	0
62.125	0	0	0	0	0	0
62.375	0	0	0	0	0	0
62.625	0	0	0	0	0	0
62.875	0	0	0	0	0	0
63.125	0	0	0	0	0	0
63.375	0	0	0	0	0	0
63.625	0	0	0	0	0	0
63.875	0	0	0	0	0	0
64.125	0	0	0	0	0	0
64.375	0	0	0	0	0	0
64.625	0	0	0	0	0	0
64.875	0	0	0	0	0	0
65.125	0	0	0	0	0	0
65.375	0	0	0	0	0	0
65.625	0	0	0	0	0	0
65.875	0	0	0	0	0	0
66.125	0	0	0	0	0	0
66.375	0	0	0	0	0	0
66.625	0	0	0	0	0	0
66.875	0	0	0	0	0	0
67.125	0	0	0	0	0	0
67.375	0	0	0	0	0	0
67.625	0	0	0	0	0	0
67.875	0	0	0	0	0	0
68.125	0	0	0	0	0	0
68.375	0	0	0	0	0	0
68.625	0	0	0	0	0	0
68.875	0	0	0	0	0	0
69.125	0	0	0	0	0	0
69.375	0	0	0	0	0	0
69.625	0	0	0	0	0	0
69.875	0	0	0	0	0	0
70.125	0	0	0	0	0	0
70.375	0	0	0	0	0	0
70.625	0	0	0	0	0	0
70.875	0	0	0	0	0	0
71.125	0	0	0	0	0	0
71.375	0	0	0	0	0	0
71.625	0	0	0	0	0	0
71.875	0	0	0	0	0	0
72.125	0	0	0	0	0	0
72.375	0	0	0	0	0	0
72.625	0	0	0	0	0	0
72.875	0	0	0	0	0	0
73.125	0	0	0	0	0	0
73.375	0	0	0	0	0	0
73.625	0	0	0	0	0	0
73.875	0	0	0	0	0	0
74.125	0	0	0	0	0	0
74.375	0	0	0	0	0	0
74.625	0	0	0	0	0	0
74.875	0	0	0	0	0	0
75.125	0	0	0	0	0	0
75.375	0	0	0	0	0	0
75.625	0	0	0	0	0	0
75.875	0	0	0	0	0	0
76.125	0	0	0	0	0	0
76.375	0	0	0	0	0	0
76.625	0	0	0	0	0	0
76.875	0	0	0	0	0	0
77.125	0	0	0	0	0	0
77.375	0	0	0	0	0	0
77.625	0	0	0	0	0	0
77.875	0	0	0	0	0	0
78.125	0	0	0	0	0	0
78.375	0	0	0	0	0	0
78.625	0	0	0	0	0	0
78.875	0	0	0	0	0	0
79.125	0	0	0	0	0	0
79.375	0	0	0	0	0	0
79.625	0	0	0	0	0	0
79.875	0	0	0	0	0	0
80.125	0	0	0	0	0	0
80.375	0	0	0	0	0	0
80.625	0	0	0	0	0	0
80.875	0	0	0	0	0	0
81.125	0	0	0	0	0	0
81.375	0	0	0	0	0	0
81.625	0	0	0	0	0	0
81.875	0	0	0	0	0	0
82.125	0	0	0	0	0	0
82.375	0	0	0	0	0	0
82.625	0	0	0	0	0	0
82.875	0	0	0	0	0	0
83.125	0	0	0	0	0	0
83.375	0	0	0	0	0	0
83.625	0	0	0	0	0	0
83.875	0	0	0	0	0	0
84.125	0	0	0	0	0	0
84.375	0	0	0	0	0	0
84.625	0	0	0	0	0	0
84.875	0	0	0	0	0	0
85.125	0	0	0	0	0	0
85.375	0	0	0	0	0	0
85.625	0	0	0	0	0	0
85.875	0	0	0	0	0	0
86.125	0	0	0	0	0	0
86.375	0	0	0	0	0	0
86.625	0	0	0	0	0	0
86.875	0	0	0	0	0	0
87.125	0	0	0	0	0	0
87.375	0	0	0	0	0	0
87.625	0	0	0	0	0	0
87.875	0	0	0	0	0	0
88.125	0	0	0	0	0	0
88.375	0	0	0	0	0	0
88.625	0	0	0	0	0	0
88.875	0	0	0	0	0	0
89.125	0	0	0	0	0	0
89.375	0	0	0	0	0	0
89.625	0	0	0	0	0	0
89.875	0	0	0	0	0	0
90.125	0	0	0	0	0	0
90.375	0	0	0	0	0	0
90.625	0	0	0	0	0	0
90.875	0	0	0	0	0	0
91.125	0	0	0	0	0	0
91.375	0	0	0	0	0	0
91.625	0	0	0	0	0	0
91.875	0	0	0	0	0	0
92.125	0	0	0	0	0	0
92.375	0	0	0	0	0	0
92.625	0	0	0	0	0	0
92.875	0	0	0	0	0	0
93.125	0	0	0	0	0	0
93.375	0	0	0	0	0	0
93.625	0	0	0	0	0	0
93.875	0	0	0	0	0	0
94.125	0	0	0	0	0	0
94.375	0	0	0	0	0	0
94.625	0	0	0	0	0	0
94.875	0	0	0	0	0	0
95.125	0	0	0	0	0	0
95.375	0	0	0	0	0	0
95.625	0	0	0	0	0	0
95.875	0	0	0	0	0	0
96.125	0	0	0	0	0	0
96.375	0	0	0	0	0	0
96.625	0	0	0	0	0	0
96.875	0	0	0	0	0	0
97.125	0	0	0	0	0	0
97.375	0	0	0	0	0	0
97.625	0	0	0	0	0	0
97.875	0	0	0	0	0	0
98.125	0	0	0	0	0	0
98.375	0	0	0	0	0	0
98.625	0	0	0	0	0	0
98.875	0	0	0	0	0	0
99.125	0	0	0	0	0	0
99.375	0	0	0	0	0	0
99.625	0	0	0	0	0	0
99.875	0	0	0	0	0	0
100.125	0	0	0	0	0	0
100.375	0	0	0	0	0	0
100.625	0	0	0	0	0	0
100.875	0	0	0	0	0	0
101.125	0	0	0	0	0	0
101.375	0	0	0	0	0	0
101.625	0	0	0	0	0	0
101.875	0	0	0	0	0	0
102.125	0	0	0	0	0	0
102.375	0	0	0	0	0	0
102.625	0	0	0	0	0	0
102.875	0	0	0	0	0	0
103.125	0	0	0	0	0	0
103.375	0	0	0	0	0	0
103.625	0	0	0	0	0	0
103.875	0	0	0	0	0	0
104.125	0	0	0	0	0	0
104.375	0	0	0	0	0	0
104.625	0	0	0	0	0	0
104.875	0	0	0	0	0	0
105.125	0	0	0	0	0	0
105.375	0	0	0	0	0	0
105.625	0	0	0	0	0	0
105.875	0	0	0	0	0	0
106.125	0	0	0	0	0	0
106.375	0	0	0	0	0	0
106.625	0	0	0	0	0	0
106.875	0	0	0	0	0	0
107.125	0	0	0	0	0	0
107.375	0	0	0	0	0	0
107.625	0	0	0	0	0	0
107.875	0	0	0	0	0	0
108.125	0	0	0	0	0	0
108.375	0	0	0	0	0	0
108.625	0	0	0	0	0	0
108.875	0	0	0	0	0	0
109.125	0	0	0	0	0	0
109.375	0	0	0	0	0	0
109.625	0	0	0	0	0	0
109.875	0	0	0	0	0	0
110.125	0	0	0	0	0	0
110.375	0	0	0	0	0	0
110.625	0	0	0	0	0	0
110.875	0	0	0	0	0	0
111.125	0	0	0	0	0	0
111.375	0	0	0	0	0	0
111.625	0	0	0	0	0	0
111.875	0	0	0	0	0	0
112.125	0	0	0	0	0	0
112.375	0	0	0	0	0	0
112.625	0	0	0	0	0	0
112.875	0	0	0	0	0	0
113.125	0	0	0	0	0	0
113.375	0	0	0	0	0	0
113.625	0	0	0	0	0	0
113.875	0	0	0	0	0	0
114.125	0	0	0	0	0	0
114.375	0	0	0	0	0	0
114.625	0	0	0	0	0	0
114.875	0	0	0	0	0	0
115.125	0	0	0	0	0	0
115.375	0	0	0	0	0	0
115.625	0	0	0	0	0	0
115.875	0	0	0	0	0	0
116.125	0	0	0	0	0	0
116.375	0	0	0	0	0	0
116.625	0	0	0	0	0	0
116.875	0	0	0	0	0	0
117.125	0	0	0	0	0	0
117.375	0	0	0	0	0	0
117.625	0	0	0	0	0	0
117.875	0	0	0	0	0	0
118.125	0	0	0	0	0	0
118.375	0	0	0	0	0	0
118.625	0	0	0	0	0	0
118.875	0	0	0	0	0	0
119.125	0	0	0	0	0	0
119.375	0	0	0	0	0	0
119.625	0	0	0	0	0	0
119.875	0	0	0	0	0	0
120.125	0	0	0	0	0	0
120.375	0	0	0	0	0	0
120.625	0	0	0	0	0	0
120.875	0	0	0	0	0	0
121.125	0	0	0	0	0	0
121.375	0	0	0	0	0	0
121.625	0	0	0	0	0	0
121.875	0	0	0	0	0	0
122.125	0	0	0	0	0	0
122.375	0	0	0	0	0	0
122.625	0	0	0	0	0	0
122.875	0	0	0	0	0	0
123.125	0	0	0	0	0	0
123.375	0	0	0	0	0	0
123.625	0	0	0	0	0	0
123.875	0	0	0	0	0	0
124.125	0	0	0	0	0	0
124.375	0	0	0	0	0	0
124.625	0	0	0	0	0	0
124.875	0	0	0	0	0	0
125.125	0	0	0	0	0	0
