0.125	1.60914e-14	4.8267e-13	0	2.05414e-15	4.26332e-13	0
0.375	8.61877e-14	4.89323e-12	0	8.22131e-15	1.23495e-12	0
0.625	1.55754e-13	1.4163e-11	0	1.18715e-14	1.40099e-12	0
0.875	2.49213e-13	2.41395e-11	0	1.36325e-14	1.4809e-12	0
1.125	2.95776e-13	3.27337e-11	0	1.34234e-14	1.52415e-12	0
1.375	2.31358e-13	3.62953e-11	0	1.37843e-14	1.62595e-12	0
1.625	2.82221e-13	3.81773e-11	0	1.39667e-14	1.70855e-12	0
1.875	2.6857e-13	4.00172e-11	0	8.58245e-15	1.68412e-12	0
2.125	1.99885e-13	4.18654e-11	0	1.01103e-14	1.7351e-12	0
2.375	2.3101e-13	4.34245e-11	0	9.55389e-15	1.72915e-12	0
2.625	1.66426e-13	4.49428e-11	0	8.24779e-15	1.80343e-12	0
2.875	1.71907e-13	4.39851e-11	0	1.12253e-14	1.67411e-12	0
3.125	1.58067e-13	4.34849e-11	0	7.98684e-15	1.50351e-12	0
3.375	1.33452e-13	4.20909e-11	0	9.32724e-15	1.44162e-12	0
3.625	1.68292e-13	3.95825e-11	0	5.08119e-15	1.41148e-12	0
3.875	1.4509e-13	3.66696e-11	0	5.765e-15	1.12526e-12	0
4.125	1.20727e-13	3.1642e-11	0	1.1009e-14	1.14645e-12	0
4.375	1.34171e-13	2.72694e-11	0	7.27904e-15	1.14472e-12	0
4.625	1.2117e-13	2.16958e-11	0	2.23128e-14	1.05114e-12	0
4.875	1.23576e-13	1.61503e-11	0	5.90365e-15	1.1195e-12	0
5.125	9.7523e-14	1.14462e-11	0	5.5628e-15	1.22338e-12	0
5.375	9.14696e-14	8.30554e-12	0	5.76003e-15	1.26326e-12	0
5.625	6.14069e-14	5.79875e-12	0	2.2605e-14	1.29417e-12	0
5.875	6.09764e-14	3.9796e-12	0	3.47278e-15	1.07586e-12	0
6.125	6.35191e-14	3.09907e-12	0	6.39297e-15	1.17315e-12	0
6.375	8.25719e-14	2.3881e-12	0	5.20229e-15	8.6766e-13	0
6.625	4.60292e-14	1.99193e-12	0	5.34636e-15	1.03687e-12	0
6.875	5.27639e-14	1.67754e-12	0	7.2298e-15	8.35415e-13	0
7.125	4.59336e-14	1.51296e-12	0	3.76827e-15	7.95275e-13	0
7.375	5.9379e-14	1.54683e-12	0	1.44124e-15	6.82601e-13	0
7.625	3.15733e-14	1.39317e-12	0	8.35678e-15	7.96296e-13	0
7.875	4.06491e-14	1.38416e-12	0	1.63589e-15	5.65908e-13	0
8.125	4.11388e-14	1.21151e-12	0	1.33746e-14	6.79346e-13	0
8.375	2.70086e-14	1.35712e-12	0	4.51566e-15	5.83387e-13	0
8.625	3.49169e-14	1.26456e-12	0	3.96972e-15	5.82911e-13	0
8.875	3.03779e-14	1.17978e-12	0	2.07245e-15	4.65876e-13	0
9.125	2.84581e-14	9.22452e-13	0	2.75739e-15	6.10151e-13	0
9.375	3.29892e-14	1.1842e-12	0	1.35015e-15	4.67217e-13	0
9.625	2.55519e-14	1.04692e-12	0	3.38025e-15	5.84306e-13	0
9.875	3.56258e-14	8.81286e-13	0	3.69933e-15	3.91688e-13	0
10.125	2.34074e-14	9.81486e-13	0	3.56469e-15	4.20172e-13	0
10.375	1.72326e-14	8.03459e-13	0	1.63678e-15	4.34384e-13	0
10.625	1.78268e-14	1.00935e-12	0	1.30624e-15	3.46891e-13	0
10.875	2.00042e-14	7.32495e-13	0	2.03235e-15	2.82238e-13	0
11.125	2.74216e-14	8.18231e-13	0	3.11175e-15	2.37047e-13	0
11.375	2.16705e-14	7.07822e-13	0	3.29452e-15	2.91855e-13	0
11.625	2.26172e-14	7.49659e-13	0	2.22453e-15	2.2778e-13	0
11.875	1.58918e-14	8.40652e-13	0	7.20499e-16	2.71599e-13	0
12.125	1.53673e-14	7.65766e-13	0	6.09715e-16	1.69167e-13	0
12.375	1.972e-14	5.29517e-13	0	2.83584e-15	3.06974e-13	0
12.625	1.10474e-14	7.03381e-13	0	5.93362e-15	1.64713e-13	0
12.875	1.7853e-14	6.10981e-13	0	4.22117e-15	2.78615e-13	0
13.125	1.03633e-14	5.80158e-13	0	3.70487e-15	2.92578e-13	0
13.375	1.26724e-14	6.49432e-13	0	1.39944e-15	1.28932e-13	0
13.625	1.13776e-14	4.73114e-13	0	1.94529e-15	1.24784e-13	0
13.875	1.23791e-14	4.63447e-13	0	4.98852e-15	1.76506e-13	0
14.125	1.23736e-14	6.00403e-13	0	0	2.9051e-13	0
14.375	1.28307e-14	5.25953e-13	0	1.51719e-15	1.79585e-13	0
14.625	1.08675e-14	4.68753e-13	0	7.39794e-16	1.45857e-13	0
14.875	3.24751e-14	5.40626e-13	0	0	7.04009e-14	0
15.125	7.06351e-15	5.03574e-13	0	9.42749e-16	1.5617e-13	0
15.375	6.02728e-15	4.39264e-13	0	2.56388e-15	1.35574e-13	0
15.625	7.7735e-15	4.96968e-13	0	2.7788e-15	2.58582e-13	0
15.875	6.74143e-15	3.69239e-13	0	2.00517e-15	1.44849e-13	0
16.125	1.09139e-14	3.2888e-13	0	8.37409e-16	5.00381e-14	0
16.375	9.33303e-15	3.80434e-13	0	1.31261e-15	2.65327e-14	0
16.625	4.5368e-15	3.51456e-13	0	7.29068e-16	1.12964e-13	0
16.875	8.62974e-15	3.0994e-13	0	1.27622e-15	7.42513e-14	0
17.125	4.32225e-15	2.31746e-13	0	0	7.44305e-14	0
17.375	9.87673e-15	2.97056e-13	0	1.68725e-15	8.46672e-14	0
17.625	4.91432e-15	4.26239e-13	0	2.20705e-15	1.52053e-14	0
17.875	3.40557e-15	2.02791e-13	0	1.00329e-15	8.74136e-14	0
18.125	5.00874e-15	2.93353e-13	0	1.35932e-15	5.49512e-14	0
18.375	4.43892e-15	3.05225e-13	0	0	5.81331e-14	0
18.625	6.09342e-15	1.56102e-13	0	0	1.25159e-13	0
18.875	1.23133e-14	1.79102e-13	0	0	1.25298e-13	0
19.125	1.26857e-14	2.16152e-13	0	1.05294e-15	8.64737e-14	0
19.375	4.3643e-15	3.15524e-13	0	1.24035e-15	1.90333e-14	0
19.625	4.1913e-15	2.41738e-13	0	9.91278e-16	5.80588e-14	0
19.875	5.01607e-15	1.74691e-13	0	2.17182e-15	5.57905e-14	0
20.125	7.10346e-15	1.7792e-13	0	0	9.18163e-14	0
20.375	9.43068e-16	1.8471e-13	0	8.75311e-16	2.38034e-14	0
20.625	2.91582e-15	1.6147e-13	0	0	5.7288e-14	0
20.875	2.63169e-15	2.41632e-13	0	0	1.40174e-14	0
21.125	6.17998e-15	1.18216e-13	0	0	1.72726e-14	0
21.375	7.95561e-15	1.75268e-13	0	0	2.40784e-14	0
21.625	9.48327e-15	2.16197e-13	0	0	1.55458e-13	0
21.875	5.98977e-15	2.73765e-13	0	0	6.10728e-14	0
22.125	0	2.04631e-13	0	0	6.7322e-14	0
22.375	7.32303e-15	1.70153e-13	0	1.2988e-15	2.23624e-14	0
22.625	7.74004e-15	9.83263e-14	0	0	1.58651e-14	0
22.875	4.44794e-15	1.06778e-13	0	1.23909e-15	1.36794e-14	0
23.125	0	9.66328e-14	0	0	9.31103e-15	0
23.375	5.95347e-15	8.08554e-14	0	3.56791e-15	1.60478e-14	0
23.625	0	9.99473e-14	0	0	6.98398e-14	0
23.875	0	1.50791e-13	0	0	1.66867e-14	0
24.125	6.68349e-15	9.32533e-14	0	0	7.96049e-14	0
24.375	1.66021e-15	1.5405e-13	0	0	7.4183e-14	0
24.625	2.95378e-15	7.84189e-14	0	0	7.63143e-14	0
24.875	1.44137e-15	8.30697e-14	0	0	8.6628e-15	0
25.125	6.78772e-15	8.76463e-14	0	0	1.76828e-14	0
25.375	2.02864e-15	8.33939e-14	0	0	1.48218e-14	0
25.625	1.62627e-15	8.33803e-14	0	0	1.11902e-14	0
25.875	4.72555e-15	8.25096e-14	0	0	1.13256e-14	0
26.125	1.59196e-15	7.67297e-14	0	0	2.33332e-14	0
26.375	0	7.59643e-14	0	0	7.45402e-14	0
26.625	0	7.88567e-14	0	0	1.29135e-14	0
26.875	0	1.39466e-13	0	0	7.91521e-14	0
27.125	2.19977e-15	6.55542e-14	0	0	1.47073e-14	0
27.375	0	6.56417e-14	0	0	7.96485e-15	0
27.625	5.0694e-15	6.7658e-14	0	0	1.03961e-14	0
27.875	0	7.14529e-14	0	0	1.05626e-14	0
28.125	6.152e-15	5.38555e-14	0	0	8.342e-15	0
28.375	0	1.38369e-13	0	1.88437e-15	1.57934e-14	0
28.625	0	7.04571e-14	0	0	7.43141e-15	0
28.875	7.92446e-15	1.3631e-13	0	0	1.38268e-14	0
29.125	5.00485e-15	1.37545e-13	0	0	7.69095e-15	0
29.375	1.93708e-15	5.21372e-14	0	0	3.91429e-15	0
29.625	2.59406e-15	6.3619e-14	0	0	1.19369e-14	0
29.875	0	1.34758e-13	0	0	8.05942e-15	0
30.125	0	4.79377e-14	0	0	1.03153e-13	0
30.375	0	5.42755e-14	0	0	4.15949e-15	0
30.625	7.01353e-15	4.9596e-14	0	0	1.41714e-14	0
30.875	0	5.31928e-14	0	0	5.75333e-15	0
31.125	2.10338e-15	5.40839e-14	0	0	5.84949e-15	0
31.375	3.12546e-15	4.15698e-14	0	0	1.18369e-14	0
31.625	0	5.2866e-14	0	0	1.20718e-14	0
31.875	0	5.02983e-14	0	0	1.2277e-14	0
32.125	0	3.42748e-14	0	0	9.33896e-15	0
32.375	2.01836e-15	4.86401e-14	0	0	7.94083e-15	0
32.625	0	4.33986e-14	0	0	8.03474e-15	0
32.875	0	5.14529e-14	0	0	1.30201e-14	0
33.125	0	4.137e-14	0	0	9.93098e-15	0
33.375	0	5.04441e-14	0	0	8.40466e-15	0
33.625	2.94768e-15	4.94991e-14	0	0	1.02467e-14	0
33.875	2.5844e-15	4.31166e-14	0	0	5.19352e-15	0
34.125	0	4.21728e-14	0	0	3.52381e-15	0
34.375	2.70616e-15	3.9252e-14	0	0	3.57091e-15	0
34.625	0	3.79936e-14	0	0	0	0
34.875	0	2.56441e-14	0	0	1.83842e-15	0
35.125	0	3.35189e-14	0	0	5.58534e-15	0
35.375	0	3.787e-14	0	0	1.32201e-14	0
35.625	0	3.64182e-14	0	0	5.73896e-15	0
35.875	0	4.27211e-14	0	0	5.81806e-15	0
36.125	0	4.336e-14	0	0	3.94567e-15	0
36.375	0	2.79853e-14	0	0	5.98051e-15	0
36.625	0	4.86135e-14	0	0	0	0
36.875	0	3.90755e-14	0	0	4.11533e-15	0
37.125	0	3.11829e-14	0	0	4.16777e-15	0
37.375	0	3.16026e-14	0	0	2.09473e-15	0
37.625	0	2.99294e-14	0	0	0	0
37.875	0	2.3801e-14	0	0	1.08366e-14	0
38.125	0	3.01635e-14	0	0	4.37763e-15	0
38.375	0	3.78036e-14	0	0	4.421e-15	0
38.625	0	2.69713e-14	0	0	6.76725e-15	0
38.875	0	2.73863e-14	0	0	2.29297e-15	0
39.125	7.94981e-15	2.54517e-14	0	0	1.15705e-14	0
39.375	0	2.81005e-14	0	0	2.34662e-15	0
39.625	0	2.36957e-14	0	0	7.09434e-15	0
39.875	0	2.15744e-14	0	0	2.402e-15	0
40.125	5.04154e-15	1.94621e-14	0	0	9.70438e-15	0
40.375	0	2.46067e-14	0	0	2.45089e-15	0
40.625	0	1.99544e-14	0	0	2.49911e-15	0
40.875	0	3.02266e-14	0	0	2.52079e-15	0
41.125	0	1.79082e-14	0	0	2.56408e-15	0
41.375	0	1.55212e-14	0	0	2.58745e-15	0
41.625	0	1.30636e-14	0	0	2.60345e-15	0
41.875	0	1.32072e-14	0	0	5.27499e-15	0
42.125	0	2.40961e-14	0	0	7.99757e-15	0
42.375	0	1.89738e-14	0	0	2.72583e-15	0
42.625	0	1.37428e-14	0	0	2.73747e-15	0
42.875	0	8.32425e-15	0	0	0	0
43.125	0	1.68482e-14	0	0	0	0
43.375	6.10625e-15	2.27226e-14	0	0	2.85201e-15	0
43.625	0	2.58121e-14	0	0	2.87805e-15	0
43.875	0	1.45629e-14	0	0	0	0
44.125	0	3.22773e-14	0	0	2.94969e-15	0
44.375	0	2.37703e-14	0	0	2.98609e-15	0
44.625	0	1.8014e-14	0	0	1.2024e-14	0
44.875	0	2.12496e-14	0	0	3.03678e-15	0
45.125	0	2.15284e-14	0	0	0	0
45.375	5.32589e-15	1.86716e-14	0	0	0	0
45.625	0	1.88167e-14	0	0	3.13397e-15	0
45.875	0	1.58641e-14	0	0	3.18016e-15	0
46.125	0	9.65503e-15	0	0	0	0
46.375	0	1.30086e-14	0	0	0	0
46.625	0	3.28208e-14	0	0	0	0
46.875	0	6.64851e-15	0	0	0	0
47.125	0	1.34315e-14	0	0	6.70797e-15	0
47.375	0	1.35485e-14	0	0	0	0
47.625	0	1.02754e-14	0	5.61673e-15	0	0
47.875	0	3.27441e-14	0	0	3.44892e-15	0
48.125	0	1.3961e-14	0	0	0	0
48.375	0	1.41128e-14	0	0	3.52033e-15	0
48.625	0	1.06987e-14	0	0	3.56674e-15	0
48.875	0	7.21835e-15	0	0	0	0
49.125	0	7.27202e-15	0	0	0	0
49.375	0	1.46764e-14	0	0	0	0
49.625	0	1.85848e-14	0	0	0	0
49.875	0	1.12395e-14	0	0	0	0
50.125	0	1.89437e-14	0	0	3.78255e-15	0
50.375	0	3.82312e-15	0	0	0	0
50.625	0	7.75574e-15	0	0	3.85965e-15	0
50.875	0	1.17362e-14	0	0	0	0
51.125	0	7.90495e-15	0	0	0	0
51.375	0	7.97464e-15	0	0	0	0
51.625	0	2.41252e-14	0	0	0	0
51.875	0	1.6256e-14	0	0	0	0
52.125	0	1.63868e-14	0	0	0	0
52.375	0	1.23908e-14	0	0	4.1517e-15	0
52.625	0	1.67168e-14	0	0	0	0
52.875	0	1.26668e-14	0	0	0	0
53.125	0	1.27843e-14	0	0	0	0
53.375	0	0	0	0	0	0
53.625	0	4.32666e-15	0	0	0	0
53.875	0	4.38079e-15	0	0	0	0
54.125	0	0	0	0	0	0
54.375	0	1.34039e-14	0	0	0	0
54.625	0	4.51767e-15	0	0	0	0
54.875	0	1.36082e-14	0	0	0	0
55.125	0	9.15322e-15	0	0	0	0
55.375	0	0	0	0	0	0
55.625	0	4.67332e-15	0	0	0	0
55.875	0	1.88776e-14	0	0	0	0
56.125	0	0	0	0	0	0
56.375	0	9.61853e-15	0	0	0	0
56.625	0	4.85528e-15	0	0	0	0
56.875	0	4.86646e-15	0	0	0	0
57.125	0	4.94309e-15	0	0	0	0
57.375	0	9.95702e-15	0	0	0	0
57.625	0	5.01896e-15	0	0	0	0
57.875	0	5.05496e-15	0	0	0	0
58.125	0	0	0	0	0	0
58.375	0	2.05584e-14	0	0	0	0
58.625	0	5.19525e-15	0	0	0	0
58.875	0	0	0	0	0	0
59.125	0	5.29194e-15	0	0	0	0
59.375	0	2.66274e-14	0	0	0	0
59.625	0	5.37425e-15	0	0	0	0
59.875	0	1.08127e-14	0	0	0	0
60.125	0	2.18398e-14	0	0	0	0
60.375	0	0	0	0	0	0
60.625	0	1.10697e-14	0	0	0	0
60.875	0	1.1165e-14	0	0	0	0
61.125	0	5.62905e-15	0	0	5.63049e-15	0
61.375	0	1.70589e-14	0	0	0	0
61.625	0	0	0	0	0	0
61.875	0	5.79843e-15	0	0	0	0
62.125	0	0	0	0	0	0
62.375	0	1.76039e-14	0	0	0	0
62.625	0	0	0	0	0	0
62.875	0	2.38544e-14	0	0	0	0
63.125	0	6.03264e-15	0	0	0	0
63.375	0	0	0	0	0	0
63.625	0	0	0	0	0	0
63.875	0	1.2345e-14	0	0	0	0
64.125	0	6.2161e-15	0	0	0	0
64.375	0	6.23136e-15	0	0	0	0
64.625	0	0	0	0	0	0
64.875	0	0	0	0	0	0
65.125	0	0	0	0	0	0
65.375	0	0	0	0	0	0
65.625	0	0	0	0	0	0
65.875	0	6.53933e-15	0	0	0	0
66.125	0	6.5908e-15	0	0	0	0
66.375	0	1.9964e-14	0	0	0	0
66.625	0	6.68447e-15	0	0	0	0
66.875	0	6.74464e-15	0	0	0	0
67.125	0	0	0	0	0	0
67.375	0	0	0	0	0	0
67.625	0	6.92772e-15	0	0	0	0
67.875	0	0	0	0	0	0
68.125	0	0	0	0	0	0
68.375	0	0	0	0	0	0
68.625	0	0	0	0	0	0
68.875	0	0	0	0	0	0
69.125	0	7.19985e-15	0	0	0	0
69.375	0	0	0	0	0	0
69.625	0	0	0	0	0	0
69.875	0	0	0	0	0	0
70.125	0	0	0	0	0	0
70.375	0	0	0	0	0	0
70.625	0	0	0	0	0	0
70.875	0	7.5731e-15	0	0	0	0
71.125	0	0	0	0	0	0
71.375	0	0	0	0	0	0
71.625	0	0	0	0	0	0
71.875	0	0	0	0	0	0
72.125	0	0	0	0	0	0
72.375	0	0	0	0	0	0
72.625	0	0	0	0	0	0
72.875	0	0	0	0	0	0
73.125	0	8.05009e-15	0	0	0	0
73.375	0	0	0	0	0	0
73.625	0	0	0	0	0	0
73.875	0	0	0	0	0	0
74.125	0	0	0	0	0	0
74.375	0	0	0	0	0	0
74.625	0	0	0	0	0	0
74.875	0	0	0	0	0	0
75.125	0	0	0	0	0	0
75.375	0	8.58735e-15	0	0	0	0
75.625	0	0	0	0	0	0
75.875	0	0	0	0	0	0
76.125	0	8.75292e-15	0	0	0	0
76.375	0	8.79619e-15	0	0	0	0
76.625	0	0	0	0	0	0
76.875	0	0	0	0	0	0
77.125	0	0	0	0	0	0
77.375	0	0	0	0	0	0
77.625	0	0	0	0	0	0
77.875	0	0	0	0	0	0
78.125	0	0	0	0	0	0
78.375	0	0	0	0	0	0
78.625	0	0	0	0	0	0
78.875	0	0	0	0	0	0
79.125	0	0	0	0	0	0
79.375	0	9.48726e-15	0	0	0	0
79.625	0	0	0	0	0	0
79.875	0	0	0	0	0	0
80.125	0	0	0	0	0	0
80.375	0	0	0	0	0	0
80.625	0	0	0	0	0	0
80.875	0	0	0	0	0	0
81.125	0	0	0	0	0	0
81.375	0	9.96757e-15	0	0	0	0
81.625	0	0	0	0	0	0
81.875	0	0	0	0	0	0
82.125	0	0	0	0	0	0
82.375	0	0	0	0	0	0
82.625	0	0	0	0	0	0
82.875	0	0	0	0	0	0
83.125	0	0	0	0	0	0
83.375	0	0	0	0	0	0
83.625	0	0	0	0	0	0
83.875	0	1.05981e-14	0	0	0	0
84.125	0	0	0	0	0	0
84.375	0	0	0	0	0	0
84.625	0	0	0	0	0	0
84.875	0	0	0	0	0	0
85.125	0	0	0	0	0	0
85.375	0	0	0	0	0	0
85.625	0	0	0	0	0	0
85.875	0	0	0	0	0	0
86.125	0	0	0	0	0	0
86.375	0	0	0	0	0	0
86.625	0	0	0	0	0	0
86.875	0	0	0	0	0	0
87.125	0	0	0	0	0	0
87.375	0	0	0	0	0	0
87.625	0	0	0	0	0	0
87.875	0	0	0	0	0	0
88.125	0	0	0	0	0	0
88.375	0	0	0	0	0	0
88.625	0	0	0	0	0	0
88.875	0	0	0	0	0	0
89.125	0	0	0	0	0	0
89.375	0	0	0	0	0	0
89.625	0	0	0	0	0	0
89.875	0	0	0	0	0	0
90.125	0	0	0	0	0	0
90.375	0	0	0	0	0	0
90.625	0	0	0	0	0	0
90.875	0	0	0	0	0	0
91.125	0	1.25412e-14	0	0	0	0
91.375	0	0	0	0	0	0
91.625	0	0	0	0	0	0
91.875	0	0	0	0	0	0
92.125	0	0	0	0	0	0
92.375	0	0	0	0	0	0
92.625	0	0	0	0	0	0
92.875	0	0	0	0	0	0
93.125	0	0	0	0	0	0
93.375	0	0	0	0	0	0
93.625	0	0	0	0	0	0
93.875	0	0	0	0	0	0
94.125	0	0	0	0	0	0
94.375	0	0	0	0	0	0
94.625	0	0	0	0	0	0
94.875	0	0	0	0	0	0
95.125	0	0	0	0	0	0
95.375	0	0	0	0	0	0
95.625	0	0	0	0	0	0
95.875	0	0	0	0	0	0
96.125	0	0	0	0	0	0
96.375	0	0	0	0	0	0
96.625	0	0	0	0	0	0
96.875	0	0	0	0	0	0
97.125	0	0	0	0	0	0
97.375	0	0	0	0	0	0
97.625	0	0	0	0	0	0
97.875	0	0	0	0	0	0
98.125	0	0	0	0	0	0
98.375	0	0	0	0	0	0
98.625	0	0	0	0	0	0
98.875	0	0	0	0	0	0
99.125	0	0	0	0	0	0
99.375	0	0	0	0	0	0
99.625	0	0	0	0	0	0
99.875	0	0	0	0	0	0
100.125	0	0	0	0	0	0
100.375	0	0	0	0	0	0
100.625	0	0	0	0	0	0
100.875	0	0	0	0	0	0
101.125	0	0	0	0	0	0
101.375	0	0	0	0	0	0
101.625	0	0	0	0	0	0
101.875	0	0	0	0	0	0
102.125	0	0	0	0	0	0
102.375	0	0	0	0	0	0
102.625	0	0	0	0	0	0
102.875	0	0	0	0	0	0
103.125	0	0	0	0	0	0
103.375	0	0	0	0	0	0
103.625	0	0	0	0	0	0
103.875	0	0	0	0	0	0
104.125	0	0	0	0	0	0
104.375	0	0	0	0	0	0
104.625	0	0	0	0	0	0
104.875	0	0	0	0	0	0
105.125	0	0	0	0	0	0
105.375	0	0	0	0	0	0
105.625	0	0	0	0	0	0
105.875	0	0	0	0	0	0
106.125	0	0	0	0	0	0
106.375	0	0	0	0	0	0
106.625	0	0	0	0	0	0
106.875	0	0	0	0	0	0
107.125	0	0	0	0	0	0
107.375	0	0	0	0	0	0
107.625	0	0	0	0	0	0
107.875	0	0	0	0	0	0
108.125	0	0	0	0	0	0
108.375	0	0	0	0	0	0
108.625	0	0	0	0	0	0
108.875	0	0	0	0	0	0
109.125	0	0	0	0	0	0
109.375	0	0	0	0	0	0
109.625	0	0	0	0	0	0
109.875	0	0	0	0	0	0
110.125	0	0	0	0	0	0
110.375	0	0	0	0	0	0
110.625	0	0	0	0	0	0
110.875	0	0	0	0	0	0
111.125	0	0	0	0	0	0
111.375	0	0	0	0	0	0
111.625	0	0	0	0	0	0
111.875	0	0	0	0	0	0
112.125	0	0	0	0	0	0
112.375	0	0	0	0	0	0
112.625	0	0	0	0	0	0
112.875	0	0	0	0	0	0
113.125	0	0	0	0	0	0
113.375	0	0	0	0	0	0
113.625	0	0	0	0	0	0
113.875	0	0	0	0	0	0
114.125	0	0	0	0	0	0
114.375	0	0	0	0	0	0
114.625	0	0	0	0	0	0
114.875	0	0	0	0	0	0
115.125	0	0	0	0	0	0
115.375	0	0	0	0	0	0
115.625	0	0	0	0	0	0
115.875	0	0	0	0	0	0
116.125	0	0	0	0	0	0
116.375	0	0	0	0	0	0
116.625	0	0	0	0	0	0
116.875	0	0	0	0	0	0
117.125	0	0	0	0	0	0
117.375	0	0	0	0	0	0
117.625	0	0	0	0	0	0
117.875	0	0	0	0	0	0
118.125	0	0	0	0	0	0
118.375	0	0	0	0	0	0
118.625	0	0	0	0	0	0
118.875	0	0	0	0	0	0
119.125	0	0	0	0	0	0
119.375	0	0	0	0	0	0
119.625	0	0	0	0	0	0
119.875	0	0	0	0	0	0
120.125	0	0	0	0	0	0
120.375	0	0	0	0	0	0
120.625	0	0	0	0	0	0
120.875	0	0	0	0	0	0
121.125	0	0	0	0	0	0
121.375	0	0	0	0	0	0
121.625	0	0	0	0	0	0
121.875	0	0	0	0	0	0
122.125	0	0	0	0	0	0
122.375	0	0	0	0	0	0
122.625	0	0	0	0	0	0
122.875	0	0	0	0	0	0
123.125	0	0	0	0	0	0
123.375	0	0	0	0	0	0
123.625	0	0	0	0	0	0
123.875	0	0	0	0	0	0
124.125	0	0	0	0	0	0
124.375	0	0	0	0	0	0
124.625	0	0	0	0	0	0
124.875	0	0	0	0	0	0
125.125	0	0	0	0	0	0
