0.125	7.91647e-16	2.67183e-14	0	2.3795e-17	1.23183e-14	0
0.375	6.76612e-15	5.36018e-13	0	8.78275e-17	2.7902e-14	0
0.625	1.03108e-14	1.48031e-12	0	1.93526e-16	3.05702e-14	0
0.875	1.12271e-14	1.70569e-12	0	1.19069e-16	2.66296e-14	0
1.125	1.22162e-14	1.3752e-12	0	1.4402e-16	2.01961e-14	0
1.375	9.67553e-15	9.64303e-13	0	8.36791e-17	1.70799e-14	0
1.625	7.88613e-15	7.2631e-13	0	1.50436e-16	9.70627e-15	0
1.875	3.16335e-15	5.40001e-13	0	0	8.31074e-15	0
2.125	4.15868e-15	2.70129e-13	0	0	5.61797e-15	0
2.375	1.16232e-15	8.55982e-14	0	0	2.39394e-15	0
2.625	2.82174e-15	1.25491e-14	0	0	1.03077e-15	0
2.875	5.9458e-16	2.53988e-15	0	0	1.33024e-15	0
3.125	1.70435e-15	1.67651e-15	0	0	0	0
3.375	3.23242e-17	1.62023e-15	0	0	4.62691e-16	0
3.625	0	1.06693e-15	0	0	3.9216e-16	0
3.875	3.54561e-17	8.00453e-16	0	0	0	0
4.125	0	1.20903e-15	0	0	2.14926e-16	0
4.375	0	1.0738e-15	0	0	0	0
4.625	0	7.61942e-16	0	0	0	0
4.875	0	5.98703e-16	0	0	0	0
5.125	0	2.61161e-16	0	0	0	0
5.375	0	6.33894e-17	0	0	0	0
5.625	0	1.75884e-16	0	0	0	0
5.875	0	0	0	0	0	0
6.125	0	0	0	0	0	0
6.375	0	0	0	0	0	0
6.625	0	0	0	0	0	0
6.875	0	0	0	0	0	0
7.125	0	0	0	0	0	0
7.375	0	0	0	0	0	0
7.625	0	0	0	0	0	0
7.875	0	0	0	0	0	0
8.125	0	0	0	0	0	0
8.375	0	0	0	0	0	0
8.625	0	0	0	0	0	0
8.875	0	0	0	0	0	0
9.125	0	0	0	0	0	0
9.375	0	0	0	0	0	0
9.625	0	0	0	0	0	0
9.875	0	0	0	0	0	0
10.125	0	0	0	0	0	0
10.375	0	0	0	0	0	0
10.625	0	0	0	0	0	0
10.875	0	0	0	0	0	0
11.125	0	0	0	0	0	0
11.375	0	0	0	0	0	0
11.625	0	0	0	0	0	0
11.875	0	0	0	0	0	0
12.125	0	0	0	0	0	0
12.375	0	0	0	0	0	0
12.625	0	0	0	0	0	0
12.875	0	0	0	0	0	0
13.125	0	0	0	0	0	0
13.375	0	0	0	0	0	0
13.625	0	0	0	0	0	0
13.875	0	0	0	0	0	0
14.125	0	0	0	0	0	0
14.375	0	0	0	0	0	0
14.625	0	0	0	0	0	0
14.875	0	0	0	0	0	0
15.125	0	0	0	0	0	0
15.375	0	0	0	0	0	0
15.625	0	0	0	0	0	0
15.875	0	0	0	0	0	0
16.125	0	0	0	0	0	0
16.375	0	0	0	0	0	0
16.625	0	0	0	0	0	0
16.875	0	0	0	0	0	0
17.125	0	0	0	0	0	0
17.375	0	0	0	0	0	0
17.625	0	0	0	0	0	0
17.875	0	0	0	0	0	0
18.125	0	0	0	0	0	0
18.375	0	0	0	0	0	0
18.625	0	0	0	0	0	0
18.875	0	0	0	0	0	0
19.125	0	0	0	0	0	0
19.375	0	0	0	0	0	0
19.625	0	0	0	0	0	0
19.875	0	0	0	0	0	0
20.125	0	0	0	0	0	0
20.375	0	0	0	0	0	0
20.625	0	0	0	0	0	0
20.875	0	0	0	0	0	0
21.125	0	0	0	0	0	0
21.375	0	0	0	0	0	0
21.625	0	0	0	0	0	0
21.875	0	0	0	0	0	0
22.125	0	0	0	0	0	0
22.375	0	0	0	0	0	0
22.625	0	0	0	0	0	0
22.875	0	0	0	0	0	0
23.125	0	0	0	0	0	0
23.375	0	0	0	0	0	0
23.625	0	0	0	0	0	0
23.875	0	0	0	0	0	0
24.125	0	0	0	0	0	0
24.375	0	0	0	0	0	0
24.625	0	0	0	0	0	0
24.875	0	0	0	0	0	0
25.125	0	0	0	0	0	0
25.375	0	0	0	0	0	0
25.625	0	0	0	0	0	0
25.875	0	0	0	0	0	0
26.125	0	0	0	0	0	0
26.375	0	0	0	0	0	0
26.625	0	0	0	0	0	0
26.875	0	0	0	0	0	0
27.125	0	0	0	0	0	0
27.375	0	0	0	0	0	0
27.625	0	0	0	0	0	0
27.875	0	0	0	0	0	0
28.125	0	0	0	0	0	0
28.375	0	0	0	0	0	0
28.625	0	0	0	0	0	0
28.875	0	0	0	0	0	0
29.125	0	0	0	0	0	0
29.375	0	0	0	0	0	0
29.625	0	0	0	0	0	0
29.875	0	0	0	0	0	0
30.125	0	0	0	0	0	0
30.375	0	0	0	0	0	0
30.625	0	0	0	0	0	0
30.875	0	0	0	0	0	0
31.125	0	0	0	0	0	0
31.375	0	0	0	0	0	0
31.625	0	0	0	0	0	0
31.875	0	0	0	0	0	0
32.125	0	0	0	0	0	0
32.375	0	0	0	0	0	0
32.625	0	0	0	0	0	0
32.875	0	0	0	0	0	0
33.125	0	0	0	0	0	0
33.375	0	0	0	0	0	0
33.625	0	0	0	0	0	0
33.875	0	0	0	0	0	0
34.125	0	0	0	0	0	0
34.375	0	0	0	0	0	0
34.625	0	0	0	0	0	0
34.875	0	0	0	0	0	0
35.125	0	0	0	0	0	0
35.375	0	0	0	0	0	0
35.625	0	0	0	0	0	0
35.875	0	0	0	0	0	0
36.125	0	0	0	0	0	0
36.375	0	0	0	0	0	0
36.625	0	0	0	0	0	0
36.875	0	0	0	0	0	0
37.125	0	0	0	0	0	0
37.375	0	0	0	0	0	0
37.625	0	0	0	0	0	0
37.875	0	0	0	0	0	0
38.125	0	0	0	0	0	0
38.375	0	0	0	0	0	0
38.625	0	0	0	0	0	0
38.875	0	0	0	0	0	0
39.125	0	0	0	0	0	0
39.375	0	0	0	0	0	0
39.625	0	0	0	0	0	0
39.875	0	0	0	0	0	0
40.125	0	0	0	0	0	0
40.375	0	0	0	0	0	0
40.625	0	0	0	0	0	0
40.875	0	0	0	0	0	0
41.125	0	0	0	0	0	0
41.375	0	0	0	0	0	0
41.625	0	0	0	0	0	0
41.875	0	0	0	0	0	0
42.125	0	0	0	0	0	0
42.375	0	0	0	0	0	0
42.625	0	0	0	0	0	0
42.875	0	0	0	0	0	0
43.125	0	0	0	0	0	0
43.375	0	0	0	0	0	0
43.625	0	0	0	0	0	0
43.875	0	0	0	0	0	0
44.125	0	0	0	0	0	0
44.375	0	0	0	0	0	0
44.625	0	0	0	0	0	0
44.875	0	0	0	0	0	0
45.125	0	0	0	0	0	0
45.375	0	0	0	0	0	0
45.625	0	0	0	0	0	0
45.875	0	0	0	0	0	0
46.125	0	0	0	0	0	0
46.375	0	0	0	0	0	0
46.625	0	0	0	0	0	0
46.875	0	0	0	0	0	0
47.125	0	0	0	0	0	0
47.375	0	0	0	0	0	0
47.625	0	0	0	0	0	0
47.875	0	0	0	0	0	0
48.125	0	0	0	0	0	0
48.375	0	0	0	0	0	0
48.625	0	0	0	0	0	0
48.875	0	0	0	0	0	0
49.125	0	0	0	0	0	0
49.375	0	0	0	0	0	0
49.625	0	0	0	0	0	0
49.875	0	0	0	0	0	0
50.125	0	0	0	0	0	0
50.375	0	0	0	0	0	0
50.625	0	0	0	0	0	0
50.875	0	0	0	0	0	0
51.125	0	0	0	0	0	0
51.375	0	0	0	0	0	0
51.625	0	0	0	0	0	0
51.875	0	0	0	0	0	0
52.125	0	0	0	0	0	0
52.375	0	0	0	0	0	0
52.625	0	0	0	0	0	0
52.875	0	0	0	0	0	0
53.125	0	0	0	0	0	0
53.375	0	0	0	0	0	0
53.625	0	0	0	0	0	0
53.875	0	0	0	0	0	0
54.125	0	0	0	0	0	0
54.375	0	0	0	0	0	0
54.625	0	0	0	0	0	0
54.875	0	0	0	0	0	0
55.125	0	0	0	0	0	0
55.375	0	0	0	0	0	0
55.625	0	0	0	0	0	0
55.875	0	0	0	0	0	0
56.125	0	0	0	0	0	0
56.375	0	0	0	0	0	0
56.625	0	0	0	0	0	0
56.875	0	0	0	0	0	0
57.125	0	0	0	0	0	0
57.375	0	0	0	0	0	0
57.625	0	0	0	0	0	0
57.875	0	0	0	0	0	0
58.125	0	0	0	0	0	0
58.375	0	0	0	0	0	0
58.625	0	0	0	0	0	0
58.875	0	0	0	0	0	0
59.125	0	0	0	0	0	0
59.375	0	0	0	0	0	0
59.625	0	0	0	0	0	0
59.875	0	0	0	0	0	0
60.125	0	0	0	0	0	0
60.375	0	0	0	0	0	0
60.625	0	0	0	0	0	0
60.875	0	0	0	0	0	0
61.125	0	0	0	0	0	0
61.375	0	0	0	0	0	0
61.625	0	0	0	0	0	0
61.875	0	0	0	0	0	0
62.125	0	0	0	0	0	0
62.375	0	0	0	0	0	0
62.625	0	0	0	0	0	0
62.875	0	0	0	0	0	0
63.125	0	0	0	0	0	0
63.375	0	0	0	0	0	0
63.625	0	0	0	0	0	0
63.875	0	0	0	0	0	0
64.125	0	0	0	0	0	0
64.375	0	0	0	0	0	0
64.625	0	0	0	0	0	0
64.875	0	0	0	0	0	0
65.125	0	0	0	0	0	0
65.375	0	0	0	0	0	0
65.625	0	0	0	0	0	0
65.875	0	0	0	0	0	0
66.125	0	0	0	0	0	0
66.375	0	0	0	0	0	0
66.625	0	0	0	0	0	0
66.875	0	0	0	0	0	0
67.125	0	0	0	0	0	0
67.375	0	0	0	0	0	0
67.625	0	0	0	0	0	0
67.875	0	0	0	0	0	0
68.125	0	0	0	0	0	0
68.375	0	0	0	0	0	0
68.625	0	0	0	0	0	0
68.875	0	0	0	0	0	0
69.125	0	0	0	0	0	0
69.375	0	0	0	0	0	0
69.625	0	0	0	0	0	0
69.875	0	0	0	0	0	0
70.125	0	0	0	0	0	0
70.375	0	0	0	0	0	0
70.625	0	0	0	0	0	0
70.875	0	0	0	0	0	0
71.125	0	0	0	0	0	0
71.375	0	0	0	0	0	0
71.625	0	0	0	0	0	0
71.875	0	0	0	0	0	0
72.125	0	0	0	0	0	0
72.375	0	0	0	0	0	0
72.625	0	0	0	0	0	0
72.875	0	0	0	0	0	0
73.125	0	0	0	0	0	0
73.375	0	0	0	0	0	0
73.625	0	0	0	0	0	0
73.875	0	0	0	0	0	0
74.125	0	0	0	0	0	0
74.375	0	0	0	0	0	0
74.625	0	0	0	0	0	0
74.875	0	0	0	0	0	0
75.125	0	0	0	0	0	0
75.375	0	0	0	0	0	0
75.625	0	0	0	0	0	0
75.875	0	0	0	0	0	0
76.125	0	0	0	0	0	0
76.375	0	0	0	0	0	0
76.625	0	0	0	0	0	0
76.875	0	0	0	0	0	0
77.125	0	0	0	0	0	0
77.375	0	0	0	0	0	0
77.625	0	0	0	0	0	0
77.875	0	0	0	0	0	0
78.125	0	0	0	0	0	0
78.375	0	0	0	0	0	0
78.625	0	0	0	0	0	0
78.875	0	0	0	0	0	0
79.125	0	0	0	0	0	0
79.375	0	0	0	0	0	0
79.625	0	0	0	0	0	0
79.875	0	0	0	0	0	0
80.125	0	0	0	0	0	0
80.375	0	0	0	0	0	0
80.625	0	0	0	0	0	0
80.875	0	0	0	0	0	0
81.125	0	0	0	0	0	0
81.375	0	0	0	0	0	0
81.625	0	0	0	0	0	0
81.875	0	0	0	0	0	0
82.125	0	0	0	0	0	0
82.375	0	0	0	0	0	0
82.625	0	0	0	0	0	0
82.875	0	0	0	0	0	0
83.125	0	0	0	0	0	0
83.375	0	0	0	0	0	0
83.625	0	0	0	0	0	0
83.875	0	0	0	0	0	0
84.125	0	0	0	0	0	0
84.375	0	0	0	0	0	0
84.625	0	0	0	0	0	0
84.875	0	0	0	0	0	0
85.125	0	0	0	0	0	0
85.375	0	0	0	0	0	0
85.625	0	0	0	0	0	0
85.875	0	0	0	0	0	0
86.125	0	0	0	0	0	0
86.375	0	0	0	0	0	0
86.625	0	0	0	0	0	0
86.875	0	0	0	0	0	0
87.125	0	0	0	0	0	0
87.375	0	0	0	0	0	0
87.625	0	0	0	0	0	0
87.875	0	0	0	0	0	0
88.125	0	0	0	0	0	0
88.375	0	0	0	0	0	0
88.625	0	0	0	0	0	0
88.875	0	0	0	0	0	0
89.125	0	0	0	0	0	0
89.375	0	0	0	0	0	0
89.625	0	0	0	0	0	0
89.875	0	0	0	0	0	0
90.125	0	0	0	0	0	0
90.375	0	0	0	0	0	0
90.625	0	0	0	0	0	0
90.875	0	0	0	0	0	0
91.125	0	0	0	0	0	0
91.375	0	0	0	0	0	0
91.625	0	0	0	0	0	0
91.875	0	0	0	0	0	0
92.125	0	0	0	0	0	0
92.375	0	0	0	0	0	0
92.625	0	0	0	0	0	0
92.875	0	0	0	0	0	0
93.125	0	0	0	0	0	0
93.375	0	0	0	0	0	0
93.625	0	0	0	0	0	0
93.875	0	0	0	0	0	0
94.125	0	0	0	0	0	0
94.375	0	0	0	0	0	0
94.625	0	0	0	0	0	0
94.875	0	0	0	0	0	0
95.125	0	0	0	0	0	0
95.375	0	0	0	0	0	0
95.625	0	0	0	0	0	0
95.875	0	0	0	0	0	0
96.125	0	0	0	0	0	0
96.375	0	0	0	0	0	0
96.625	0	0	0	0	0	0
96.875	0	0	0	0	0	0
97.125	0	0	0	0	0	0
97.375	0	0	0	0	0	0
97.625	0	0	0	0	0	0
97.875	0	0	0	0	0	0
98.125	0	0	0	0	0	0
98.375	0	0	0	0	0	0
98.625	0	0	0	0	0	0
98.875	0	0	0	0	0	0
99.125	0	0	0	0	0	0
99.375	0	0	0	0	0	0
99.625	0	0	0	0	0	0
99.875	0	0	0	0	0	0
100.125	0	0	0	0	0	0
100.375	0	0	0	0	0	0
100.625	0	0	0	0	0	0
100.875	0	0	0	0	0	0
101.125	0	0	0	0	0	0
101.375	0	0	0	0	0	0
101.625	0	0	0	0	0	0
101.875	0	0	0	0	0	0
102.125	0	0	0	0	0	0
102.375	0	0	0	0	0	0
102.625	0	0	0	0	0	0
102.875	0	0	0	0	0	0
103.125	0	0	0	0	0	0
103.375	0	0	0	0	0	0
103.625	0	0	0	0	0	0
103.875	0	0	0	0	0	0
104.125	0	0	0	0	0	0
104.375	0	0	0	0	0	0
104.625	0	0	0	0	0	0
104.875	0	0	0	0	0	0
105.125	0	0	0	0	0	0
105.375	0	0	0	0	0	0
105.625	0	0	0	0	0	0
105.875	0	0	0	0	0	0
106.125	0	0	0	0	0	0
106.375	0	0	0	0	0	0
106.625	0	0	0	0	0	0
106.875	0	0	0	0	0	0
107.125	0	0	0	0	0	0
107.375	0	0	0	0	0	0
107.625	0	0	0	0	0	0
107.875	0	0	0	0	0	0
108.125	0	0	0	0	0	0
108.375	0	0	0	0	0	0
108.625	0	0	0	0	0	0
108.875	0	0	0	0	0	0
109.125	0	0	0	0	0	0
109.375	0	0	0	0	0	0
109.625	0	0	0	0	0	0
109.875	0	0	0	0	0	0
110.125	0	0	0	0	0	0
110.375	0	0	0	0	0	0
110.625	0	0	0	0	0	0
110.875	0	0	0	0	0	0
111.125	0	0	0	0	0	0
111.375	0	0	0	0	0	0
111.625	0	0	0	0	0	0
111.875	0	0	0	0	0	0
112.125	0	0	0	0	0	0
112.375	0	0	0	0	0	0
112.625	0	0	0	0	0	0
112.875	0	0	0	0	0	0
113.125	0	0	0	0	0	0
113.375	0	0	0	0	0	0
113.625	0	0	0	0	0	0
113.875	0	0	0	0	0	0
114.125	0	0	0	0	0	0
114.375	0	0	0	0	0	0
114.625	0	0	0	0	0	0
114.875	0	0	0	0	0	0
115.125	0	0	0	0	0	0
115.375	0	0	0	0	0	0
115.625	0	0	0	0	0	0
115.875	0	0	0	0	0	0
116.125	0	0	0	0	0	0
116.375	0	0	0	0	0	0
116.625	0	0	0	0	0	0
116.875	0	0	0	0	0	0
117.125	0	0	0	0	0	0
117.375	0	0	0	0	0	0
117.625	0	0	0	0	0	0
117.875	0	0	0	0	0	0
118.125	0	0	0	0	0	0
118.375	0	0	0	0	0	0
118.625	0	0	0	0	0	0
118.875	0	0	0	0	0	0
119.125	0	0	0	0	0	0
119.375	0	0	0	0	0	0
119.625	0	0	0	0	0	0
119.875	0	0	0	0	0	0
120.125	0	0	0	0	0	0
120.375	0	0	0	0	0	0
120.625	0	0	0	0	0	0
120.875	0	0	0	0	0	0
121.125	0	0	0	0	0	0
121.375	0	0	0	0	0	0
121.625	0	0	0	0	0	0
121.875	0	0	0	0	0	0
122.125	0	0	0	0	0	0
122.375	0	0	0	0	0	0
122.625	0	0	0	0	0	0
122.875	0	0	0	0	0	0
123.125	0	0	0	0	0	0
123.375	0	0	0	0	0	0
123.625	0	0	0	0	0	0
123.875	0	0	0	0	0	0
124.125	0	0	0	0	0	0
124.375	0	0	0	0	0	0
124.625	0	0	0	0	0	0
124.875	0	0	0	0	0	0
125.125	0	0	0	0	0	0
