

--------- #nue_app ---------
	
0.0625	           0	           0	
0.1875	           0	           0	
0.3125	           0	           0	
0.4375	           0	           0	
0.5625	           0	           0	
0.6875	           0	           0	
0.8125	           0	           0	
0.9375	           0	           0	
 1.062	           0	           0	
 1.188	           0	           0	
 1.312	           0	           0	
 1.438	           0	           0	
 1.562	           0	           0	
 1.688	           0	           0	
 1.812	           0	           0	
 1.938	           0	           0	
 2.062	           0	           0	
 2.188	           0	           0	
 2.312	           0	           0	
 2.438	           0	           0	
 2.562	           0	           0	
 2.688	           0	           0	
 2.812	           0	           0	
 2.938	           0	           0	
 3.062	           0	           0	
 3.188	           0	           0	
 3.312	           0	           0	
 3.438	           0	           0	
 3.562	           0	           0	
 3.688	           0	           0	
 3.812	           0	           0	
 3.938	           0	           0	
 4.062	           0	           0	
 4.188	           0	           0	
 4.312	           0	           0	
 4.438	           0	           0	
 4.562	           0	           0	
 4.688	           0	           0	
 4.812	           0	           0	
 4.938	           0	           0	
 5.062	           0	           0	
 5.188	           0	           0	
 5.312	           0	           0	
 5.438	           0	           0	
 5.562	           0	           0	
 5.688	           0	           0	
 5.812	           0	           0	
 5.938	           0	           0	
 6.062	           0	           0	
 6.188	           0	           0	
 6.312	           0	           0	
 6.438	           0	           0	
 6.562	           0	           0	
 6.688	           0	           0	
 6.812	           0	           0	
 6.938	           0	           0	
 7.062	           0	           0	
 7.188	           0	           0	
 7.312	           0	           0	
 7.438	           0	           0	
 7.562	           0	           0	
 7.688	           0	           0	
 7.812	           0	           0	
 7.938	           0	           0	
   8.5	           0	           0	
   9.5	           0	           0	
    11	           0	           0	
    13	           0	           0	
    15	           0	           0	
    17	           0	           0	
    19	           0	           0	
--------------------------------------
Total:	           0	           0	
	
0.0625	           0	           0	           0	           0	           0	           0	           0	           0	
0.1875	           0	           0	           0	           0	           0	           0	           0	           0	
0.3125	           0	           0	           0	           0	           0	           0	           0	           0	
0.4375	           0	           0	           0	           0	           0	           0	           0	           0	
0.5625	           0	           0	           0	           0	           0	           0	           0	           0	
0.6875	           0	           0	           0	           0	           0	           0	           0	           0	
0.8125	           0	           0	           0	           0	           0	           0	           0	           0	
0.9375	           0	           0	           0	           0	           0	           0	           0	           0	
 1.062	           0	           0	           0	           0	           0	           0	           0	           0	
 1.188	           0	           0	           0	           0	           0	           0	           0	           0	
 1.312	           0	           0	           0	           0	           0	           0	           0	           0	
 1.438	           0	           0	           0	           0	           0	           0	           0	           0	
 1.562	           0	           0	           0	           0	           0	           0	           0	           0	
 1.688	           0	           0	           0	           0	           0	           0	           0	           0	
 1.812	           0	           0	           0	           0	           0	           0	           0	           0	
 1.938	           0	           0	           0	           0	           0	           0	           0	           0	
 2.062	           0	           0	           0	           0	           0	           0	           0	           0	
 2.188	           0	           0	           0	           0	           0	           0	           0	           0	
 2.312	           0	           0	           0	           0	           0	           0	           0	           0	
 2.438	           0	           0	           0	           0	           0	           0	           0	           0	
 2.562	           0	           0	           0	           0	           0	           0	           0	           0	
 2.688	           0	           0	           0	           0	           0	           0	           0	           0	
 2.812	           0	           0	           0	           0	           0	           0	           0	           0	
 2.938	           0	           0	           0	           0	           0	           0	           0	           0	
 3.062	           0	           0	           0	           0	           0	           0	           0	           0	
 3.188	           0	           0	           0	           0	           0	           0	           0	           0	
 3.312	           0	           0	           0	           0	           0	           0	           0	           0	
 3.438	           0	           0	           0	           0	           0	           0	           0	           0	
 3.562	           0	           0	           0	           0	           0	           0	           0	           0	
 3.688	           0	           0	           0	           0	           0	           0	           0	           0	
 3.812	           0	           0	           0	           0	           0	           0	           0	           0	
 3.938	           0	           0	           0	           0	           0	           0	           0	           0	
 4.062	           0	           0	           0	           0	           0	           0	           0	           0	
 4.188	           0	           0	           0	           0	           0	           0	           0	           0	
 4.312	           0	           0	           0	           0	           0	           0	           0	           0	
 4.438	           0	           0	           0	           0	           0	           0	           0	           0	
 4.562	           0	           0	           0	           0	           0	           0	           0	           0	
 4.688	           0	           0	           0	           0	           0	           0	           0	           0	
 4.812	           0	           0	           0	           0	           0	           0	           0	           0	
 4.938	           0	           0	           0	           0	           0	           0	           0	           0	
 5.062	           0	           0	           0	           0	           0	           0	           0	           0	
 5.188	           0	           0	           0	           0	           0	           0	           0	           0	
 5.312	           0	           0	           0	           0	           0	           0	           0	           0	
 5.438	           0	           0	           0	           0	           0	           0	           0	           0	
 5.562	           0	           0	           0	           0	           0	           0	           0	           0	
 5.688	           0	           0	           0	           0	           0	           0	           0	           0	
 5.812	           0	           0	           0	           0	           0	           0	           0	           0	
 5.938	           0	           0	           0	           0	           0	           0	           0	           0	
 6.062	           0	           0	           0	           0	           0	           0	           0	           0	
 6.188	           0	           0	           0	           0	           0	           0	           0	           0	
 6.312	           0	           0	           0	           0	           0	           0	           0	           0	
 6.438	           0	           0	           0	           0	           0	           0	           0	           0	
 6.562	           0	           0	           0	           0	           0	           0	           0	           0	
 6.688	           0	           0	           0	           0	           0	           0	           0	           0	
 6.812	           0	           0	           0	           0	           0	           0	           0	           0	
 6.938	           0	           0	           0	           0	           0	           0	           0	           0	
 7.062	           0	           0	           0	           0	           0	           0	           0	           0	
 7.188	           0	           0	           0	           0	           0	           0	           0	           0	
 7.312	           0	           0	           0	           0	           0	           0	           0	           0	
 7.438	           0	           0	           0	           0	           0	           0	           0	           0	
 7.562	           0	           0	           0	           0	           0	           0	           0	           0	
 7.688	           0	           0	           0	           0	           0	           0	           0	           0	
 7.812	           0	           0	           0	           0	           0	           0	           0	           0	
 7.938	           0	           0	           0	           0	           0	           0	           0	           0	
   8.5	           0	           0	           0	           0	           0	           0	           0	           0	
   9.5	           0	           0	           0	           0	           0	           0	           0	           0	
    11	           0	           0	           0	           0	           0	           0	           0	           0	
    13	           0	           0	           0	           0	           0	           0	           0	           0	
    15	           0	           0	           0	           0	           0	           0	           0	           0	
    17	           0	           0	           0	           0	           0	           0	           0	           0	
    19	           0	           0	           0	           0	           0	           0	           0	           0	
--------------------------------------------------------------------------------------------------------------------------------------
Total:	           0	           0	           0	           0	           0	           0	           0	           0	

	
--------- #nuebar_app ---------
	
0.0625	           0	  0.00975921	
0.1875	   0.0429616	    0.127605	
0.3125	   0.0711021	    0.109541	
0.4375	    0.120666	    0.348809	
0.5625	   0.0916371	    0.413479	
0.6875	    0.195192	     1.04717	
0.8125	    0.246162	     1.46639	
0.9375	    0.210021	     1.80896	
 1.062	    0.374591	     1.88476	
 1.188	      0.2186	     1.58602	
 1.312	     0.30373	      1.2417	
 1.438	     0.36287	     0.92998	
 1.562	    0.578169	     1.00727	
 1.688	    0.725613	     1.50844	
 1.812	    0.866093	      2.1505	
 1.938	       1.029	     2.99435	
 2.062	      1.0142	     3.78042	
 2.188	     1.23378	     4.57502	
 2.312	     1.19337	     5.15014	
 2.438	     1.32731	     6.09897	
 2.562	     1.37539	     7.31524	
 2.688	     1.34105	     7.88683	
 2.812	     1.49172	      7.8091	
 2.938	     1.36963	     8.09438	
 3.062	     1.33053	     7.94752	
 3.188	     1.27711	      7.8251	
 3.312	    0.968681	     7.24962	
 3.438	    0.966639	     7.10354	
 3.562	    0.962006	     6.41097	
 3.688	     1.01133	     5.70241	
 3.812	     1.02432	     5.10992	
 3.938	    0.855324	     4.56022	
 4.062	    0.640589	     3.94359	
 4.188	    0.799205	     3.38345	
 4.312	    0.711767	     2.62642	
 4.438	    0.662218	     2.38586	
 4.562	    0.593425	      1.9943	
 4.688	    0.496364	      1.6034	
 4.812	    0.481665	     1.35945	
 4.938	    0.395378	     1.24071	
 5.062	    0.599562	     0.89431	
 5.188	    0.333636	    0.935228	
 5.312	    0.487099	    0.645231	
 5.438	    0.383553	      0.6633	
 5.562	    0.328666	    0.415213	
 5.688	    0.426489	    0.453741	
 5.812	    0.356416	    0.357844	
 5.938	    0.319611	    0.293323	
 6.062	    0.281429	    0.239289	
 6.188	    0.215331	    0.376334	
 6.312	    0.246828	    0.241084	
 6.438	    0.208485	    0.138245	
 6.562	    0.288002	    0.167867	
 6.688	    0.213103	    0.150561	
 6.812	    0.181301	    0.127957	
 6.938	    0.205279	    0.150606	
 7.062	    0.160282	    0.102098	
 7.188	    0.166801	    0.108483	
 7.312	    0.148956	   0.0811346	
 7.438	    0.137396	   0.0689915	
 7.562	    0.134482	   0.0823793	
 7.688	    0.117926	   0.0684361	
 7.812	    0.139577	   0.0595449	
 7.938	    0.121256	   0.0402805	
   8.5	    0.682436	    0.387646	
   9.5	    0.380372	    0.219659	
    11	    0.380716	    0.240332	
    13	    0.173792	    0.144603	
    15	   0.0801343	   0.0644566	
    17	   0.0473053	   0.0411069	
    19	   0.0280726	   0.0143832	
--------------------------------------
Total:	     36.9337	     147.765	
	
0.0625	           0	           0	           0	           0	           0	           0	           0	           0	
0.1875	           0	           0	           0	    0.162693	           0	           0	           0	   0.0966674	
0.3125	           0	    0.152924	           0	           0	           0	   0.0687321	           0	           0	
0.4375	    0.346269	           0	           0	           0	           0	           0	     0.10821	    0.584296	
0.5625	    0.136083	    0.983093	           0	           0	           0	           0	    0.120089	    0.881356	
0.6875	           0	           0	           0	           0	           0	   0.0781197	           0	    0.782258	
0.8125	           0	    0.425914	           0	           0	           0	     0.16935	           0	     1.17344	
0.9375	    0.385474	    0.251703	           0	           0	   0.0816115	    0.125984	    0.103891	     1.56472	
 1.062	    0.159936	     1.27827	           0	    0.153596	    0.104259	    0.245923	    0.109433	     2.42767	
 1.188	    0.608404	    0.404354	    0.224765	    0.273821	   0.0667115	    0.326364	    0.240096	     2.34143	
 1.312	    0.378152	     1.33256	           0	           0	           0	    0.197972	    0.313884	     2.35978	
 1.438	    0.245179	     0.84252	           0	           0	           0	    0.306707	    0.529207	     1.35486	
 1.562	    0.344029	     2.12027	    0.171086	           0	           0	    0.607408	    0.345422	     1.56407	
 1.688	           0	    0.803726	    0.181982	   0.0895863	    0.200267	    0.446549	    0.661841	     2.32962	
 1.812	    0.272961	     1.59421	           0	           0	    0.062428	    0.218019	    0.208495	     2.55461	
 1.938	    0.216027	     0.91232	    0.187858	   0.0720733	    0.117825	    0.197024	    0.657279	     2.43326	
 2.062	    0.191097	    0.606303	           0	   0.0676947	     0.13052	    0.377823	     1.13841	     2.92865	
 2.188	           0	     1.91844	           0	           0	    0.260937	    0.445656	    0.468211	     1.88249	
 2.312	    0.279708	    0.869364	           0	   0.0700715	    0.298028	    0.148816	    0.851635	     1.53609	
 2.438	       1.008	      1.2828	    0.565588	    0.146324	    0.225616	    0.168935	           0	     1.71655	
 2.562	    0.429063	     2.30102	           0	     0.16113	    0.149437	    0.498224	    0.628659	     1.03467	
 2.688	    0.382852	     1.09163	    0.185765	    0.161095	     0.29334	     0.16698	    0.401653	    0.776559	
 2.812	    0.282537	     1.26088	           0	   0.0880731	    0.160128	    0.271045	    0.202016	     1.42142	
 2.938	    0.593331	     1.16685	    0.218086	           0	   0.0612863	    0.665844	    0.531222	     1.13682	
 3.062	    0.457299	     1.31116	           0	    0.287717	    0.354154	    0.251596	    0.246554	     1.60358	
 3.188	     0.57912	     1.60687	     0.44285	           0	    0.155911	    0.193315	    0.406129	    0.630424	
 3.312	    0.397845	    0.280766	    0.205508	    0.107637	           0	    0.197836	    0.296422	    0.851863	
 3.438	    0.767513	       1.619	           0	    0.110099	    0.229238	    0.159087	    0.473879	    0.853184	
 3.562	     1.19415	     0.80111	           0	           0	    0.284312	    0.594984	     0.73503	    0.678219	
 3.688	    0.750714	    0.473559	           0	    0.111228	    0.135554	    0.245536	    0.579656	    0.629248	
 3.812	     0.21991	    0.548426	           0	    0.366285	    0.375279	    0.314764	    0.491638	    0.274929	
 3.938	    0.366307	    0.274041	           0	    0.235959	    0.096809	    0.375792	    0.374544	    0.439352	
 4.062	           0	     1.27245	           0	    0.124768	    0.229992	    0.252956	    0.692483	    0.431798	
 4.188	    0.738421	     1.94937	    0.243965	    0.128244	    0.232255	    0.248074	    0.121111	    0.453146	
 4.312	    0.894977	    0.749099	    0.284174	    0.140602	    0.158003	    0.121148	    0.255322	    0.337463	
 4.438	    0.555222	     1.13646	    0.288826	           0	    0.108143	   0.0886694	    0.451199	    0.694956	
 4.562	    0.335872	     1.88312	           0	           0	   0.0961078	    0.188737	    0.356727	    0.087672	
 4.688	    0.572442	      2.8122	           0	           0	    0.340943	   0.0899708	    0.109728	   0.0995621	
 4.812	    0.992803	     1.37945	           0	           0	    0.174356	    0.210006	    0.655754	    0.255446	
 4.938	    0.980213	    0.336554	     0.24373	           0	   0.0783932	    0.129213	    0.250195	    0.106901	
 5.062	    0.563193	     1.03889	    0.290916	           0	    0.127991	   0.0700868	    0.123024	           0	
 5.188	     0.22223	     1.48641	     0.29417	           0	    0.149221	    0.117417	   0.0991733	           0	
 5.312	           0	    0.906598	           0	    0.181974	    0.164728	   0.0917246	    0.250535	    0.257007	
 5.438	           0	    0.536506	           0	    0.142125	   0.0660606	    0.157025	    0.210892	    0.198136	
 5.562	           0	     1.17711	           0	           0	    0.196638	   0.0933849	           0	   0.0925467	
 5.688	    0.744463	    0.476151	           0	           0	    0.150965	           0	    0.194257	           0	
 5.812	           0	     1.32972	           0	           0	    0.035858	   0.0609322	           0	    0.301887	
 5.938	           0	    0.172857	           0	           0	   0.0402697	   0.0716811	    0.124674	   0.0953696	
 6.062	           0	    0.132998	           0	           0	    0.154577	     0.10061	    0.207731	    0.211608	
 6.188	    0.517252	    0.132998	           0	           0	   0.0338289	   0.0672886	    0.111636	    0.229149	
 6.312	     1.13778	           0	           0	           0	   0.0766964	   0.0623465	           0	   0.0965845	
 6.438	    0.842427	           0	           0	           0	   0.0993562	           0	    0.123768	   0.0997034	
 6.562	           0	    0.205904	           0	           0	    0.108042	   0.0172064	    0.395354	           0	
 6.688	           0	     1.69949	           0	           0	           0	    0.065332	     0.11904	           0	
 6.812	     1.43103	    0.322819	           0	           0	   0.0221206	   0.0188333	           0	   0.0895556	
 6.938	           0	    0.644717	           0	           0	   0.0332884	   0.0200556	           0	           0	
 7.062	    0.878721	    0.889667	           0	           0	   0.0607687	   0.0212278	           0	    0.106896	
 7.188	    0.487703	    0.306919	           0	           0	   0.0413944	   0.0163406	    0.109121	           0	
 7.312	     1.59709	           0	           0	           0	   0.0653237	   0.0335948	    0.101356	     0.11061	
 7.438	    0.586522	    0.788309	           0	           0	   0.0670384	   0.0171775	    0.114661	           0	
 7.562	     0.27937	           0	           0	           0	    0.107719	           0	    0.119641	           0	
 7.688	           0	    0.637161	           0	           0	           0	   0.0189029	    0.121153	           0	
 7.812	    0.334609	    0.840664	           0	           0	   0.0344232	   0.0172283	    0.172582	           0	
 7.938	    0.517069	           0	           0	           0	           0	   0.0586256	           0	           0	
   8.5	     2.76123	     2.12684	    0.379092	           0	   0.0484348	    0.182489	    0.598572	    0.230482	
   9.5	     3.96498	     2.61593	           0	           0	   0.0888039	    0.102602	    0.104944	    0.133832	
    11	     3.81297	    0.955211	           0	           0	   0.0902057	    0.123053	    0.320292	           0	
    13	     1.54377	     2.43388	           0	           0	   0.0870925	   0.0209059	    0.100942	           0	
    15	    0.966231	     1.22036	           0	           0	   0.0271888	   0.0283127	           0	    0.139783	
    17	    0.527596	    0.620628	           0	           0	   0.0215997	   0.0267596	           0	           0	
    19	     1.14647	     1.73252	           0	           0	           0	   0.0097553	           0	           0	
--------------------------------------------------------------------------------------------------------------------------------------
Total:	     40.9246	     65.4641	     4.40836	      3.3828	     7.46148	     11.0841	     17.9394	     45.7022	

	
--------- #numu_dis ---------
	
0.0625	           0	           0	
0.1875	           0	           0	
0.3125	           0	           0	
0.4375	           0	           0	
0.5625	           0	           0	
0.6875	           0	           0	
0.8125	           0	           0	
0.9375	           0	           0	
 1.062	           0	           0	
 1.188	           0	           0	
 1.312	           0	           0	
 1.438	           0	           0	
 1.562	           0	           0	
 1.688	           0	           0	
 1.812	           0	           0	
 1.938	           0	           0	
 2.062	           0	           0	
 2.188	           0	           0	
 2.312	           0	           0	
 2.438	           0	           0	
 2.562	           0	           0	
 2.688	           0	           0	
 2.812	           0	           0	
 2.938	           0	           0	
 3.062	           0	           0	
 3.188	           0	           0	
 3.312	           0	           0	
 3.438	           0	           0	
 3.562	           0	           0	
 3.688	           0	           0	
 3.812	           0	           0	
 3.938	           0	           0	
 4.062	           0	           0	
 4.188	           0	           0	
 4.312	           0	           0	
 4.438	           0	           0	
 4.562	           0	           0	
 4.688	           0	           0	
 4.812	           0	           0	
 4.938	           0	           0	
 5.062	           0	           0	
 5.188	           0	           0	
 5.312	           0	           0	
 5.438	           0	           0	
 5.562	           0	           0	
 5.688	           0	           0	
 5.812	           0	           0	
 5.938	           0	           0	
 6.062	           0	           0	
 6.188	           0	           0	
 6.312	           0	           0	
 6.438	           0	           0	
 6.562	           0	           0	
 6.688	           0	           0	
 6.812	           0	           0	
 6.938	           0	           0	
 7.062	           0	           0	
 7.188	           0	           0	
 7.312	           0	           0	
 7.438	           0	           0	
 7.562	           0	           0	
 7.688	           0	           0	
 7.812	           0	           0	
 7.938	           0	           0	
   8.5	           0	           0	
   9.5	           0	           0	
    11	           0	           0	
    13	           0	           0	
    15	           0	           0	
    17	           0	           0	
    19	           0	           0	
--------------------------------------
Total:	           0	           0	
	
0.0625	           0	           0	           0	           0	
0.1875	           0	           0	           0	           0	
0.3125	           0	           0	           0	           0	
0.4375	           0	           0	           0	           0	
0.5625	           0	           0	           0	           0	
0.6875	           0	           0	           0	           0	
0.8125	           0	           0	           0	           0	
0.9375	           0	           0	           0	           0	
 1.062	           0	           0	           0	           0	
 1.188	           0	           0	           0	           0	
 1.312	           0	           0	           0	           0	
 1.438	           0	           0	           0	           0	
 1.562	           0	           0	           0	           0	
 1.688	           0	           0	           0	           0	
 1.812	           0	           0	           0	           0	
 1.938	           0	           0	           0	           0	
 2.062	           0	           0	           0	           0	
 2.188	           0	           0	           0	           0	
 2.312	           0	           0	           0	           0	
 2.438	           0	           0	           0	           0	
 2.562	           0	           0	           0	           0	
 2.688	           0	           0	           0	           0	
 2.812	           0	           0	           0	           0	
 2.938	           0	           0	           0	           0	
 3.062	           0	           0	           0	           0	
 3.188	           0	           0	           0	           0	
 3.312	           0	           0	           0	           0	
 3.438	           0	           0	           0	           0	
 3.562	           0	           0	           0	           0	
 3.688	           0	           0	           0	           0	
 3.812	           0	           0	           0	           0	
 3.938	           0	           0	           0	           0	
 4.062	           0	           0	           0	           0	
 4.188	           0	           0	           0	           0	
 4.312	           0	           0	           0	           0	
 4.438	           0	           0	           0	           0	
 4.562	           0	           0	           0	           0	
 4.688	           0	           0	           0	           0	
 4.812	           0	           0	           0	           0	
 4.938	           0	           0	           0	           0	
 5.062	           0	           0	           0	           0	
 5.188	           0	           0	           0	           0	
 5.312	           0	           0	           0	           0	
 5.438	           0	           0	           0	           0	
 5.562	           0	           0	           0	           0	
 5.688	           0	           0	           0	           0	
 5.812	           0	           0	           0	           0	
 5.938	           0	           0	           0	           0	
 6.062	           0	           0	           0	           0	
 6.188	           0	           0	           0	           0	
 6.312	           0	           0	           0	           0	
 6.438	           0	           0	           0	           0	
 6.562	           0	           0	           0	           0	
 6.688	           0	           0	           0	           0	
 6.812	           0	           0	           0	           0	
 6.938	           0	           0	           0	           0	
 7.062	           0	           0	           0	           0	
 7.188	           0	           0	           0	           0	
 7.312	           0	           0	           0	           0	
 7.438	           0	           0	           0	           0	
 7.562	           0	           0	           0	           0	
 7.688	           0	           0	           0	           0	
 7.812	           0	           0	           0	           0	
 7.938	           0	           0	           0	           0	
   8.5	           0	           0	           0	           0	
   9.5	           0	           0	           0	           0	
    11	           0	           0	           0	           0	
    13	           0	           0	           0	           0	
    15	           0	           0	           0	           0	
    17	           0	           0	           0	           0	
    19	           0	           0	           0	           0	
----------------------------------------------------------------------
Total:	           0	           0	           0	           0	

	
--------- #numubar_dis ---------
	
0.0625	    0.252526	     1.14482	
0.1875	    0.561441	     5.50875	
0.3125	     2.21588	     6.66512	
0.4375	     2.80531	     9.26218	
0.5625	     5.64073	     16.1021	
0.6875	     4.58301	     20.8695	
0.8125	     7.22027	      33.831	
0.9375	     9.52047	     53.5831	
 1.062	     12.5278	     75.2237	
 1.188	     12.6379	     81.6982	
 1.312	     16.2718	     103.782	
 1.438	     15.6296	     107.781	
 1.562	     13.6339	     98.2653	
 1.688	     11.1124	     84.0417	
 1.812	     11.2465	     69.6313	
 1.938	     9.27003	     54.1277	
 2.062	     7.38378	     48.3582	
 2.188	     6.33887	      36.555	
 2.312	     5.72307	     34.6102	
 2.438	     3.63734	     25.8368	
 2.562	      4.4427	     25.3391	
 2.688	     5.40367	     24.8624	
 2.812	     4.76816	     25.9069	
 2.938	     4.28175	     30.3222	
 3.062	     4.82957	     33.3028	
 3.188	     6.75026	     36.7969	
 3.312	     6.85626	     46.3186	
 3.438	     7.42934	      41.938	
 3.562	     7.43927	     47.0966	
 3.688	     9.64459	     46.4033	
 3.812	      9.6373	     53.6843	
 3.938	     10.3585	     50.0365	
 4.062	      10.069	      47.465	
 4.188	     11.9301	      43.166	
 4.312	     11.5959	     46.6315	
 4.438	      10.499	     44.7553	
 4.562	     12.0153	     44.6648	
 4.688	     13.1998	     35.0628	
 4.812	     13.4377	     37.0024	
 4.938	     11.8155	     32.6732	
 5.062	     13.7078	     32.5411	
 5.188	     12.4038	     27.8573	
 5.312	     13.5152	     21.4103	
 5.438	     14.8774	     27.9447	
 5.562	      14.932	     25.0808	
 5.688	     12.8842	     18.4366	
 5.812	     14.8825	     17.9483	
 5.938	     12.7258	     17.4622	
 6.062	     14.8297	     14.0606	
 6.188	      10.707	     16.6053	
 6.312	     13.0001	     13.2839	
 6.438	     13.9501	     11.3268	
 6.562	     14.2953	      12.487	
 6.688	     15.3143	     12.7224	
 6.812	     12.9659	     14.6068	
 6.938	     14.3688	     12.1879	
 7.062	     12.3516	     7.86836	
 7.188	     14.0273	     8.56751	
 7.312	     11.2201	     11.1778	
 7.438	     13.6044	      8.7042	
 7.562	     12.1138	     9.19359	
 7.688	     12.6384	     7.45512	
 7.812	     11.1606	     7.27291	
 7.938	     12.3448	     6.77592	
   8.5	      106.59	     85.4192	
   9.5	     132.737	     102.311	
    11	     200.081	     152.636	
    13	     139.483	     85.7057	
    15	     91.3393	     47.0269	
    17	     66.8127	     32.9879	
    19	     50.1695	     16.2207	
--------------------------------------
Total:	     1440.65	     2645.59	
	
0.0625	           0	           0	    0.113377	     1.03361	
0.1875	   0.0440159	           0	    0.109864	    0.880955	
0.3125	           0	    0.189865	    0.230972	     1.87956	
0.4375	   0.0397272	     0.19063	           0	           0	
0.5625	   0.0857166	   0.0477527	    0.451676	     3.39156	
0.6875	   0.0446572	    0.136266	    0.793444	     5.67345	
0.8125	    0.156218	   0.0921664	    0.885069	     5.78452	
0.9375	   0.0520037	     0.43197	    0.327982	     2.11363	
 1.062	    0.122583	    0.385587	    0.823728	     4.80942	
 1.188	    0.267155	     0.44129	    0.470646	      2.6337	
 1.312	           0	    0.335361	    0.750953	     3.80028	
 1.438	    0.264721	    0.307428	    0.458237	     2.23842	
 1.562	    0.282979	     0.50736	    0.526231	     2.34841	
 1.688	    0.195726	    0.555221	      1.4311	     5.40901	
 1.812	    0.267659	    0.234104	     1.14886	     4.43658	
 1.938	    0.231373	     0.51609	    0.650027	     2.21463	
 2.062	    0.198699	    0.452585	    0.332161	     1.13507	
 2.188	    0.338067	    0.581754	    0.841546	     2.40056	
 2.312	     0.28567	     0.59526	    0.349487	    0.963214	
 2.438	    0.402615	    0.660345	    0.726599	     1.69819	
 2.562	    0.463589	    0.499622	    0.214629	    0.594231	
 2.688	    0.515203	    0.488105	    0.248843	    0.511085	
 2.812	    0.227246	    0.491347	    0.750661	     1.74273	
 2.938	    0.403682	    0.418114	    0.390081	    0.704967	
 3.062	    0.238951	    0.325771	    0.462881	    0.674959	
 3.188	     0.32214	    0.576076	     0.32463	    0.558826	
 3.312	    0.186819	    0.422587	    0.395158	    0.537236	
 3.438	     0.46458	    0.271442	     0.60378	    0.770938	
 3.562	    0.202121	    0.439087	    0.560794	    0.764188	
 3.688	    0.322999	    0.323674	    0.472845	    0.508295	
 3.812	      0.5196	    0.260767	    0.367388	    0.409333	
 3.938	    0.383922	    0.387383	    0.467988	    0.581756	
 4.062	    0.406939	    0.352299	    0.314634	    0.416945	
 4.188	    0.308905	     0.34679	    0.662137	    0.593701	
 4.312	    0.360854	    0.571784	    0.518124	      0.4767	
 4.438	    0.365796	    0.257845	    0.526427	    0.606893	
 4.562	    0.207924	    0.506937	    0.649453	    0.461668	
 4.688	    0.138954	    0.480754	      0.2823	    0.233572	
 4.812	    0.394658	    0.432709	    0.252276	    0.193717	
 4.938	    0.183648	    0.182547	    0.396501	    0.322413	
 5.062	    0.193186	   0.0636468	    0.387272	    0.230957	
 5.188	    0.223119	    0.153794	    0.428042	    0.269576	
 5.312	    0.163647	    0.218744	    0.265589	    0.141469	
 5.438	    0.330565	    0.302774	    0.227149	     0.15793	
 5.562	    0.271688	    0.127229	           0	           0	
 5.688	    0.220266	    0.155665	    0.103384	   0.0620181	
 5.812	    0.167096	    0.229712	    0.236407	    0.144705	
 5.938	    0.418197	    0.291469	    0.199749	    0.157381	
 6.062	    0.125556	           0	    0.325795	      0.1883	
 6.188	   0.0646836	   0.0617392	    0.241109	    0.146725	
 6.312	    0.105359	    0.117337	    0.119411	   0.0523398	
 6.438	    0.230459	    0.137089	    0.215972	    0.113609	
 6.562	    0.109319	    0.128814	    0.109676	   0.0732851	
 6.688	    0.129569	   0.0432621	    0.201369	   0.0967114	
 6.812	   0.0981303	    0.121595	    0.184192	   0.0942768	
 6.938	    0.194528	           0	    0.203865	   0.0746317	
 7.062	    0.174407	    0.091987	     0.16451	    0.086556	
 7.188	    0.133784	   0.0818639	    0.194823	   0.0814736	
 7.312	    0.163855	    0.139655	    0.229976	    0.119932	
 7.438	   0.0340218	   0.0962369	      0.1265	   0.0754792	
 7.562	    0.150392	   0.0632987	   0.0986722	   0.0323624	
 7.688	    0.173838	   0.0267193	    0.114038	   0.0533526	
 7.812	    0.180227	     0.16813	           0	           0	
 7.938	   0.0606174	           0	    0.120257	   0.0417892	
   8.5	    0.739213	    0.311521	    0.920212	    0.443992	
   9.5	    0.908217	    0.442727	    0.312581	    0.144756	
    11	    0.697782	    0.388151	     1.07197	    0.456443	
    13	    0.364785	    0.146697	    0.876024	    0.300193	
    15	    0.307158	    0.064986	    0.199573	    0.074183	
    17	    0.153344	   0.0103422	    0.491584	    0.148584	
    19	    0.134296	    0.048246	    0.300022	   0.0584225	
----------------------------------------------------------------------
Total:	     17.3194	     18.9301	     28.9532	     70.6304	


