0.125 7.95724024e-14 5.543289e-12 0.0 2.267282e-14 2.13922924e-12 0.0 
0.375 1.653099648e-13 1.029209328e-11 0.0 2.45280736e-14 1.54859624e-12 0.0 
0.625 2.095181308e-13 1.50176444e-11 0.0 2.181690456e-14 1.455837048e-12 0.0 
0.875 2.393673568e-13 2.01475992e-11 0.0 1.848377692e-14 1.437083264e-12 0.0 
1.125 2.404615408e-13 2.59772852e-11 0.0 1.913962216e-14 1.467606568e-12 0.0 
1.375 2.480937756e-13 2.96345952e-11 0.0 1.656214508e-14 1.50517204e-12 0.0 
1.625 2.29224586e-13 3.19209516e-11 0.0 1.61998751e-14 1.511141512e-12 0.0 
1.875 2.19289672e-13 3.32746988e-11 0.0 1.7106118784e-14 1.424974924e-12 0.0 
2.125 1.9107484256e-13 3.38480304e-11 0.0 1.6814682284e-14 1.311502692e-12 0.0 
2.375 1.64119528e-13 3.44420888e-11 0.0 1.4546130508e-14 1.22278664e-12 0.0 
2.625 1.6549270904e-13 3.55730664e-11 0.0 1.86748769e-14 1.119819492e-12 0.0 
2.875 1.4605748972e-13 3.59147892e-11 0.0 1.604806292e-14 1.012274416e-12 0.0 
3.125 1.507358816e-13 3.34363636e-11 0.0 1.7502858708e-14 9.09123776e-13 0.0 
3.375 1.22506604e-13 2.816709e-11 0.0 1.5257844608e-14 7.99293212e-13 0.0 
3.625 1.1468663688e-13 2.14663712e-11 0.0 1.6273642828e-14 7.13300032e-13 0.0 
3.875 9.895540052e-14 1.56662392e-11 0.0 1.4662827568e-14 6.31251648e-13 0.0 
4.125 9.325777152e-14 1.114950044e-11 0.0 1.495812432e-14 5.60584654e-13 0.0 
4.375 7.78274766e-14 7.67034476e-12 0.0 1.465705448e-14 4.768347616e-13 0.0 
4.625 7.364001116e-14 4.97105072e-12 0.0 1.530641176e-14 4.270715928e-13 0.0 
4.875 6.54024388e-14 3.20009308e-12 0.0 1.42282908e-14 3.921582424e-13 0.0 
5.125 6.724083876e-14 2.18866956e-12 0.0 1.470470616e-14 3.865626736e-13 0.0 
5.375 5.756315348e-14 1.722750804e-12 0.0 1.35564764e-14 3.679650608e-13 0.0 
5.625 5.579980192e-14 1.437124132e-12 0.0 1.34749382e-14 3.585501028e-13 0.0 
5.875 4.98362488e-14 1.127850856e-12 0.0 1.385954448e-14 3.3580877372e-13 0.0 
6.125 5.03403146e-14 8.51327384e-13 0.0 1.205482936e-14 3.389960258e-13 0.0 
6.375 4.23271886e-14 7.29872396e-13 0.0 1.382503948e-14 3.144385432e-13 0.0 
6.625 4.065856244e-14 6.0448646e-13 0.0 1.190007208e-14 3.110794134e-13 0.0 
6.875 3.520191668e-14 5.3165204e-13 0.0 1.014594524e-14 2.9116481372e-13 0.0 
7.125 3.60006056e-14 4.66783676e-13 0.0 1.099326768e-14 2.2506006416e-13 0.0 
7.375 2.944426592e-14 4.39791732e-13 0.0 1.127036112e-14 2.1737572644e-13 0.0 
7.625 2.569679216e-14 4.082782496e-13 0.0 1.01665234e-14 1.84071968e-13 0.0 
7.875 2.418510288e-14 3.787174144e-13 0.0 9.87110592e-15 1.710939016e-13 0.0 
8.125 2.454183916e-14 3.7716712e-13 0.0 9.0588354e-15 1.6617728976e-13 0.0 
8.375 2.22441382e-14 3.313876016e-13 0.0 8.53688764e-15 1.4351812508e-13 0.0 
8.625 2.289044896e-14 3.56168832e-13 0.0 9.56297792e-15 1.5052014044e-13 0.0 
8.875 1.987071884e-14 3.58379444e-13 0.0 9.50571916e-15 1.3798781756e-13 0.0 
9.125 2.107224192e-14 3.122981168e-13 0.0 8.05744196e-15 1.1075408352e-13 0.0 
9.375 1.698996076e-14 3.09859268e-13 0.0 7.26187584e-15 1.0273435264e-13 0.0 
9.625 1.562699952e-14 3.002155272e-13 0.0 8.14382044e-15 1.103682454e-13 0.0 
9.875 1.474590212e-14 2.848210844e-13 0.0 6.9186804e-15 8.236982036e-14 0.0 
10.125 1.484210156e-14 2.638388992e-13 0.0 6.116915e-15 7.749504588e-14 0.0 
10.375 1.350119744e-14 2.633057676e-13 0.0 6.41614244e-15 7.438999492e-14 0.0 
10.625 1.29217742e-14 2.57856918e-13 0.0 5.67272412e-15 8.0472575e-14 0.0 
10.875 1.276287272e-14 2.421537364e-13 0.0 6.0666378e-15 7.589180932e-14 0.0 
11.125 1.218567888e-14 2.34011744e-13 0.0 8.30237888e-15 6.63544892e-14 0.0 
11.375 1.12299164e-14 2.275089884e-13 0.0 6.55881552e-15 6.965209072e-14 0.0 
11.625 9.59053796e-15 2.307295636e-13 0.0 5.07852812e-15 5.524192108e-14 0.0 
11.875 1.055219564e-14 2.167477012e-13 0.0 6.58080452e-15 5.491409968e-14 0.0 
12.125 9.78652352e-15 2.228380108e-13 0.0 4.45809888e-15 5.282814188e-14 0.0 
12.375 8.22400936e-15 2.08659818e-13 0.0 5.66449704e-15 4.690548976e-14 0.0 
12.625 9.5095718e-15 1.971339424e-13 0.0 4.60916996e-15 5.363672108e-14 0.0 
12.875 8.28045276e-15 1.966052276e-13 0.0 4.63003788e-15 5.350797164e-14 0.0 
13.125 6.9185286e-15 1.950601096e-13 0.0 4.13977868e-15 5.218843312e-14 0.0 
13.375 6.48067612e-15 1.775631872e-13 0.0 4.28584776e-15 5.365903516e-14 0.0 
13.625 6.49231428e-15 1.743510024e-13 0.0 3.70405788e-15 4.79026408e-14 0.0 
13.875 5.93649876e-15 1.727908984e-13 0.0 4.32726244e-15 4.081941872e-14 0.0 
14.125 6.09327428e-15 1.604972348e-13 0.0 3.54616168e-15 3.79789048e-14 0.0 
14.375 6.1278922e-15 1.4852379e-13 0.0 2.87294572e-15 4.312460876e-14 0.0 
14.625 5.1513332e-15 1.408369824e-13 0.0 3.2734276e-15 3.737098808e-14 0.0 
14.875 5.6047526e-15 1.435185072e-13 0.0 3.34697888e-15 3.45404752e-14 0.0 
15.125 6.2203532e-15 1.353427176e-13 0.0 3.0558124e-15 3.984832556e-14 0.0 
15.375 4.9119272e-15 1.262627488e-13 0.0 2.359888e-15 4.10252822e-14 0.0 
15.625 4.5529392e-15 1.087626296e-13 0.0 2.540008e-15 3.737242168e-14 0.0 
15.875 3.3884388e-15 1.063561924e-13 0.0 3.2186576e-15 3.331095724e-14 0.0 
16.125 3.6101916e-15 1.042036344e-13 0.0 3.9459104e-15 2.93815012e-14 0.0 
16.375 8.2519624e-15 8.72550804e-14 0.0 2.0077972e-15 3.130101868e-14 0.0 
16.625 3.4357704e-15 9.491275452e-14 0.0 2.5562972e-15 2.376135952e-14 0.0 
16.875 3.3702388e-15 9.419380936e-14 0.0 3.1165148e-15 3.380738684e-14 0.0 
17.125 2.7332192e-15 8.44996674e-14 0.0 2.0848968e-15 2.767638852e-14 0.0 
17.375 2.9949496e-15 7.35477104e-14 0.0 2.4411556e-15 1.99351756e-14 0.0 
17.625 2.7788768e-15 7.59538256e-14 0.0 1.9928704e-15 2.2037646e-14 0.0 
17.875 2.8687112e-15 6.72298888e-14 0.0 1.6570084e-15 2.45577324e-14 0.0 
18.125 2.6797052e-15 7.2798572e-14 0.0 1.5468104e-15 2.16869748e-14 0.0 
18.375 1.907542e-15 6.56434008e-14 0.0 6.719272e-16 1.96412752e-14 0.0 
18.625 1.8584284e-15 5.66533488e-14 0.0 1.6828072e-15 2.94448556e-14 0.0 
18.875 2.2318392e-15 5.32570316e-14 0.0 2.0736316e-15 1.73969796e-14 0.0 
19.125 2.1182688e-15 5.47580116e-14 0.0 1.5018208e-15 2.2022058e-14 0.0 
19.375 2.413062e-15 5.05840672e-14 0.0 1.7752728e-15 1.86285216e-14 0.0 
19.625 2.3759e-15 4.88001416e-14 0.0 1.0660028e-15 1.91905452e-14 0.0 
19.875 1.9839e-15 5.21271988e-14 0.0 1.245972e-15 2.2204298e-14 0.0 
20.125 1.1095644e-15 4.35821944e-14 0.0 1.0355492e-15 1.9583016e-14 0.0 
20.375 9.532012e-16 4.42232484e-14 0.0 7.041188e-16 1.27305728e-14 0.0 
20.625 1.6793252e-15 4.0422572e-14 0.0 1.2059664e-15 1.37360116e-14 0.0 
20.875 1.4392716e-15 4.76529836e-14 0.0 1.086796e-15 1.30974004e-14 0.0 
21.125 1.5444136e-15 3.84631636e-14 0.0 7.262028e-16 1.26165308e-14 0.0 
21.375 1.2173408e-15 3.9936714e-14 0.0 1.0353164e-15 1.29600972e-14 0.0 
21.625 1.3175144e-15 3.56775108e-14 0.0 7.505976e-16 1.54498112e-14 0.0 
21.875 1.3762852e-15 3.64678152e-14 0.0 2.045324e-16 1.26443736e-14 0.0 
22.125 2.093162e-15 3.20788732e-14 0.0 2.740164e-16 1.58781036e-14 0.0 
22.375 1.6760052e-15 3.55825344e-14 0.0 5.876444e-16 1.03795684e-14 0.0 
22.625 1.0419964e-15 3.5612332e-14 0.0 4.357256e-16 1.15574016e-14 0.0 
22.875 6.49438e-16 3.91003352e-14 0.0 7.286916e-16 1.01950396e-14 0.0 
23.125 1.0194192e-15 2.94088936e-14 0.0 5.597608e-16 9.6280736e-15 0.0 
23.375 7.567756e-16 2.87216304e-14 0.0 1.1617656e-15 1.05327e-14 0.0 
23.625 1.2543692e-15 2.8497948e-14 0.0 6.725248e-16 9.6085192e-15 0.0 
23.875 5.59564e-16 2.79816236e-14 0.0 1.12288e-16 9.3396792e-15 0.0 
24.125 6.34984e-16 2.57565528e-14 0.0 3.372384e-16 1.3988354e-14 0.0 
24.375 8.588836e-16 2.68043688e-14 0.0 4.840124e-16 9.263814e-15 0.0 
24.625 6.25966e-16 2.42769152e-14 0.0 5.168028e-16 1.4002348e-14 0.0 
24.875 9.50456e-16 2.40031164e-14 0.0 3.2852e-16 1.03173408e-14 0.0 
25.125 1.3250312e-15 2.5061188e-14 0.0 5.19964e-16 8.2020328e-15 0.0 
25.375 9.506728e-16 2.54891668e-14 0.0 3.920028e-16 7.9399048e-15 0.0 
25.625 4.886016e-16 2.2461928e-14 0.0 1.861576e-16 6.4401836e-15 0.0 
25.875 6.171752e-16 2.3320672e-14 0.0 3.500628e-16 7.364088e-15 0.0 
26.125 3.414628e-16 2.21254304e-14 0.0 1.349928e-16 6.5495348e-15 0.0 
26.375 6.240676e-16 2.06350648e-14 0.0 3.283204e-16 6.7807828e-15 0.0 
26.625 6.823468e-16 1.69429456e-14 0.0 2.589928e-16 6.5865096e-15 0.0 
26.875 6.607468e-16 1.71776488e-14 0.0 4.625172e-16 7.1551932e-15 0.0 
27.125 6.192032e-16 1.59236732e-14 0.0 1.870128e-16 7.3515136e-15 0.0 
27.375 2.936928e-16 1.7828756e-14 0.0 2.653752e-16 6.6211428e-15 0.0 
27.625 4.876364e-16 1.50980052e-14 0.0 0.0 5.30522e-15 0.0 
27.875 3.48974e-16 1.61083288e-14 0.0 3.60682e-16 5.4117632e-15 0.0 
28.125 1.0309232e-15 1.54609656e-14 0.0 0.0 1.35357344e-14 0.0 
28.375 2.042736e-16 1.38474232e-14 0.0 3.812372e-16 5.8956124e-15 0.0 
28.625 0.0 1.378081e-14 0.0 1.38724e-16 5.6992572e-15 0.0 
28.875 1.55246e-16 1.42166952e-14 0.0 0.0 4.3306276e-15 0.0 
29.125 4.740452e-16 1.33121076e-14 0.0 0.0 4.9811756e-15 0.0 
29.375 8.069292e-16 1.34271972e-14 0.0 0.0 3.529624e-15 0.0 
29.625 3.817196e-16 1.29063288e-14 0.0 0.0 3.2319052e-15 0.0 
29.875 4.021384e-16 1.23004312e-14 0.0 0.0 4.7487732e-15 0.0 
30.125 0.0 1.21366948e-14 0.0 2.111172e-16 3.9598696e-15 0.0 
30.375 1.480568e-16 1.17205308e-14 0.0 1.469492e-16 4.6504884e-15 0.0 
30.625 1.597124e-16 1.08788564e-14 0.0 1.750312e-16 3.9672124e-15 0.0 
30.875 0.0 1.07941684e-14 0.0 1.808092e-16 4.1258476e-15 0.0 
31.125 0.0 1.16339776e-14 0.0 0.0 5.821642e-15 0.0 
31.375 0.0 9.2688876e-15 0.0 0.0 4.9754744e-15 0.0 
31.625 0.0 7.7829768e-15 0.0 2.052512e-16 3.1413176e-15 0.0 
31.875 0.0 9.0226352e-15 0.0 0.0 4.020652e-15 0.0 
32.125 1.949172e-16 9.1550304e-15 0.0 0.0 2.6752548e-15 0.0 
32.375 2.890792e-16 9.436566e-15 0.0 0.0 2.861324e-15 0.0 
32.625 0.0 9.0148656e-15 0.0 0.0 3.6358072e-15 0.0 
32.875 0.0 7.6638416e-15 0.0 1.835228e-16 3.2384892e-15 0.0 
33.125 0.0 7.6356636e-15 0.0 0.0 2.9986456e-15 0.0 
33.375 0.0 7.143686e-15 0.0 1.912412e-16 3.0443716e-15 0.0 
33.625 0.0 5.246342e-15 0.0 0.0 2.1610032e-15 0.0 
33.875 0.0 5.800238e-15 0.0 0.0 2.3494004e-15 0.0 
34.125 0.0 5.0841884e-15 0.0 0.0 2.7029424e-15 0.0 
34.375 0.0 5.4618336e-15 0.0 0.0 1.4484612e-15 0.0 
34.625 0.0 5.0699448e-15 0.0 0.0 2.1262404e-15 0.0 
34.875 0.0 5.311186e-15 0.0 0.0 2.4870048e-15 0.0 
35.125 0.0 6.9050696e-15 0.0 0.0 1.4276456e-15 0.0 
35.375 3.125304e-16 5.465696e-15 0.0 0.0 2.2166252e-15 0.0 
35.625 0.0 5.3722532e-15 0.0 0.0 1.0391892e-15 0.0 
35.875 6.343484e-16 5.624142e-15 0.0 0.0 1.4038392e-15 0.0 
36.125 0.0 5.873336e-15 0.0 0.0 2.3148712e-15 0.0 
36.375 0.0 4.6988868e-15 0.0 0.0 7.21352e-16 0.0 
36.625 0.0 2.0151196e-15 0.0 0.0 1.2830912e-15 0.0 
36.875 0.0 4.26849e-15 0.0 0.0 1.8583388e-15 0.0 
37.125 0.0 3.0103608e-15 0.0 2.52654e-16 9.409832e-16 0.0 
37.375 0.0 4.7585128e-15 0.0 0.0 1.7133288e-15 0.0 
37.625 0.0 3.6712292e-15 0.0 0.0 1.9337728e-15 0.0 
37.875 0.0 3.3271536e-15 0.0 0.0 1.5663028e-15 0.0 
38.125 0.0 4.1634168e-15 0.0 0.0 1.7178972e-15 0.0 
38.375 2.78274e-16 5.2203396e-15 0.0 0.0 1.805928e-15 0.0 
38.625 0.0 2.847922e-15 0.0 0.0 1.0149844e-15 0.0 
38.875 0.0 3.094088e-15 0.0 0.0 1.9957836e-15 0.0 
39.125 0.0 2.9221208e-15 0.0 0.0 1.6699164e-15 0.0 
39.375 0.0 2.3261692e-15 0.0 0.0 8.444888e-16 0.0 
39.625 0.0 4.2890164e-15 0.0 0.0 1.28687e-15 0.0 
39.875 0.0 1.9559104e-15 0.0 0.0 6.49476e-16 0.0 
40.125 0.0 2.6387004e-15 0.0 0.0 0.0 0.0 
40.375 0.0 3.7842784e-15 0.0 0.0 1.111698e-15 0.0 
40.625 0.0 6.764296e-16 0.0 0.0 6.752552e-16 0.0 
40.875 0.0 2.0506672e-15 0.0 0.0 1.139928e-15 0.0 
41.125 0.0 3.2347324e-15 0.0 3.813936e-16 4.606108e-16 0.0 
41.375 0.0 2.8049704e-15 0.0 0.0 6.997608e-16 0.0 
41.625 0.0 1.1824264e-15 0.0 0.0 9.462316e-16 0.0 
41.875 0.0 4.785364e-16 0.0 0.0 4.781756e-16 0.0 
42.125 4.22448e-16 2.6642364e-15 0.0 0.0 4.845708e-16 0.0 
42.375 0.0 1.7126708e-15 0.0 3.3494e-16 7.342492e-16 0.0 
42.625 0.0 2.2350824e-15 0.0 0.0 2.471088e-16 0.0 
42.875 0.0 2.2520196e-15 0.0 0.0 7.527728e-16 0.0 
43.125 0.0 1.0174232e-15 0.0 0.0 2.547728e-16 0.0 
43.375 0.0 3.338212e-15 0.0 0.0 2.555352e-16 0.0 
43.625 0.0 7.79306e-16 0.0 0.0 5.214644e-16 0.0 
43.875 0.0 7.879792e-16 0.0 0.0 2.637928e-16 0.0 
44.125 0.0 7.950624e-16 0.0 0.0 1.0647708e-15 0.0 
44.375 0.0 1.3428752e-15 0.0 0.0 1.074178e-15 0.0 
44.625 0.0 8.173992e-16 0.0 0.0 5.443852e-16 0.0 
44.875 0.0 2.73814e-16 0.0 0.0 8.258656e-16 0.0 
45.125 0.0 1.6646348e-15 0.0 0.0 2.765376e-16 0.0 
45.375 0.0 5.616548e-16 0.0 0.0 1.4061212e-15 0.0 
45.625 0.0 1.135002e-15 0.0 0.0 2.840512e-16 0.0 
45.875 0.0 2.867248e-16 0.0 0.0 2.871248e-16 0.0 
46.125 0.0 0.0 0.0 0.0 2.912796e-16 0.0 
46.375 0.0 1.1725952e-15 0.0 0.0 0.0 0.0 
46.625 5.65448e-16 5.921336e-16 0.0 0.0 2.978396e-16 0.0 
46.875 0.0 2.9974e-16 0.0 0.0 2.996996e-16 0.0 
47.125 0.0 6.091084e-16 0.0 0.0 0.0 0.0 
47.375 0.0 3.04812e-16 0.0 0.0 0.0 0.0 
47.625 0.0 0.0 0.0 0.0 0.0 0.0 
47.875 0.0 0.0 0.0 0.0 3.119508e-16 0.0 
48.125 0.0 9.4866e-16 0.0 0.0 3.156784e-16 0.0 
48.375 0.0 0.0 0.0 0.0 0.0 0.0 
48.625 0.0 3.213484e-16 0.0 0.0 3.226668e-16 0.0 
48.875 0.0 3.262512e-16 0.0 0.0 0.0 0.0 
49.125 0.0 3.277984e-16 0.0 0.0 3.29676e-16 0.0 
49.375 0.0 6.666888e-16 0.0 0.0 6.651504e-16 0.0 
49.625 0.0 6.7186e-16 0.0 0.0 0.0 0.0 
49.875 0.0 0.0 0.0 0.0 0.0 0.0 
50.125 0.0 3.428508e-16 0.0 0.0 0.0 0.0 
50.375 0.0 1.0391684e-15 0.0 0.0 3.465876e-16 0.0 
50.625 0.0 0.0 0.0 0.0 0.0 0.0 
50.875 0.0 0.0 0.0 0.0 0.0 0.0 
51.125 0.0 3.549924e-16 0.0 0.0 0.0 0.0 
51.375 0.0 0.0 0.0 0.0 0.0 0.0 
51.625 0.0 0.0 0.0 0.0 0.0 0.0 
51.875 0.0 3.679628e-16 0.0 0.0 0.0 0.0 
52.125 0.0 0.0 0.0 0.0 0.0 0.0 
52.375 0.0 0.0 0.0 0.0 0.0 0.0 
52.625 0.0 0.0 0.0 0.0 0.0 0.0 
52.875 0.0 3.8166e-16 0.0 0.0 1.1448188e-15 0.0 
53.125 0.0 3.867836e-16 0.0 0.0 0.0 0.0 
53.375 0.0 3.871912e-16 0.0 0.0 0.0 0.0 
53.625 0.0 3.912304e-16 0.0 0.0 0.0 0.0 
53.875 0.0 0.0 0.0 0.0 0.0 0.0 
54.125 0.0 0.0 0.0 0.0 0.0 0.0 
54.375 0.0 4.0464e-16 0.0 0.0 0.0 0.0 
54.625 0.0 4.08896e-16 0.0 0.0 0.0 0.0 
54.875 0.0 0.0 0.0 0.0 0.0 0.0 
55.125 0.0 0.0 0.0 0.0 0.0 0.0 
55.375 0.0 0.0 0.0 0.0 0.0 0.0 
55.625 0.0 0.0 0.0 0.0 4.23136e-16 0.0 
55.875 0.0 0.0 0.0 0.0 0.0 0.0 
56.125 0.0 0.0 0.0 0.0 0.0 0.0 
56.375 0.0 0.0 0.0 0.0 0.0 0.0 
56.625 0.0 0.0 0.0 0.0 0.0 0.0 
56.875 0.0 0.0 0.0 0.0 0.0 0.0 
57.125 0.0 0.0 0.0 0.0 0.0 0.0 
57.375 0.0 0.0 0.0 0.0 0.0 0.0 
57.625 0.0 0.0 0.0 0.0 0.0 0.0 
57.875 0.0 0.0 0.0 0.0 0.0 0.0 
58.125 0.0 0.0 0.0 0.0 4.5934e-16 0.0 
58.375 0.0 0.0 0.0 0.0 0.0 0.0 
58.625 0.0 0.0 0.0 0.0 0.0 0.0 
58.875 0.0 0.0 0.0 0.0 0.0 0.0 
59.125 0.0 4.78208e-16 0.0 0.0 0.0 0.0 
59.375 0.0 0.0 0.0 0.0 0.0 0.0 
59.625 0.0 0.0 0.0 0.0 0.0 0.0 
59.875 0.0 0.0 0.0 0.0 0.0 0.0 
60.125 0.0 0.0 0.0 0.0 0.0 0.0 
60.375 0.0 0.0 0.0 0.0 0.0 0.0 
60.625 0.0 0.0 0.0 0.0 0.0 0.0 
60.875 0.0 0.0 0.0 0.0 0.0 0.0 
61.125 0.0 0.0 0.0 0.0 0.0 0.0 
61.375 0.0 0.0 0.0 0.0 0.0 0.0 
61.625 0.0 0.0 0.0 0.0 0.0 0.0 
61.875 0.0 0.0 0.0 0.0 0.0 0.0 
62.125 0.0 0.0 0.0 0.0 0.0 0.0 
62.375 0.0 0.0 0.0 0.0 0.0 0.0 
62.625 0.0 0.0 0.0 0.0 0.0 0.0 
62.875 0.0 0.0 0.0 0.0 0.0 0.0 
63.125 0.0 0.0 0.0 0.0 0.0 0.0 
63.375 0.0 0.0 0.0 0.0 0.0 0.0 
63.625 0.0 0.0 0.0 0.0 0.0 0.0 
63.875 0.0 0.0 0.0 0.0 0.0 0.0 
64.125 0.0 0.0 0.0 0.0 0.0 0.0 
64.375 0.0 0.0 0.0 0.0 0.0 0.0 
64.625 0.0 0.0 0.0 0.0 0.0 0.0 
64.875 0.0 0.0 0.0 0.0 0.0 0.0 
65.125 0.0 0.0 0.0 0.0 0.0 0.0 
65.375 0.0 0.0 0.0 0.0 0.0 0.0 
65.625 0.0 0.0 0.0 0.0 0.0 0.0 
65.875 0.0 0.0 0.0 0.0 0.0 0.0 
66.125 0.0 0.0 0.0 0.0 0.0 0.0 
66.375 0.0 0.0 0.0 0.0 0.0 0.0 
66.625 0.0 0.0 0.0 0.0 0.0 0.0 
66.875 0.0 0.0 0.0 0.0 0.0 0.0 
67.125 0.0 0.0 0.0 0.0 0.0 0.0 
67.375 0.0 0.0 0.0 0.0 0.0 0.0 
67.625 0.0 0.0 0.0 0.0 0.0 0.0 
67.875 0.0 0.0 0.0 0.0 0.0 0.0 
68.125 0.0 0.0 0.0 0.0 0.0 0.0 
68.375 0.0 0.0 0.0 0.0 0.0 0.0 
68.625 0.0 0.0 0.0 0.0 0.0 0.0 
68.875 0.0 0.0 0.0 0.0 0.0 0.0 
69.125 0.0 0.0 0.0 0.0 0.0 0.0 
69.375 0.0 0.0 0.0 0.0 0.0 0.0 
69.625 0.0 0.0 0.0 0.0 0.0 0.0 
69.875 0.0 0.0 0.0 0.0 0.0 0.0 
70.125 0.0 0.0 0.0 0.0 0.0 0.0 
70.375 0.0 0.0 0.0 0.0 0.0 0.0 
70.625 0.0 0.0 0.0 0.0 0.0 0.0 
70.875 0.0 0.0 0.0 0.0 0.0 0.0 
71.125 0.0 0.0 0.0 0.0 0.0 0.0 
71.375 0.0 0.0 0.0 0.0 0.0 0.0 
71.625 0.0 0.0 0.0 0.0 0.0 0.0 
71.875 0.0 0.0 0.0 0.0 0.0 0.0 
72.125 0.0 0.0 0.0 0.0 0.0 0.0 
72.375 0.0 0.0 0.0 0.0 0.0 0.0 
72.625 0.0 0.0 0.0 0.0 0.0 0.0 
72.875 0.0 0.0 0.0 0.0 0.0 0.0 
73.125 0.0 0.0 0.0 0.0 0.0 0.0 
73.375 0.0 0.0 0.0 0.0 0.0 0.0 
73.625 0.0 0.0 0.0 0.0 0.0 0.0 
73.875 0.0 0.0 0.0 0.0 0.0 0.0 
74.125 0.0 0.0 0.0 0.0 0.0 0.0 
74.375 0.0 0.0 0.0 0.0 0.0 0.0 
74.625 0.0 0.0 0.0 0.0 0.0 0.0 
74.875 0.0 0.0 0.0 0.0 0.0 0.0 
75.125 0.0 0.0 0.0 0.0 0.0 0.0 
75.375 0.0 0.0 0.0 0.0 0.0 0.0 
75.625 0.0 0.0 0.0 0.0 0.0 0.0 
75.875 0.0 0.0 0.0 0.0 0.0 0.0 
76.125 0.0 0.0 0.0 0.0 0.0 0.0 
76.375 0.0 0.0 0.0 0.0 0.0 0.0 
76.625 0.0 0.0 0.0 0.0 0.0 0.0 
76.875 0.0 0.0 0.0 0.0 0.0 0.0 
77.125 0.0 0.0 0.0 0.0 0.0 0.0 
77.375 0.0 0.0 0.0 0.0 0.0 0.0 
77.625 0.0 0.0 0.0 0.0 0.0 0.0 
77.875 0.0 0.0 0.0 0.0 0.0 0.0 
78.125 0.0 0.0 0.0 0.0 0.0 0.0 
78.375 0.0 0.0 0.0 0.0 0.0 0.0 
78.625 0.0 0.0 0.0 0.0 0.0 0.0 
78.875 0.0 0.0 0.0 0.0 0.0 0.0 
79.125 0.0 0.0 0.0 0.0 0.0 0.0 
79.375 0.0 0.0 0.0 0.0 0.0 0.0 
79.625 0.0 0.0 0.0 0.0 0.0 0.0 
79.875 0.0 0.0 0.0 0.0 0.0 0.0 
80.125 0.0 0.0 0.0 0.0 0.0 0.0 
80.375 0.0 0.0 0.0 0.0 0.0 0.0 
80.625 0.0 0.0 0.0 0.0 0.0 0.0 
80.875 0.0 0.0 0.0 0.0 0.0 0.0 
81.125 0.0 0.0 0.0 0.0 0.0 0.0 
81.375 0.0 0.0 0.0 0.0 0.0 0.0 
81.625 0.0 0.0 0.0 0.0 0.0 0.0 
81.875 0.0 0.0 0.0 0.0 0.0 0.0 
82.125 0.0 0.0 0.0 0.0 0.0 0.0 
82.375 0.0 0.0 0.0 0.0 0.0 0.0 
82.625 0.0 0.0 0.0 0.0 0.0 0.0 
82.875 0.0 0.0 0.0 0.0 0.0 0.0 
83.125 0.0 0.0 0.0 0.0 0.0 0.0 
83.375 0.0 0.0 0.0 0.0 0.0 0.0 
83.625 0.0 0.0 0.0 0.0 0.0 0.0 
83.875 0.0 0.0 0.0 0.0 0.0 0.0 
84.125 0.0 0.0 0.0 0.0 0.0 0.0 
84.375 0.0 0.0 0.0 0.0 0.0 0.0 
84.625 0.0 0.0 0.0 0.0 0.0 0.0 
84.875 0.0 0.0 0.0 0.0 0.0 0.0 
85.125 0.0 0.0 0.0 0.0 0.0 0.0 
85.375 0.0 0.0 0.0 0.0 0.0 0.0 
85.625 0.0 0.0 0.0 0.0 0.0 0.0 
85.875 0.0 0.0 0.0 0.0 0.0 0.0 
86.125 0.0 0.0 0.0 0.0 0.0 0.0 
86.375 0.0 0.0 0.0 0.0 0.0 0.0 
86.625 0.0 0.0 0.0 0.0 0.0 0.0 
86.875 0.0 0.0 0.0 0.0 0.0 0.0 
87.125 0.0 0.0 0.0 0.0 0.0 0.0 
87.375 0.0 0.0 0.0 0.0 0.0 0.0 
87.625 0.0 0.0 0.0 0.0 0.0 0.0 
87.875 0.0 0.0 0.0 0.0 0.0 0.0 
88.125 0.0 0.0 0.0 0.0 0.0 0.0 
88.375 0.0 0.0 0.0 0.0 0.0 0.0 
88.625 0.0 0.0 0.0 0.0 0.0 0.0 
88.875 0.0 0.0 0.0 0.0 0.0 0.0 
89.125 0.0 0.0 0.0 0.0 0.0 0.0 
89.375 0.0 0.0 0.0 0.0 0.0 0.0 
89.625 0.0 0.0 0.0 0.0 0.0 0.0 
89.875 0.0 0.0 0.0 0.0 0.0 0.0 
90.125 0.0 0.0 0.0 0.0 0.0 0.0 
90.375 0.0 0.0 0.0 0.0 0.0 0.0 
90.625 0.0 0.0 0.0 0.0 0.0 0.0 
90.875 0.0 0.0 0.0 0.0 0.0 0.0 
91.125 0.0 0.0 0.0 0.0 0.0 0.0 
91.375 0.0 0.0 0.0 0.0 0.0 0.0 
91.625 0.0 0.0 0.0 0.0 0.0 0.0 
91.875 0.0 0.0 0.0 0.0 0.0 0.0 
92.125 0.0 0.0 0.0 0.0 0.0 0.0 
92.375 0.0 0.0 0.0 0.0 0.0 0.0 
92.625 0.0 0.0 0.0 0.0 0.0 0.0 
92.875 0.0 0.0 0.0 0.0 0.0 0.0 
93.125 0.0 0.0 0.0 0.0 0.0 0.0 
93.375 0.0 0.0 0.0 0.0 0.0 0.0 
93.625 0.0 0.0 0.0 0.0 0.0 0.0 
93.875 0.0 0.0 0.0 0.0 0.0 0.0 
94.125 0.0 0.0 0.0 0.0 0.0 0.0 
94.375 0.0 0.0 0.0 0.0 0.0 0.0 
94.625 0.0 0.0 0.0 0.0 0.0 0.0 
94.875 0.0 0.0 0.0 0.0 0.0 0.0 
95.125 0.0 0.0 0.0 0.0 0.0 0.0 
95.375 0.0 0.0 0.0 0.0 0.0 0.0 
95.625 0.0 0.0 0.0 0.0 0.0 0.0 
95.875 0.0 0.0 0.0 0.0 0.0 0.0 
96.125 0.0 0.0 0.0 0.0 0.0 0.0 
96.375 0.0 0.0 0.0 0.0 0.0 0.0 
96.625 0.0 0.0 0.0 0.0 0.0 0.0 
96.875 0.0 0.0 0.0 0.0 0.0 0.0 
97.125 0.0 0.0 0.0 0.0 0.0 0.0 
97.375 0.0 0.0 0.0 0.0 0.0 0.0 
97.625 0.0 0.0 0.0 0.0 0.0 0.0 
97.875 0.0 0.0 0.0 0.0 0.0 0.0 
98.125 0.0 0.0 0.0 0.0 0.0 0.0 
98.375 0.0 0.0 0.0 0.0 0.0 0.0 
98.625 0.0 0.0 0.0 0.0 0.0 0.0 
98.875 0.0 0.0 0.0 0.0 0.0 0.0 
99.125 0.0 0.0 0.0 0.0 0.0 0.0 
99.375 0.0 0.0 0.0 0.0 0.0 0.0 
99.625 0.0 0.0 0.0 0.0 0.0 0.0 
99.875 0.0 0.0 0.0 0.0 0.0 0.0 
100.125 0.0 0.0 0.0 0.0 0.0 0.0 
100.375 0.0 0.0 0.0 0.0 0.0 0.0 
100.625 0.0 0.0 0.0 0.0 0.0 0.0 
100.875 0.0 0.0 0.0 0.0 0.0 0.0 
101.125 0.0 0.0 0.0 0.0 0.0 0.0 
101.375 0.0 0.0 0.0 0.0 0.0 0.0 
101.625 0.0 0.0 0.0 0.0 0.0 0.0 
101.875 0.0 0.0 0.0 0.0 0.0 0.0 
102.125 0.0 0.0 0.0 0.0 0.0 0.0 
102.375 0.0 0.0 0.0 0.0 0.0 0.0 
102.625 0.0 0.0 0.0 0.0 0.0 0.0 
102.875 0.0 0.0 0.0 0.0 0.0 0.0 
103.125 0.0 0.0 0.0 0.0 0.0 0.0 
103.375 0.0 0.0 0.0 0.0 0.0 0.0 
103.625 0.0 0.0 0.0 0.0 0.0 0.0 
103.875 0.0 0.0 0.0 0.0 0.0 0.0 
104.125 0.0 0.0 0.0 0.0 0.0 0.0 
104.375 0.0 0.0 0.0 0.0 0.0 0.0 
104.625 0.0 0.0 0.0 0.0 0.0 0.0 
104.875 0.0 0.0 0.0 0.0 0.0 0.0 
105.125 0.0 0.0 0.0 0.0 0.0 0.0 
105.375 0.0 0.0 0.0 0.0 0.0 0.0 
105.625 0.0 0.0 0.0 0.0 0.0 0.0 
105.875 0.0 0.0 0.0 0.0 0.0 0.0 
106.125 0.0 0.0 0.0 0.0 0.0 0.0 
106.375 0.0 0.0 0.0 0.0 0.0 0.0 
106.625 0.0 0.0 0.0 0.0 0.0 0.0 
106.875 0.0 0.0 0.0 0.0 0.0 0.0 
107.125 0.0 0.0 0.0 0.0 0.0 0.0 
107.375 0.0 0.0 0.0 0.0 0.0 0.0 
107.625 0.0 0.0 0.0 0.0 0.0 0.0 
107.875 0.0 0.0 0.0 0.0 0.0 0.0 
108.125 0.0 0.0 0.0 0.0 0.0 0.0 
108.375 0.0 0.0 0.0 0.0 0.0 0.0 
108.625 0.0 0.0 0.0 0.0 0.0 0.0 
108.875 0.0 0.0 0.0 0.0 0.0 0.0 
109.125 0.0 0.0 0.0 0.0 0.0 0.0 
109.375 0.0 0.0 0.0 0.0 0.0 0.0 
109.625 0.0 0.0 0.0 0.0 0.0 0.0 
109.875 0.0 0.0 0.0 0.0 0.0 0.0 
110.125 0.0 0.0 0.0 0.0 0.0 0.0 
110.375 0.0 0.0 0.0 0.0 0.0 0.0 
110.625 0.0 0.0 0.0 0.0 0.0 0.0 
110.875 0.0 0.0 0.0 0.0 0.0 0.0 
111.125 0.0 0.0 0.0 0.0 0.0 0.0 
111.375 0.0 0.0 0.0 0.0 0.0 0.0 
111.625 0.0 0.0 0.0 0.0 0.0 0.0 
111.875 0.0 0.0 0.0 0.0 0.0 0.0 
112.125 0.0 0.0 0.0 0.0 0.0 0.0 
112.375 0.0 0.0 0.0 0.0 0.0 0.0 
112.625 0.0 0.0 0.0 0.0 0.0 0.0 
112.875 0.0 0.0 0.0 0.0 0.0 0.0 
113.125 0.0 0.0 0.0 0.0 0.0 0.0 
113.375 0.0 0.0 0.0 0.0 0.0 0.0 
113.625 0.0 0.0 0.0 0.0 0.0 0.0 
113.875 0.0 0.0 0.0 0.0 0.0 0.0 
114.125 0.0 0.0 0.0 0.0 0.0 0.0 
114.375 0.0 0.0 0.0 0.0 0.0 0.0 
114.625 0.0 0.0 0.0 0.0 0.0 0.0 
114.875 0.0 0.0 0.0 0.0 0.0 0.0 
115.125 0.0 0.0 0.0 0.0 0.0 0.0 
115.375 0.0 0.0 0.0 0.0 0.0 0.0 
115.625 0.0 0.0 0.0 0.0 0.0 0.0 
115.875 0.0 0.0 0.0 0.0 0.0 0.0 
116.125 0.0 0.0 0.0 0.0 0.0 0.0 
116.375 0.0 0.0 0.0 0.0 0.0 0.0 
116.625 0.0 0.0 0.0 0.0 0.0 0.0 
116.875 0.0 0.0 0.0 0.0 0.0 0.0 
117.125 0.0 0.0 0.0 0.0 0.0 0.0 
117.375 0.0 0.0 0.0 0.0 0.0 0.0 
117.625 0.0 0.0 0.0 0.0 0.0 0.0 
117.875 0.0 0.0 0.0 0.0 0.0 0.0 
118.125 0.0 0.0 0.0 0.0 0.0 0.0 
118.375 0.0 0.0 0.0 0.0 0.0 0.0 
118.625 0.0 0.0 0.0 0.0 0.0 0.0 
118.875 0.0 0.0 0.0 0.0 0.0 0.0 
119.125 0.0 0.0 0.0 0.0 0.0 0.0 
119.375 0.0 0.0 0.0 0.0 0.0 0.0 
119.625 0.0 0.0 0.0 0.0 0.0 0.0 
119.875 0.0 0.0 0.0 0.0 0.0 0.0 
120.125 0.0 0.0 0.0 0.0 0.0 0.0 
120.375 0.0 0.0 0.0 0.0 0.0 0.0 
120.625 0.0 0.0 0.0 0.0 0.0 0.0 
120.875 0.0 0.0 0.0 0.0 0.0 0.0 
121.125 0.0 0.0 0.0 0.0 0.0 0.0 
121.375 0.0 0.0 0.0 0.0 0.0 0.0 
121.625 0.0 0.0 0.0 0.0 0.0 0.0 
121.875 0.0 0.0 0.0 0.0 0.0 0.0 
122.125 0.0 0.0 0.0 0.0 0.0 0.0 
122.375 0.0 0.0 0.0 0.0 0.0 0.0 
122.625 0.0 0.0 0.0 0.0 0.0 0.0 
122.875 0.0 0.0 0.0 0.0 0.0 0.0 
123.125 0.0 0.0 0.0 0.0 0.0 0.0 
123.375 0.0 0.0 0.0 0.0 0.0 0.0 
123.625 0.0 0.0 0.0 0.0 0.0 0.0 
123.875 0.0 0.0 0.0 0.0 0.0 0.0 
124.125 0.0 0.0 0.0 0.0 0.0 0.0 
124.375 0.0 0.0 0.0 0.0 0.0 0.0 
124.625 0.0 0.0 0.0 0.0 0.0 0.0 
124.875 0.0 0.0 0.0 0.0 0.0 0.0 
125.125 0.0 0.0 0.0 0.0 0.0 0.0 
